1 -37500 -12500 12500 0 0 -20000 -10000 32015.6 16007.8
2 -75000 -25000 25000 0 0 -40000 -20000 64031.2 32015.6
3 -112500 -37500 37500 0 0 -60000 -30000 96046.9 48023.4
4 -150000 -50000 50000 0 0 -80000 -40000 128062 64031.2
5 -187500 -62500 62500 0 0 -100000 -50000 160078 80039.1
6 -225000 -75000 75000 0 0 -120000 -60000 192094 96046.9
7 -262500 -87500 87500 0 0 -140000 -70000 224109 112055
8 -300000 -100000 100000 0 0 -160000 -80000 256125 128062
9 -337500 -112500 112500 0 0 -180000 -90000 288141 144070
10 -375000 -125000 125000 0 0 -200000 -100000 320156 160078
11 -412500 -137500 137500 0 0 -220000 -110000 352172 176086
12 -450000 -150000 150000 0 0 -240000 -120000 384187 192094
13 -487500 -162500 162500 0 0 -260000 -130000 416203 208102
14 -525000 -175000 175000 0 0 -280000 -140000 448219 224109
15 -562500 -187500 187500 0 0 -300000 -150000 480234 240117
16 -600000 -200000 200000 0 0 -320000 -160000 512250 256125
17 -637500 -212500 212500 0 0 -340000 -170000 544266 272133
18 -675000 -225000 225000 0 0 -360000 -180000 576281 288141
19 -712500 -237500 237500 0 0 -380000 -190000 608297 304148
20 -750000 -250000 250000 0 0 -400000 -200000 640312 320156
21 -787500 -262500 262500 0 0 -420000 -210000 672328 336164
22 -825000 -275000 275000 0 0 -440000 -220000 704344 352172
23 -862500 -287500 287500 0 0 -460000 -230000 736359 368180
24 -900000 -300000 300000 0 0 -480000 -240000 768375 384187
25 -937500 -312500 312500 0 0 -500000 -250000 800391 400195
26 -975000 -325000 325000 0 0 -520000 -260000 832406 416203
27 -1.0125e+06 -337500 337500 0 0 -540000 -270000 864422 432211
28 -1.05e+06 -350000 350000 0 0 -560000 -280000 896437 448219
29 -1.0875e+06 -362500 362500 0 0 -580000 -290000 928453 464227
30 -1.125e+06 -375000 375000 0 0 -600000 -300000 960469 480234
31 -1.1625e+06 -387500 387500 0 0 -620000 -310000 992484 496242
32 -1.2e+06 -400000 400000 0 0 -640000 -320000 1.0245e+06 512250
33 -1.2375e+06 -412500 412500 0 0 -660000 -330000 1.05652e+06 528258
34 -1.275e+06 -425000 425000 0 0 -680000 -340000 1.08853e+06 544266
35 -1.3125e+06 -437500 437500 0 0 -700000 -350000 1.12055e+06 560273
36 -1.35e+06 -450000 450000 0 0 -720000 -360000 1.15256e+06 576281
37 -1.3875e+06 -462500 462500 0 0 -740000 -370000 1.18458e+06 592289
38 -1.425e+06 -475000 475000 0 0 -760000 -380000 1.21659e+06 608297
39 -1.4625e+06 -487500 487500 0 0 -780000 -390000 1.24861e+06 624305
40 -1.5e+06 -500000 500000 0 0 -800000 -400000 1.28062e+06 640312
41 -1.5375e+06 -512500 512500 0 0 -820000 -410000 1.31264e+06 656320
42 -1.575e+06 -525000 525000 0 0 -840000 -420000 1.34466e+06 672328
43 -1.6125e+06 -537500 537500 0 0 -860000 -430000 1.37667e+06 688336
44 -1.65e+06 -550000 550000 0 0 -880000 -440000 1.40869e+06 704344
45 -1.6875e+06 -562500 562500 0 0 -900000 -450000 1.4407e+06 720351
46 -1.725e+06 -575000 575000 0 0 -920000 -460000 1.47272e+06 736359
47 -1.7625e+06 -587500 587500 0 0 -940000 -470000 1.50473e+06 752367
48 -1.8e+06 -600000 600000 0 0 -960000 -480000 1.53675e+06 768375
49 -1.8375e+06 -612500 612500 0 0 -980000 -490000 1.56877e+06 784383
50 -1.875e+06 -625000 625000 0 0 -1e+06 -500000 1.60078e+06 800391
51 -1.9125e+06 -637500 637500 0 0 -1.02e+06 -510000 1.6328e+06 816398
52 -1.95e+06 -650000 650000 0 0 -1.04e+06 -520000 1.66481e+06 832406
53 -1.9875e+06 -662500 662500 0 0 -1.06e+06 -530000 1.69683e+06 848414
54 -2.025e+06 -675000 675000 0 0 -1.08e+06 -540000 1.72884e+06 864422
55 -2.0625e+06 -687500 687500 0 0 -1.1e+06 -550000 1.76086e+06 880430
56 -2.1e+06 -700000 700000 0 0 -1.12e+06 -560000 1.79287e+06 896437
57 -2.1375e+06 -712500 712500 0 0 -1.14e+06 -570000 1.82489e+06 912445
58 -2.175e+06 -725000 725000 0 0 -1.16e+06 -580000 1.85691e+06 928453
59 -2.2125e+06 -737500 737500 0 0 -1.18e+06 -590000 1.88892e+06 944461
60 -2.25e+06 -750000 750000 0 0 -1.2e+06 -600000 1.92094e+06 960469
61 -2.2875e+06 -762500 762500 0 0 -1.22e+06 -610000 1.95295e+06 976476
62 -2.325e+06 -775000 775000 0 0 -1.24e+06 -620000 1.98497e+06 992484
63 -2.3625e+06 -787500 787500 0 0 -1.26e+06 -630000 2.01698e+06 1.00849e+06
64 -2.4e+06 -800000 800000 0 0 -1.28e+06 -640000 2.049e+06 1.0245e+06
65 -2.4375e+06 -812500 812500 0 0 -1.3e+06 -650000 2.08102e+06 1.04051e+06
66 -2.475e+06 -825000 825000 0 0 -1.32e+06 -660000 2.11303e+06 1.05652e+06
67 -2.5125e+06 -837500 837500 0 0 -1.34e+06 -670000 2.14505e+06 1.07252e+06
68 -2.55e+06 -850000 850000 0 0 -1.36e+06 -680000 2.17706e+06 1.08853e+06
69 -2.5875e+06 -862500 862500 0 0 -1.38e+06 -690000 2.20908e+06 1.10454e+06
70 -2.625e+06 -875000 875000 0 0 -1.4e+06 -700000 2.24109e+06 1.12055e+06
71 -2.6625e+06 -887500 887500 0 0 -1.42e+06 -710000 2.27311e+06 1.13655e+06
72 -2.7e+06 -900000 900000 0 0 -1.44e+06 -720000 2.30512e+06 1.15256e+06
73 -2.7375e+06 -912500 912500 0 0 -1.46e+06 -730000 2.33714e+06 1.16857e+06
74 -2.775e+06 -925000 925000 0 0 -1.48e+06 -740000 2.36916e+06 1.18458e+06
75 -2.8125e+06 -937500 937500 0 0 -1.5e+06 -750000 2.40117e+06 1.20059e+06
76 -2.85e+06 -950000 950000 0 0 -1.52e+06 -760000 2.43319e+06 1.21659e+06
77 -2.8875e+06 -962500 962500 0 0 -1.54e+06 -770000 2.4652e+06 1.2326e+06
78 -2.925e+06 -975000 975000 0 0 -1.56e+06 -780000 2.49722e+06 1.24861e+06
79 -2.9625e+06 -987500 987500 0 0 -1.58e+06 -790000 2.52923e+06 1.26462e+06
80 -3e+06 -1e+06 1e+06 0 0 -1.6e+06 -800000 2.56125e+06 1.28062e+06
81 -3.0375e+06 -1.0125e+06 1.0125e+06 0 0 -1.62e+06 -810000 2.59327e+06 1.29663e+06
82 -3.075e+06 -1.025e+06 1.025e+06 0 0 -1.64e+06 -820000 2.62528e+06 1.31264e+06
83 -3.1125e+06 -1.0375e+06 1.0375e+06 0 0 -1.66e+06 -830000 2.6573e+06 1.32865e+06
84 -3.15e+06 -1.05e+06 1.05e+06 0 0 -1.68e+06 -840000 2.68931e+06 1.34466e+06
85 -3.1875e+06 -1.0625e+06 1.0625e+06 0 0 -1.7e+06 -850000 2.72133e+06 1.36066e+06
86 -3.225e+06 -1.075e+06 1.075e+06 0 0 -1.72e+06 -860000 2.75334e+06 1.37667e+06
87 -3.2625e+06 -1.0875e+06 1.0875e+06 0 0 -1.74e+06 -870000 2.78536e+06 1.39268e+06
88 -3.3e+06 -1.1e+06 1.1e+06 0 0 -1.76e+06 -880000 2.81737e+06 1.40869e+06
89 -3.3375e+06 -1.1125e+06 1.1125e+06 0 0 -1.78e+06 -890000 2.84939e+06 1.4247e+06
90 -3.375e+06 -1.125e+06 1.125e+06 0 0 -1.8e+06 -900000 2.88141e+06 1.4407e+06
91 -3.4125e+06 -1.1375e+06 1.1375e+06 0 0 -1.82e+06 -910000 2.91342e+06 1.45671e+06
92 -3.45e+06 -1.15e+06 1.15e+06 0 0 -1.84e+06 -920000 2.94544e+06 1.47272e+06
93 -3.4875e+06 -1.1625e+06 1.1625e+06 0 0 -1.86e+06 -930000 2.97745e+06 1.48873e+06
94 -3.525e+06 -1.175e+06 1.175e+06 0 0 -1.88e+06 -940000 3.00947e+06 1.50473e+06
95 -3.5625e+06 -1.1875e+06 1.1875e+06 0 0 -1.9e+06 -950000 3.04148e+06 1.52074e+06
96 -3.6e+06 -1.2e+06 1.2e+06 0 0 -1.92e+06 -960000 3.0735e+06 1.53675e+06
97 -3.6375e+06 -1.2125e+06 1.2125e+06 0 0 -1.94e+06 -970000 3.10552e+06 1.55276e+06
98 -3.675e+06 -1.225e+06 1.225e+06 0 0 -1.96e+06 -980000 3.13753e+06 1.56877e+06
99 -3.7125e+06 -1.2375e+06 1.2375e+06 0 0 -1.98e+06 -990000 3.16955e+06 1.58477e+06
100 -3.75e+06 -1.25e+06 1.25e+06 0 0 -2e+06 -1e+06 3.20156e+06 1.60078e+06
