1 0 0 -0.0003125 -0.000937559 -0.000416667 -0.0019954 0 0 0.000104167 -0.00107089 0.000104167 -0.00206207
2 0 0 -0.000625 -0.00187512 -0.000833333 -0.0039908 0 0 0.000208333 -0.00214178 0.000208333 -0.00412413
3 0 0 -0.0009375 -0.00281268 -0.00125 -0.0059862 0 0 0.0003125 -0.00321268 0.0003125 -0.0061862
4 0 0 -0.00125 -0.00375023 -0.00166667 -0.0079816 0 0 0.000416667 -0.00428357 0.000416667 -0.00824827
5 0 0 -0.0015625 -0.00468779 -0.00208333 -0.009977 0 0 0.000520833 -0.00535446 0.000520833 -0.0103103
6 0 0 -0.001875 -0.00562535 -0.0025 -0.0119724 0 0 0.000625 -0.00642535 0.000625 -0.0123724
7 0 0 -0.0021875 -0.00656291 -0.00291667 -0.0139678 0 0 0.000729167 -0.00749624 0.000729167 -0.0144345
8 0 0 -0.0025 -0.00750047 -0.00333333 -0.0159632 0 0 0.000833333 -0.00856713 0.000833333 -0.0164965
9 0 0 -0.0028125 -0.00843803 -0.00375 -0.0179586 0 0 0.0009375 -0.00963803 0.0009375 -0.0185586
10 0 0 -0.003125 -0.00937559 -0.00416667 -0.019954 0 0 0.00104167 -0.0107089 0.00104167 -0.0206207
11 0 0 -0.0034375 -0.0103131 -0.00458333 -0.0219494 0 0 0.00114583 -0.0117798 0.00114583 -0.0226827
12 0 0 -0.00375 -0.0112507 -0.005 -0.0239448 0 0 0.00125 -0.0128507 0.00125 -0.0247448
13 0 0 -0.0040625 -0.0121883 -0.00541667 -0.0259402 0 0 0.00135417 -0.0139216 0.00135417 -0.0268069
14 0 0 -0.004375 -0.0131258 -0.00583333 -0.0279356 0 0 0.00145833 -0.0149925 0.00145833 -0.0288689
15 0 0 -0.0046875 -0.0140634 -0.00625 -0.029931 0 0 0.0015625 -0.0160634 0.0015625 -0.030931
16 0 0 -0.005 -0.0150009 -0.00666667 -0.0319264 0 0 0.00166667 -0.0171343 0.00166667 -0.0329931
17 0 0 -0.0053125 -0.0159385 -0.00708333 -0.0339218 0 0 0.00177083 -0.0182052 0.00177083 -0.0350551
18 0 0 -0.005625 -0.0168761 -0.0075 -0.0359172 0 0 0.001875 -0.0192761 0.001875 -0.0371172
19 0 0 -0.0059375 -0.0178136 -0.00791667 -0.0379126 0 0 0.00197917 -0.0203469 0.00197917 -0.0391793
20 0 0 -0.00625 -0.0187512 -0.00833333 -0.039908 0 0 0.00208333 -0.0214178 0.00208333 -0.0412413
21 0 0 -0.0065625 -0.0196887 -0.00875 -0.0419034 0 0 0.0021875 -0.0224887 0.0021875 -0.0433034
22 0 0 -0.006875 -0.0206263 -0.00916667 -0.0438988 0 0 0.00229167 -0.0235596 0.00229167 -0.0453655
23 0 0 -0.0071875 -0.0215638 -0.00958333 -0.0458942 0 0 0.00239583 -0.0246305 0.00239583 -0.0474275
24 0 0 -0.0075 -0.0225014 -0.01 -0.0478896 0 0 0.0025 -0.0257014 0.0025 -0.0494896
25 0 0 -0.0078125 -0.023439 -0.0104167 -0.049885 0 0 0.00260417 -0.0267723 0.00260417 -0.0515517
26 0 0 -0.008125 -0.0243765 -0.0108333 -0.0518804 0 0 0.00270833 -0.0278432 0.00270833 -0.0536137
27 0 0 -0.0084375 -0.0253141 -0.01125 -0.0538758 0 0 0.0028125 -0.0289141 0.0028125 -0.0556758
28 0 0 -0.00875 -0.0262516 -0.0116667 -0.0558712 0 0 0.00291667 -0.029985 0.00291667 -0.0577379
29 0 0 -0.0090625 -0.0271892 -0.0120833 -0.0578666 0 0 0.00302083 -0.0310559 0.00302083 -0.0597999
30 0 0 -0.009375 -0.0281268 -0.0125 -0.059862 0 0 0.003125 -0.0321268 0.003125 -0.061862
31 0 0 -0.0096875 -0.0290643 -0.0129167 -0.0618574 0 0 0.00322917 -0.0331976 0.00322917 -0.0639241
32 0 0 -0.01 -0.0300019 -0.0133333 -0.0638528 0 0 0.00333333 -0.0342685 0.00333333 -0.0659861
33 0 0 -0.0103125 -0.0309394 -0.01375 -0.0658482 0 0 0.0034375 -0.0353394 0.0034375 -0.0680482
34 0 0 -0.010625 -0.031877 -0.0141667 -0.0678436 0 0 0.00354167 -0.0364103 0.00354167 -0.0701103
35 0 0 -0.0109375 -0.0328145 -0.0145833 -0.069839 0 0 0.00364583 -0.0374812 0.00364583 -0.0721723
36 0 0 -0.01125 -0.0337521 -0.015 -0.0718344 0 0 0.00375 -0.0385521 0.00375 -0.0742344
37 0 0 -0.0115625 -0.0346897 -0.0154167 -0.0738298 0 0 0.00385417 -0.039623 0.00385417 -0.0762965
38 0 0 -0.011875 -0.0356272 -0.0158333 -0.0758252 0 0 0.00395833 -0.0406939 0.00395833 -0.0783585
39 0 0 -0.0121875 -0.0365648 -0.01625 -0.0778206 0 0 0.0040625 -0.0417648 0.0040625 -0.0804206
40 0 0 -0.0125 -0.0375023 -0.0166667 -0.079816 0 0 0.00416667 -0.0428357 0.00416667 -0.0824827
41 0 0 -0.0128125 -0.0384399 -0.0170833 -0.0818114 0 0 0.00427083 -0.0439066 0.00427083 -0.0845447
42 0 0 -0.013125 -0.0393775 -0.0175 -0.0838068 0 0 0.004375 -0.0449775 0.004375 -0.0866068
43 0 0 -0.0134375 -0.040315 -0.0179167 -0.0858022 0 0 0.00447917 -0.0460484 0.00447917 -0.0886689
44 0 0 -0.01375 -0.0412526 -0.0183333 -0.0877976 0 0 0.00458333 -0.0471192 0.00458333 -0.0907309
45 0 0 -0.0140625 -0.0421901 -0.01875 -0.089793 0 0 0.0046875 -0.0481901 0.0046875 -0.092793
46 0 0 -0.014375 -0.0431277 -0.0191667 -0.0917884 0 0 0.00479167 -0.049261 0.00479167 -0.0948551
47 0 0 -0.0146875 -0.0440653 -0.0195833 -0.0937838 0 0 0.00489583 -0.0503319 0.00489583 -0.0969171
48 0 0 -0.015 -0.0450028 -0.02 -0.0957792 0 0 0.005 -0.0514028 0.005 -0.0989792
49 0 0 -0.0153125 -0.0459404 -0.0204167 -0.0977746 0 0 0.00510417 -0.0524737 0.00510417 -0.101041
50 0 0 -0.015625 -0.0468779 -0.0208333 -0.09977 0 0 0.00520833 -0.0535446 0.00520833 -0.103103
51 0 0 -0.0159375 -0.0478155 -0.02125 -0.101765 0 0 0.0053125 -0.0546155 0.0053125 -0.105165
52 0 0 -0.01625 -0.048753 -0.0216667 -0.103761 0 0 0.00541667 -0.0556864 0.00541667 -0.107227
53 0 0 -0.0165625 -0.0496906 -0.0220833 -0.105756 0 0 0.00552083 -0.0567573 0.00552083 -0.10929
54 0 0 -0.016875 -0.0506282 -0.0225 -0.107752 0 0 0.005625 -0.0578282 0.005625 -0.111352
55 0 0 -0.0171875 -0.0515657 -0.0229167 -0.109747 0 0 0.00572917 -0.0588991 0.00572917 -0.113414
56 0 0 -0.0175 -0.0525033 -0.0233333 -0.111742 0 0 0.00583333 -0.0599699 0.00583333 -0.115476
57 0 0 -0.0178125 -0.0534408 -0.02375 -0.113738 0 0 0.0059375 -0.0610408 0.0059375 -0.117538
58 0 0 -0.018125 -0.0543784 -0.0241667 -0.115733 0 0 0.00604167 -0.0621117 0.00604167 -0.1196
59 0 0 -0.0184375 -0.055316 -0.0245833 -0.117729 0 0 0.00614583 -0.0631826 0.00614583 -0.121662
60 0 0 -0.01875 -0.0562535 -0.025 -0.119724 0 0 0.00625 -0.0642535 0.00625 -0.123724
61 0 0 -0.0190625 -0.0571911 -0.0254167 -0.121719 0 0 0.00635417 -0.0653244 0.00635417 -0.125786
62 0 0 -0.019375 -0.0581286 -0.0258333 -0.123715 0 0 0.00645833 -0.0663953 0.00645833 -0.127848
63 0 0 -0.0196875 -0.0590662 -0.02625 -0.12571 0 0 0.0065625 -0.0674662 0.0065625 -0.12991
64 0 0 -0.02 -0.0600037 -0.0266667 -0.127706 0 0 0.00666667 -0.0685371 0.00666667 -0.131972
65 0 0 -0.0203125 -0.0609413 -0.0270833 -0.129701 0 0 0.00677083 -0.069608 0.00677083 -0.134034
66 0 0 -0.020625 -0.0618789 -0.0275 -0.131696 0 0 0.006875 -0.0706789 0.006875 -0.136096
67 0 0 -0.0209375 -0.0628164 -0.0279167 -0.133692 0 0 0.00697917 -0.0717498 0.00697917 -0.138158
68 0 0 -0.02125 -0.063754 -0.0283333 -0.135687 0 0 0.00708333 -0.0728206 0.00708333 -0.140221
69 0 0 -0.0215625 -0.0646915 -0.02875 -0.137683 0 0 0.0071875 -0.0738915 0.0071875 -0.142283
70 0 0 -0.021875 -0.0656291 -0.0291667 -0.139678 0 0 0.00729167 -0.0749624 0.00729167 -0.144345
71 0 0 -0.0221875 -0.0665667 -0.0295833 -0.141673 0 0 0.00739583 -0.0760333 0.00739583 -0.146407
72 0 0 -0.0225 -0.0675042 -0.03 -0.143669 0 0 0.0075 -0.0771042 0.0075 -0.148469
73 0 0 -0.0228125 -0.0684418 -0.0304167 -0.145664 0 0 0.00760417 -0.0781751 0.00760417 -0.150531
74 0 0 -0.023125 -0.0693793 -0.0308333 -0.14766 0 0 0.00770833 -0.079246 0.00770833 -0.152593
75 0 0 -0.0234375 -0.0703169 -0.03125 -0.149655 0 0 0.0078125 -0.0803169 0.0078125 -0.154655
76 0 0 -0.02375 -0.0712544 -0.0316667 -0.15165 0 0 0.00791667 -0.0813878 0.00791667 -0.156717
77 0 0 -0.0240625 -0.072192 -0.0320833 -0.153646 0 0 0.00802083 -0.0824587 0.00802083 -0.158779
78 0 0 -0.024375 -0.0731296 -0.0325 -0.155641 0 0 0.008125 -0.0835296 0.008125 -0.160841
79 0 0 -0.0246875 -0.0740671 -0.0329167 -0.157637 0 0 0.00822917 -0.0846005 0.00822917 -0.162903
80 0 0 -0.025 -0.0750047 -0.0333333 -0.159632 0 0 0.00833333 -0.0856713 0.00833333 -0.164965
81 0 0 -0.0253125 -0.0759422 -0.03375 -0.161627 0 0 0.0084375 -0.0867422 0.0084375 -0.167027
82 0 0 -0.025625 -0.0768798 -0.0341667 -0.163623 0 0 0.00854167 -0.0878131 0.00854167 -0.169089
83 0 0 -0.0259375 -0.0778174 -0.0345833 -0.165618 0 0 0.00864583 -0.088884 0.00864583 -0.171152
84 0 0 -0.02625 -0.0787549 -0.035 -0.167614 0 0 0.00875 -0.0899549 0.00875 -0.173214
85 0 0 -0.0265625 -0.0796925 -0.0354167 -0.169609 0 0 0.00885417 -0.0910258 0.00885417 -0.175276
86 0 0 -0.026875 -0.08063 -0.0358333 -0.171604 0 0 0.00895833 -0.0920967 0.00895833 -0.177338
87 0 0 -0.0271875 -0.0815676 -0.03625 -0.1736 0 0 0.0090625 -0.0931676 0.0090625 -0.1794
88 0 0 -0.0275 -0.0825052 -0.0366667 -0.175595 0 0 0.00916667 -0.0942385 0.00916667 -0.181462
89 0 0 -0.0278125 -0.0834427 -0.0370833 -0.177591 0 0 0.00927083 -0.0953094 0.00927083 -0.183524
90 0 0 -0.028125 -0.0843803 -0.0375 -0.179586 0 0 0.009375 -0.0963803 0.009375 -0.185586
91 0 0 -0.0284375 -0.0853178 -0.0379167 -0.181581 0 0 0.00947917 -0.0974512 0.00947917 -0.187648
92 0 0 -0.02875 -0.0862554 -0.0383333 -0.183577 0 0 0.00958333 -0.0985221 0.00958333 -0.18971
93 0 0 -0.0290625 -0.0871929 -0.03875 -0.185572 0 0 0.0096875 -0.0995929 0.0096875 -0.191772
94 0 0 -0.029375 -0.0881305 -0.0391667 -0.187568 0 0 0.00979167 -0.100664 0.00979167 -0.193834
95 0 0 -0.0296875 -0.0890681 -0.0395833 -0.189563 0 0 0.00989583 -0.101735 0.00989583 -0.195896
96 0 0 -0.03 -0.0900056 -0.04 -0.191558 0 0 0.01 -0.102806 0.01 -0.197958
97 0 0 -0.0303125 -0.0909432 -0.0404167 -0.193554 0 0 0.0101042 -0.103877 0.0101042 -0.20002
98 0 0 -0.030625 -0.0918807 -0.0408333 -0.195549 0 0 0.0102083 -0.104947 0.0102083 -0.202083
99 0 0 -0.0309375 -0.0928183 -0.04125 -0.197545 0 0 0.0103125 -0.106018 0.0103125 -0.204145
100 0 0 -0.03125 -0.0937559 -0.0416667 -0.19954 0 0 0.0104167 -0.107089 0.0104167 -0.206207
