1 0 0 0 0 0 0 0 0 0 0.00189572 -0.000230906 -0.00459827 0.00186834 -0.000457775 0.00251853 0.00186745 1.33477e-05 -0.000736017
2 0 0 0 0 0 0 0 0 0 0.00379144 -0.000461811 -0.00919653 0.00373668 -0.000915551 0.00503706 0.0037349 2.66954e-05 -0.00147203
3 0 0 0 0 0 0 0 0 0 0.00568715 -0.000692717 -0.0137948 0.00560502 -0.00137333 0.00755559 0.00560235 4.00432e-05 -0.00220805
4 0 0 0 0 0 0 0 0 0 0.00758287 -0.000923623 -0.0183931 0.00747336 -0.0018311 0.0100741 0.0074698 5.33909e-05 -0.00294407
5 0 0 0 0 0 0 0 0 0 0.00947859 -0.00115453 -0.0229913 0.0093417 -0.00228888 0.0125926 0.00933725 6.67386e-05 -0.00368009
6 0 0 0 0 0 0 0 0 0 0.0113743 -0.00138543 -0.0275896 0.01121 -0.00274665 0.0151112 0.0112047 8.00863e-05 -0.0044161
7 0 0 0 0 0 0 0 0 0 0.01327 -0.00161634 -0.0321879 0.0130784 -0.00320443 0.0176297 0.0130722 9.3434e-05 -0.00515212
8 0 0 0 0 0 0 0 0 0 0.0151657 -0.00184725 -0.0367861 0.0149467 -0.0036622 0.0201482 0.0149396 0.000106782 -0.00588814
9 0 0 0 0 0 0 0 0 0 0.0170615 -0.00207815 -0.0413844 0.0168151 -0.00411998 0.0226668 0.0168071 0.000120129 -0.00662416
10 0 0 0 0 0 0 0 0 0 0.0189572 -0.00230906 -0.0459827 0.0186834 -0.00457775 0.0251853 0.0186745 0.000133477 -0.00736017
11 0 0 0 0 0 0 0 0 0 0.0208529 -0.00253996 -0.0505809 0.0205517 -0.00503553 0.0277038 0.020542 0.000146825 -0.00809619
12 0 0 0 0 0 0 0 0 0 0.0227486 -0.00277087 -0.0551792 0.0224201 -0.0054933 0.0302223 0.0224094 0.000160173 -0.00883221
13 0 0 0 0 0 0 0 0 0 0.0246443 -0.00300177 -0.0597775 0.0242884 -0.00595108 0.0327409 0.0242769 0.00017352 -0.00956823
14 0 0 0 0 0 0 0 0 0 0.0265401 -0.00323268 -0.0643757 0.0261568 -0.00640885 0.0352594 0.0261443 0.000186868 -0.0103042
15 0 0 0 0 0 0 0 0 0 0.0284358 -0.00346359 -0.068974 0.0280251 -0.00686663 0.0377779 0.0280118 0.000200216 -0.0110403
16 0 0 0 0 0 0 0 0 0 0.0303315 -0.00369449 -0.0735723 0.0298934 -0.00732441 0.0402965 0.0298792 0.000213564 -0.0117763
17 0 0 0 0 0 0 0 0 0 0.0322272 -0.0039254 -0.0781705 0.0317618 -0.00778218 0.042815 0.0317467 0.000226911 -0.0125123
18 0 0 0 0 0 0 0 0 0 0.0341229 -0.0041563 -0.0827688 0.0336301 -0.00823996 0.0453335 0.0336141 0.000240259 -0.0132483
19 0 0 0 0 0 0 0 0 0 0.0360186 -0.00438721 -0.0873671 0.0354985 -0.00869773 0.0478521 0.0354816 0.000253607 -0.0139843
20 0 0 0 0 0 0 0 0 0 0.0379144 -0.00461811 -0.0919653 0.0373668 -0.00915551 0.0503706 0.037349 0.000266954 -0.0147203
21 0 0 0 0 0 0 0 0 0 0.0398101 -0.00484902 -0.0965636 0.0392351 -0.00961328 0.0528891 0.0392165 0.000280302 -0.0154564
22 0 0 0 0 0 0 0 0 0 0.0417058 -0.00507993 -0.101162 0.0411035 -0.0100711 0.0554076 0.0410839 0.00029365 -0.0161924
23 0 0 0 0 0 0 0 0 0 0.0436015 -0.00531083 -0.10576 0.0429718 -0.0105288 0.0579262 0.0429514 0.000306998 -0.0169284
24 0 0 0 0 0 0 0 0 0 0.0454972 -0.00554174 -0.110358 0.0448402 -0.0109866 0.0604447 0.0448188 0.000320345 -0.0176644
25 0 0 0 0 0 0 0 0 0 0.047393 -0.00577264 -0.114957 0.0467085 -0.0114444 0.0629632 0.0466863 0.000333693 -0.0184004
26 0 0 0 0 0 0 0 0 0 0.0492887 -0.00600355 -0.119555 0.0485768 -0.0119022 0.0654818 0.0485537 0.000347041 -0.0191365
27 0 0 0 0 0 0 0 0 0 0.0511844 -0.00623445 -0.124153 0.0504452 -0.0123599 0.0680003 0.0504212 0.000360388 -0.0198725
28 0 0 0 0 0 0 0 0 0 0.0530801 -0.00646536 -0.128751 0.0523135 -0.0128177 0.0705188 0.0522886 0.000373736 -0.0206085
29 0 0 0 0 0 0 0 0 0 0.0549758 -0.00669627 -0.13335 0.0541819 -0.0132755 0.0730373 0.0541561 0.000387084 -0.0213445
30 0 0 0 0 0 0 0 0 0 0.0568715 -0.00692717 -0.137948 0.0560502 -0.0137333 0.0755559 0.0560235 0.000400432 -0.0220805
31 0 0 0 0 0 0 0 0 0 0.0587673 -0.00715808 -0.142546 0.0579185 -0.014191 0.0780744 0.057891 0.000413779 -0.0228165
32 0 0 0 0 0 0 0 0 0 0.060663 -0.00738898 -0.147145 0.0597869 -0.0146488 0.0805929 0.0597584 0.000427127 -0.0235526
33 0 0 0 0 0 0 0 0 0 0.0625587 -0.00761989 -0.151743 0.0616552 -0.0151066 0.0831115 0.0616259 0.000440475 -0.0242886
34 0 0 0 0 0 0 0 0 0 0.0644544 -0.00785079 -0.156341 0.0635236 -0.0155644 0.08563 0.0634933 0.000453823 -0.0250246
35 0 0 0 0 0 0 0 0 0 0.0663501 -0.0080817 -0.160939 0.0653919 -0.0160221 0.0881485 0.0653608 0.00046717 -0.0257606
36 0 0 0 0 0 0 0 0 0 0.0682459 -0.00831261 -0.165538 0.0672602 -0.0164799 0.090667 0.0672282 0.000480518 -0.0264966
37 0 0 0 0 0 0 0 0 0 0.0701416 -0.00854351 -0.170136 0.0691286 -0.0169377 0.0931856 0.0690957 0.000493866 -0.0272326
38 0 0 0 0 0 0 0 0 0 0.0720373 -0.00877442 -0.174734 0.0709969 -0.0173955 0.0957041 0.0709631 0.000507213 -0.0279687
39 0 0 0 0 0 0 0 0 0 0.073933 -0.00900532 -0.179332 0.0728653 -0.0178532 0.0982226 0.0728306 0.000520561 -0.0287047
40 0 0 0 0 0 0 0 0 0 0.0758287 -0.00923623 -0.183931 0.0747336 -0.018311 0.100741 0.074698 0.000533909 -0.0294407
41 0 0 0 0 0 0 0 0 0 0.0777244 -0.00946713 -0.188529 0.0766019 -0.0187688 0.10326 0.0765655 0.000547257 -0.0301767
42 0 0 0 0 0 0 0 0 0 0.0796202 -0.00969804 -0.193127 0.0784703 -0.0192266 0.105778 0.0784329 0.000560604 -0.0309127
43 0 0 0 0 0 0 0 0 0 0.0815159 -0.00992895 -0.197725 0.0803386 -0.0196843 0.108297 0.0803004 0.000573952 -0.0316488
44 0 0 0 0 0 0 0 0 0 0.0834116 -0.0101599 -0.202324 0.082207 -0.0201421 0.110815 0.0821678 0.0005873 -0.0323848
45 0 0 0 0 0 0 0 0 0 0.0853073 -0.0103908 -0.206922 0.0840753 -0.0205999 0.113334 0.0840353 0.000600647 -0.0331208
46 0 0 0 0 0 0 0 0 0 0.087203 -0.0106217 -0.21152 0.0859436 -0.0210577 0.115852 0.0859027 0.000613995 -0.0338568
47 0 0 0 0 0 0 0 0 0 0.0890987 -0.0108526 -0.216118 0.087812 -0.0215154 0.118371 0.0877702 0.000627343 -0.0345928
48 0 0 0 0 0 0 0 0 0 0.0909945 -0.0110835 -0.220717 0.0896803 -0.0219732 0.120889 0.0896376 0.000640691 -0.0353288
49 0 0 0 0 0 0 0 0 0 0.0928902 -0.0113144 -0.225315 0.0915487 -0.022431 0.123408 0.0915051 0.000654038 -0.0360649
50 0 0 0 0 0 0 0 0 0 0.0947859 -0.0115453 -0.229913 0.093417 -0.0228888 0.125926 0.0933725 0.000667386 -0.0368009
51 0 0 0 0 0 0 0 0 0 0.0966816 -0.0117762 -0.234512 0.0952853 -0.0233465 0.128445 0.09524 0.000680734 -0.0375369
52 0 0 0 0 0 0 0 0 0 0.0985773 -0.0120071 -0.23911 0.0971537 -0.0238043 0.130964 0.0971074 0.000694081 -0.0382729
53 0 0 0 0 0 0 0 0 0 0.100473 -0.012238 -0.243708 0.099022 -0.0242621 0.133482 0.0989749 0.000707429 -0.0390089
54 0 0 0 0 0 0 0 0 0 0.102369 -0.0124689 -0.248306 0.10089 -0.0247199 0.136001 0.100842 0.000720777 -0.0397449
55 0 0 0 0 0 0 0 0 0 0.104264 -0.0126998 -0.252905 0.102759 -0.0251776 0.138519 0.10271 0.000734125 -0.040481
56 0 0 0 0 0 0 0 0 0 0.10616 -0.0129307 -0.257503 0.104627 -0.0256354 0.141038 0.104577 0.000747472 -0.041217
57 0 0 0 0 0 0 0 0 0 0.108056 -0.0131616 -0.262101 0.106495 -0.0260932 0.143556 0.106445 0.00076082 -0.041953
58 0 0 0 0 0 0 0 0 0 0.109952 -0.0133925 -0.266699 0.108364 -0.026551 0.146075 0.108312 0.000774168 -0.042689
59 0 0 0 0 0 0 0 0 0 0.111847 -0.0136234 -0.271298 0.110232 -0.0270087 0.148593 0.11018 0.000787516 -0.043425
60 0 0 0 0 0 0 0 0 0 0.113743 -0.0138543 -0.275896 0.1121 -0.0274665 0.151112 0.112047 0.000800863 -0.044161
61 0 0 0 0 0 0 0 0 0 0.115639 -0.0140852 -0.280494 0.113969 -0.0279243 0.15363 0.113914 0.000814211 -0.0448971
62 0 0 0 0 0 0 0 0 0 0.117535 -0.0143162 -0.285092 0.115837 -0.0283821 0.156149 0.115782 0.000827559 -0.0456331
63 0 0 0 0 0 0 0 0 0 0.11943 -0.0145471 -0.289691 0.117705 -0.0288398 0.158667 0.117649 0.000840906 -0.0463691
64 0 0 0 0 0 0 0 0 0 0.121326 -0.014778 -0.294289 0.119574 -0.0292976 0.161186 0.119517 0.000854254 -0.0471051
65 0 0 0 0 0 0 0 0 0 0.123222 -0.0150089 -0.298887 0.121442 -0.0297554 0.163704 0.121384 0.000867602 -0.0478411
66 0 0 0 0 0 0 0 0 0 0.125117 -0.0152398 -0.303486 0.12331 -0.0302132 0.166223 0.123252 0.00088095 -0.0485772
67 0 0 0 0 0 0 0 0 0 0.127013 -0.0154707 -0.308084 0.125179 -0.0306709 0.168741 0.125119 0.000894297 -0.0493132
68 0 0 0 0 0 0 0 0 0 0.128909 -0.0157016 -0.312682 0.127047 -0.0311287 0.17126 0.126987 0.000907645 -0.0500492
69 0 0 0 0 0 0 0 0 0 0.130805 -0.0159325 -0.31728 0.128915 -0.0315865 0.173779 0.128854 0.000920993 -0.0507852
70 0 0 0 0 0 0 0 0 0 0.1327 -0.0161634 -0.321879 0.130784 -0.0320443 0.176297 0.130722 0.00093434 -0.0515212
71 0 0 0 0 0 0 0 0 0 0.134596 -0.0163943 -0.326477 0.132652 -0.032502 0.178816 0.132589 0.000947688 -0.0522572
72 0 0 0 0 0 0 0 0 0 0.136492 -0.0166252 -0.331075 0.13452 -0.0329598 0.181334 0.134456 0.000961036 -0.0529933
73 0 0 0 0 0 0 0 0 0 0.138387 -0.0168561 -0.335673 0.136389 -0.0334176 0.183853 0.136324 0.000974384 -0.0537293
74 0 0 0 0 0 0 0 0 0 0.140283 -0.017087 -0.340272 0.138257 -0.0338754 0.186371 0.138191 0.000987731 -0.0544653
75 0 0 0 0 0 0 0 0 0 0.142179 -0.0173179 -0.34487 0.140126 -0.0343332 0.18889 0.140059 0.00100108 -0.0552013
76 0 0 0 0 0 0 0 0 0 0.144075 -0.0175488 -0.349468 0.141994 -0.0347909 0.191408 0.141926 0.00101443 -0.0559373
77 0 0 0 0 0 0 0 0 0 0.14597 -0.0177797 -0.354066 0.143862 -0.0352487 0.193927 0.143794 0.00102777 -0.0566733
78 0 0 0 0 0 0 0 0 0 0.147866 -0.0180106 -0.358665 0.145731 -0.0357065 0.196445 0.145661 0.00104112 -0.0574094
79 0 0 0 0 0 0 0 0 0 0.149762 -0.0182416 -0.363263 0.147599 -0.0361643 0.198964 0.147529 0.00105447 -0.0581454
80 0 0 0 0 0 0 0 0 0 0.151657 -0.0184725 -0.367861 0.149467 -0.036622 0.201482 0.149396 0.00106782 -0.0588814
81 0 0 0 0 0 0 0 0 0 0.153553 -0.0187034 -0.37246 0.151336 -0.0370798 0.204001 0.151263 0.00108117 -0.0596174
82 0 0 0 0 0 0 0 0 0 0.155449 -0.0189343 -0.377058 0.153204 -0.0375376 0.206519 0.153131 0.00109451 -0.0603534
83 0 0 0 0 0 0 0 0 0 0.157345 -0.0191652 -0.381656 0.155072 -0.0379954 0.209038 0.154998 0.00110786 -0.0610894
84 0 0 0 0 0 0 0 0 0 0.15924 -0.0193961 -0.386254 0.156941 -0.0384531 0.211556 0.156866 0.00112121 -0.0618255
85 0 0 0 0 0 0 0 0 0 0.161136 -0.019627 -0.390853 0.158809 -0.0389109 0.214075 0.158733 0.00113456 -0.0625615
86 0 0 0 0 0 0 0 0 0 0.163032 -0.0198579 -0.395451 0.160677 -0.0393687 0.216593 0.160601 0.0011479 -0.0632975
87 0 0 0 0 0 0 0 0 0 0.164927 -0.0200888 -0.400049 0.162546 -0.0398265 0.219112 0.162468 0.00116125 -0.0640335
88 0 0 0 0 0 0 0 0 0 0.166823 -0.0203197 -0.404647 0.164414 -0.0402842 0.221631 0.164336 0.0011746 -0.0647695
89 0 0 0 0 0 0 0 0 0 0.168719 -0.0205506 -0.409246 0.166282 -0.040742 0.224149 0.166203 0.00118795 -0.0655056
90 0 0 0 0 0 0 0 0 0 0.170615 -0.0207815 -0.413844 0.168151 -0.0411998 0.226668 0.168071 0.00120129 -0.0662416
91 0 0 0 0 0 0 0 0 0 0.17251 -0.0210124 -0.418442 0.170019 -0.0416576 0.229186 0.169938 0.00121464 -0.0669776
92 0 0 0 0 0 0 0 0 0 0.174406 -0.0212433 -0.42304 0.171887 -0.0421153 0.231705 0.171805 0.00122799 -0.0677136
93 0 0 0 0 0 0 0 0 0 0.176302 -0.0214742 -0.427639 0.173756 -0.0425731 0.234223 0.173673 0.00124134 -0.0684496
94 0 0 0 0 0 0 0 0 0 0.178197 -0.0217051 -0.432237 0.175624 -0.0430309 0.236742 0.17554 0.00125469 -0.0691856
95 0 0 0 0 0 0 0 0 0 0.180093 -0.021936 -0.436835 0.177492 -0.0434887 0.23926 0.177408 0.00126803 -0.0699217
96 0 0 0 0 0 0 0 0 0 0.181989 -0.0221669 -0.441434 0.179361 -0.0439464 0.241779 0.179275 0.00128138 -0.0706577
97 0 0 0 0 0 0 0 0 0 0.183885 -0.0223979 -0.446032 0.181229 -0.0444042 0.244297 0.181143 0.00129473 -0.0713937
98 0 0 0 0 0 0 0 0 0 0.18578 -0.0226288 -0.45063 0.183097 -0.044862 0.246816 0.18301 0.00130808 -0.0721297
99 0 0 0 0 0 0 0 0 0 0.187676 -0.0228597 -0.455228 0.184966 -0.0453198 0.249334 0.184878 0.00132142 -0.0728657
100 0 0 0 0 0 0 0 0 0 0.189572 -0.0230906 -0.459827 0.186834 -0.0457775 0.251853 0.186745 0.00133477 -0.0736017
