1 0 86760.8 -66195.9 -0 -86760.8 66195.9 -1.15602e-12 -13239.2 -66195.9 1.15602e-12 13239.2 -66195.9 1.74623e-11 -13239.2 66195.9 -1.74623e-11 13239.2 -66195.9
2 0 173522 -132392 -0 -173522 132392 0 -26478.4 -132392 0 26478.4 -132392 0 -26478.4 132392 0 26478.4 -132392
3 0 260282 -198588 -0 -260282 198588 0 -39717.6 -198588 0 39717.6 -198588 0 -39717.6 198588 0 39717.6 -198588
4 0 347043 -264784 -0 -347043 264784 0 -52956.8 -264784 0 52956.8 -264784 0 -52956.8 264784 0 52956.8 -264784
5 0 433804 -330980 -0 -433804 330980 0 -66195.9 -330980 0 66195.9 -330980 0 -66195.9 330980 0 66195.9 -330980
6 0 520565 -397176 -0 -520565 397176 0 -79435.1 -397176 0 79435.1 -397176 0 -79435.1 397176 0 79435.1 -397176
7 6.98492e-11 607326 -463372 -6.98492e-11 -607326 463372 0 -92674.3 -463372 0 92674.3 -463372 -6.98492e-11 -92674.3 463372 6.98492e-11 92674.3 -463372
8 0 694086 -529568 -0 -694086 529568 0 -105914 -529568 0 105914 -529568 0 -105914 529568 0 105914 -529568
9 0 780847 -595763 -0 -780847 595763 0 -119153 -595763 0 119153 -595763 0 -119153 595763 0 119153 -595763
10 0 867608 -661959 -0 -867608 661959 0 -132392 -661959 0 132392 -661959 0 -132392 661959 0 132392 -661959
