1 0 0.0239583 -0.0479167 0 0.0436198 -0.0136719
2 0 0.0239583 -0.0479167 0 0.0436198 -0.0136719
3 0 0.0239583 -0.0479167 0 0.0436198 -0.0136719
4 0 0.0239583 -0.0479167 0 0.0436198 -0.0136719
5 0 0.0239583 -0.0479167 0 0.0436198 -0.0136719
6 0 0.0239583 -0.0479167 0 0.0436198 -0.0136719
7 0 0.0239583 -0.0479167 0 0.0436198 -0.0136719
8 0 0.0239583 -0.0479167 0 0.0436198 -0.0136719
9 0 0.0239583 -0.0479167 0 0.0436198 -0.0136719
10 0 0.0239583 -0.0479167 0 0.0436198 -0.0136719
11 0 0.0239583 -0.0479167 0 0.0436198 -0.0136719
12 0 0.0239583 -0.0479167 0 0.0436198 -0.0136719
13 0 0.0239583 -0.0479167 0 0.0436198 -0.0136719
14 0 0.0239583 -0.0479167 0 0.0436198 -0.0136719
15 0 0.0239583 -0.0479167 0 0.0436198 -0.0136719
16 0 0.0239583 -0.0479167 0 0.0436198 -0.0136719
17 0 0.0239583 -0.0479167 0 0.0436198 -0.0136719
18 0 0.0239583 -0.0479167 0 0.0436198 -0.0136719
19 0 0.0239583 -0.0479167 0 0.0436198 -0.0136719
20 0 0.0239583 -0.0479167 0 0.0436198 -0.0136719
21 0 0.0239583 -0.0479167 0 0.0436198 -0.0136719
22 0 0.0239583 -0.0479167 0 0.0436198 -0.0136719
23 0 0.0239583 -0.0479167 0 0.0436198 -0.0136719
24 0 0.0239583 -0.0479167 0 0.0436198 -0.0136719
25 0 0.0239583 -0.0479167 0 0.0436198 -0.0136719
26 0 0.0239583 -0.0479167 0 0.0436198 -0.0136719
27 0 0.0239583 -0.0479167 0 0.0436198 -0.0136719
28 0 0.0239583 -0.0479167 0 0.0436198 -0.0136719
29 0 0.0239583 -0.0479167 0 0.0436198 -0.0136719
30 0 0.0239583 -0.0479167 0 0.0436198 -0.0136719
31 0 0.0239583 -0.0479167 0 0.0436198 -0.0136719
32 0 0.0239583 -0.0479167 0 0.0436198 -0.0136719
33 0 0.0239583 -0.0479167 0 0.0436198 -0.0136719
34 0 0.0239583 -0.0479167 0 0.0436198 -0.0136719
35 0 0.0239583 -0.0479167 0 0.0436198 -0.0136719
36 0 0.0239583 -0.0479167 0 0.0436198 -0.0136719
37 0 0.0239583 -0.0479167 0 0.0436198 -0.0136719
38 0 0.0239583 -0.0479167 0 0.0436198 -0.0136719
39 0 0.0239583 -0.0479167 0 0.0436198 -0.0136719
40 0 0.0239583 -0.0479167 0 0.0436198 -0.0136719
41 0 0.0239583 -0.0479167 0 0.0436198 -0.0136719
42 0 0.0239583 -0.0479167 0 0.0436198 -0.0136719
43 0 0.0239583 -0.0479167 0 0.0436198 -0.0136719
44 0 0.0239583 -0.0479167 0 0.0436198 -0.0136719
45 0 0.0239583 -0.0479167 0 0.0436198 -0.0136719
46 0 0.0239583 -0.0479167 0 0.0436198 -0.0136719
47 0 0.0239583 -0.0479167 0 0.0436198 -0.0136719
48 0 0.0239583 -0.0479167 0 0.0436198 -0.0136719
49 0 0.0239583 -0.0479167 0 0.0436198 -0.0136719
50 0 0.0239583 -0.0479167 0 0.0436198 -0.0136719
51 0 0.0239583 -0.0479167 0 0.0436198 -0.0136719
52 0 0.0239583 -0.0479167 0 0.0436198 -0.0136719
53 0 0.0239583 -0.0479167 0 0.0436198 -0.0136719
54 0 0.0239583 -0.0479167 0 0.0436198 -0.0136719
55 0 0.0239583 -0.0479167 0 0.0436198 -0.0136719
56 0 0.0239583 -0.0479167 0 0.0436198 -0.0136719
57 0 0.0239583 -0.0479167 0 0.0436198 -0.0136719
58 0 0.0239583 -0.0479167 0 0.0436198 -0.0136719
59 0 0.0239583 -0.0479167 0 0.0436198 -0.0136719
60 0 0.0239583 -0.0479167 0 0.0436198 -0.0136719
61 0 0.0239583 -0.0479167 0 0.0436198 -0.0136719
62 0 0.0239583 -0.0479167 0 0.0436198 -0.0136719
63 0 0.0239583 -0.0479167 0 0.0436198 -0.0136719
64 0 0.0239583 -0.0479167 0 0.0436198 -0.0136719
65 0 0.0239583 -0.0479167 0 0.0436198 -0.0136719
66 0 0.0239583 -0.0479167 0 0.0436198 -0.0136719
67 0 0.0239583 -0.0479167 0 0.0436198 -0.0136719
68 0 0.0239583 -0.0479167 0 0.0436198 -0.0136719
69 0 0.0239583 -0.0479167 0 0.0436198 -0.0136719
70 0 0.0239583 -0.0479167 0 0.0436198 -0.0136719
71 0 0.0239583 -0.0479167 0 0.0436198 -0.0136719
72 0 0.0239583 -0.0479167 0 0.0436198 -0.0136719
73 0 0.0239583 -0.0479167 0 0.0436198 -0.0136719
74 0 0.0239583 -0.0479167 0 0.0436198 -0.0136719
75 0 0.0239583 -0.0479167 0 0.0436198 -0.0136719
76 0 0.0239583 -0.0479167 0 0.0436198 -0.0136719
77 0 0.0239583 -0.0479167 0 0.0436198 -0.0136719
78 0 0.0239583 -0.0479167 0 0.0436198 -0.0136719
79 0 0.0239583 -0.0479167 0 0.0436198 -0.0136719
80 0 0.0239583 -0.0479167 0 0.0436198 -0.0136719
81 0 0.0239583 -0.0479167 0 0.0436198 -0.0136719
82 0 0.0239583 -0.0479167 0 0.0436198 -0.0136719
83 0 0.0239583 -0.0479167 0 0.0436198 -0.0136719
84 0 0.0239583 -0.0479167 0 0.0436198 -0.0136719
85 0 0.0239583 -0.0479167 0 0.0436198 -0.0136719
86 0 0.0239583 -0.0479167 0 0.0436198 -0.0136719
87 0 0.0239583 -0.0479167 0 0.0436198 -0.0136719
88 0 0.0239583 -0.0479167 0 0.0436198 -0.0136719
89 0 0.0239583 -0.0479167 0 0.0436198 -0.0136719
90 0 0.0239583 -0.0479167 0 0.0436198 -0.0136719
91 0 0.0239583 -0.0479167 0 0.0436198 -0.0136719
92 0 0.0239583 -0.0479167 0 0.0436198 -0.0136719
93 0 0.0239583 -0.0479167 0 0.0436198 -0.0136719
94 0 0.0239583 -0.0479167 0 0.0436198 -0.0136719
95 0 0.0239583 -0.0479167 0 0.0436198 -0.0136719
96 0 0.0239583 -0.0479167 0 0.0436198 -0.0136719
97 0 0.0239583 -0.0479167 0 0.0436198 -0.0136719
98 0 0.0239583 -0.0479167 0 0.0436198 -0.0136719
99 0 0.0239583 -0.0479167 0 0.0436198 -0.0136719
100 0 0.0239583 -0.0479167 0 0.0436198 -0.0136719
