1 0 0 0.0239583 0 0 -0.0479167 0 -0.457682 -0.105208
2 0 0 0.0239583 0 0 -0.0479167 0 -0.457682 -0.105208
3 0 0 0.0239583 0 0 -0.0479167 0 -0.457682 -0.105208
4 0 0 0.0239583 0 0 -0.0479167 0 -0.457682 -0.105208
5 0 0 0.0239583 0 0 -0.0479167 0 -0.457682 -0.105208
6 0 0 0.0239583 0 0 -0.0479167 0 -0.457682 -0.105208
7 0 0 0.0239583 0 0 -0.0479167 0 -0.457682 -0.105208
8 0 0 0.0239583 0 0 -0.0479167 0 -0.457682 -0.105208
9 0 0 0.0239583 0 0 -0.0479167 0 -0.457682 -0.105208
10 0 0 0.0239583 0 0 -0.0479167 0 -0.457682 -0.105208
11 0 0 0.0239583 0 0 -0.0479167 0 -0.457682 -0.105208
12 0 0 0.0239583 0 0 -0.0479167 0 -0.457682 -0.105208
13 0 0 0.0239583 0 0 -0.0479167 0 -0.457682 -0.105208
14 0 0 0.0239583 0 0 -0.0479167 0 -0.457682 -0.105208
15 0 0 0.0239583 0 0 -0.0479167 0 -0.457682 -0.105208
16 0 0 0.0239583 0 0 -0.0479167 0 -0.457682 -0.105208
17 0 0 0.0239583 0 0 -0.0479167 0 -0.457682 -0.105208
18 0 0 0.0239583 0 0 -0.0479167 0 -0.457682 -0.105208
19 0 0 0.0239583 0 0 -0.0479167 0 -0.457682 -0.105208
20 0 0 0.0239583 0 0 -0.0479167 0 -0.457682 -0.105208
21 0 0 0.0239583 0 0 -0.0479167 0 -0.457682 -0.105208
22 0 0 0.0239583 0 0 -0.0479167 0 -0.457682 -0.105208
23 0 0 0.0239583 0 0 -0.0479167 0 -0.457682 -0.105208
24 0 0 0.0239583 0 0 -0.0479167 0 -0.457682 -0.105208
25 0 0 0.0239583 0 0 -0.0479167 0 -0.457682 -0.105208
26 0 0 0.0239583 0 0 -0.0479167 0 -0.457682 -0.105208
27 0 0 0.0239583 0 0 -0.0479167 0 -0.457682 -0.105208
28 0 0 0.0239583 0 0 -0.0479167 0 -0.457682 -0.105208
29 0 0 0.0239583 0 0 -0.0479167 0 -0.457682 -0.105208
30 0 0 0.0239583 0 0 -0.0479167 0 -0.457682 -0.105208
31 0 0 0.0239583 0 0 -0.0479167 0 -0.457682 -0.105208
32 0 0 0.0239583 0 0 -0.0479167 0 -0.457682 -0.105208
33 0 0 0.0239583 0 0 -0.0479167 0 -0.457682 -0.105208
34 0 0 0.0239583 0 0 -0.0479167 0 -0.457682 -0.105208
35 0 0 0.0239583 0 0 -0.0479167 0 -0.457682 -0.105208
36 0 0 0.0239583 0 0 -0.0479167 0 -0.457682 -0.105208
37 0 0 0.0239583 0 0 -0.0479167 0 -0.457682 -0.105208
38 0 0 0.0239583 0 0 -0.0479167 0 -0.457682 -0.105208
39 0 0 0.0239583 0 0 -0.0479167 0 -0.457682 -0.105208
40 0 0 0.0239583 0 0 -0.0479167 0 -0.457682 -0.105208
41 0 0 0.0239583 0 0 -0.0479167 0 -0.457682 -0.105208
42 0 0 0.0239583 0 0 -0.0479167 0 -0.457682 -0.105208
43 0 0 0.0239583 0 0 -0.0479167 0 -0.457682 -0.105208
44 0 0 0.0239583 0 0 -0.0479167 0 -0.457682 -0.105208
45 0 0 0.0239583 0 0 -0.0479167 0 -0.457682 -0.105208
46 0 0 0.0239583 0 0 -0.0479167 0 -0.457682 -0.105208
47 0 0 0.0239583 0 0 -0.0479167 0 -0.457682 -0.105208
48 0 0 0.0239583 0 0 -0.0479167 0 -0.457682 -0.105208
49 0 0 0.0239583 0 0 -0.0479167 0 -0.457682 -0.105208
50 0 0 0.0239583 0 0 -0.0479167 0 -0.457682 -0.105208
51 0 0 0.0239583 0 0 -0.0479167 0 -0.457682 -0.105208
52 0 0 0.0239583 0 0 -0.0479167 0 -0.457682 -0.105208
53 0 0 0.0239583 0 0 -0.0479167 0 -0.457682 -0.105208
54 0 0 0.0239583 0 0 -0.0479167 0 -0.457682 -0.105208
55 0 0 0.0239583 0 0 -0.0479167 0 -0.457682 -0.105208
56 0 0 0.0239583 0 0 -0.0479167 0 -0.457682 -0.105208
57 0 0 0.0239583 0 0 -0.0479167 0 -0.457682 -0.105208
58 0 0 0.0239583 0 0 -0.0479167 0 -0.457682 -0.105208
59 0 0 0.0239583 0 0 -0.0479167 0 -0.457682 -0.105208
60 0 0 0.0239583 0 0 -0.0479167 0 -0.457682 -0.105208
61 0 0 0.0239583 0 0 -0.0479167 0 -0.457682 -0.105208
62 0 0 0.0239583 0 0 -0.0479167 0 -0.457682 -0.105208
63 0 0 0.0239583 0 0 -0.0479167 0 -0.457682 -0.105208
64 0 0 0.0239583 0 0 -0.0479167 0 -0.457682 -0.105208
65 0 0 0.0239583 0 0 -0.0479167 0 -0.457682 -0.105208
66 0 0 0.0239583 0 0 -0.0479167 0 -0.457682 -0.105208
67 0 0 0.0239583 0 0 -0.0479167 0 -0.457682 -0.105208
68 0 0 0.0239583 0 0 -0.0479167 0 -0.457682 -0.105208
69 0 0 0.0239583 0 0 -0.0479167 0 -0.457682 -0.105208
70 0 0 0.0239583 0 0 -0.0479167 0 -0.457682 -0.105208
71 0 0 0.0239583 0 0 -0.0479167 0 -0.457682 -0.105208
72 0 0 0.0239583 0 0 -0.0479167 0 -0.457682 -0.105208
73 0 0 0.0239583 0 0 -0.0479167 0 -0.457682 -0.105208
74 0 0 0.0239583 0 0 -0.0479167 0 -0.457682 -0.105208
75 0 0 0.0239583 0 0 -0.0479167 0 -0.457682 -0.105208
76 0 0 0.0239583 0 0 -0.0479167 0 -0.457682 -0.105208
77 0 0 0.0239583 0 0 -0.0479167 0 -0.457682 -0.105208
78 0 0 0.0239583 0 0 -0.0479167 0 -0.457682 -0.105208
79 0 0 0.0239583 0 0 -0.0479167 0 -0.457682 -0.105208
80 0 0 0.0239583 0 0 -0.0479167 0 -0.457682 -0.105208
81 0 0 0.0239583 0 0 -0.0479167 0 -0.457682 -0.105208
82 0 0 0.0239583 0 0 -0.0479167 0 -0.457682 -0.105208
83 0 0 0.0239583 0 0 -0.0479167 0 -0.457682 -0.105208
84 0 0 0.0239583 0 0 -0.0479167 0 -0.457682 -0.105208
85 0 0 0.0239583 0 0 -0.0479167 0 -0.457682 -0.105208
86 0 0 0.0239583 0 0 -0.0479167 0 -0.457682 -0.105208
87 0 0 0.0239583 0 0 -0.0479167 0 -0.457682 -0.105208
88 0 0 0.0239583 0 0 -0.0479167 0 -0.457682 -0.105208
89 0 0 0.0239583 0 0 -0.0479167 0 -0.457682 -0.105208
90 0 0 0.0239583 0 0 -0.0479167 0 -0.457682 -0.105208
91 0 0 0.0239583 0 0 -0.0479167 0 -0.457682 -0.105208
92 0 0 0.0239583 0 0 -0.0479167 0 -0.457682 -0.105208
93 0 0 0.0239583 0 0 -0.0479167 0 -0.457682 -0.105208
94 0 0 0.0239583 0 0 -0.0479167 0 -0.457682 -0.105208
95 0 0 0.0239583 0 0 -0.0479167 0 -0.457682 -0.105208
96 0 0 0.0239583 0 0 -0.0479167 0 -0.457682 -0.105208
97 0 0 0.0239583 0 0 -0.0479167 0 -0.457682 -0.105208
98 0 0 0.0239583 0 0 -0.0479167 0 -0.457682 -0.105208
99 0 0 0.0239583 0 0 -0.0479167 0 -0.457682 -0.105208
100 0 0 0.0239583 0 0 -0.0479167 0 -0.457682 -0.105208
