1 0 0.0186741 -0.0133387
2 0 0.0186741 -0.0133387
3 0 0.0186741 -0.0133387
4 0 0.0186741 -0.0133387
5 0 0.0186741 -0.0133387
6 0 0.0186741 -0.0133387
7 0 0.0186741 -0.0133387
8 0 0.0186741 -0.0133387
9 0 0.0186741 -0.0133387
10 0 0.0186741 -0.0133387
11 0 0.0186741 -0.0133387
12 0 0.0186741 -0.0133387
13 0 0.0186741 -0.0133387
14 0 0.0186741 -0.0133387
15 0 0.0186741 -0.0133387
16 0 0.0186741 -0.0133387
17 0 0.0186741 -0.0133387
18 0 0.0186741 -0.0133387
19 0 0.0186741 -0.0133387
20 0 0.0186741 -0.0133387
21 0 0.0186741 -0.0133387
22 0 0.0186741 -0.0133387
23 0 0.0186741 -0.0133387
24 0 0.0186741 -0.0133387
25 0 0.0186741 -0.0133387
26 0 0.0186741 -0.0133387
27 0 0.0186741 -0.0133387
28 0 0.0186741 -0.0133387
29 0 0.0186741 -0.0133387
30 0 0.0186741 -0.0133387
31 0 0.0186741 -0.0133387
32 0 0.0186741 -0.0133387
33 0 0.0186741 -0.0133387
34 0 0.0186741 -0.0133387
35 0 0.0186741 -0.0133387
36 0 0.0186741 -0.0133387
37 0 0.0186741 -0.0133387
38 0 0.0186741 -0.0133387
39 0 0.0186741 -0.0133387
40 0 0.0186741 -0.0133387
41 0 0.0186741 -0.0133387
42 0 0.0186741 -0.0133387
43 0 0.0186741 -0.0133387
44 0 0.0186741 -0.0133387
45 0 0.0186741 -0.0133387
46 0 0.0186741 -0.0133387
47 0 0.0186741 -0.0133387
48 0 0.0186741 -0.0133387
49 0 0.0186741 -0.0133387
50 0 0.0186741 -0.0133387
51 0 0.0186741 -0.0133387
52 0 0.0186741 -0.0133387
53 0 0.0186741 -0.0133387
54 0 0.0186741 -0.0133387
55 0 0.0186741 -0.0133387
56 0 0.0186741 -0.0133387
57 0 0.0186741 -0.0133387
58 0 0.0186741 -0.0133387
59 0 0.0186741 -0.0133387
60 0 0.0186741 -0.0133387
61 0 0.0186741 -0.0133387
62 0 0.0186741 -0.0133387
63 0 0.0186741 -0.0133387
64 0 0.0186741 -0.0133387
65 0 0.0186741 -0.0133387
66 0 0.0186741 -0.0133387
67 0 0.0186741 -0.0133387
68 0 0.0186741 -0.0133387
69 0 0.0186741 -0.0133387
70 0 0.0186741 -0.0133387
71 0 0.0186741 -0.0133387
72 0 0.0186741 -0.0133387
73 0 0.0186741 -0.0133387
74 0 0.0186741 -0.0133387
75 0 0.0186741 -0.0133387
76 0 0.0186741 -0.0133387
77 0 0.0186741 -0.0133387
78 0 0.0186741 -0.0133387
79 0 0.0186741 -0.0133387
80 0 0.0186741 -0.0133387
81 0 0.0186741 -0.0133387
82 0 0.0186741 -0.0133387
83 0 0.0186741 -0.0133387
84 0 0.0186741 -0.0133387
85 0 0.0186741 -0.0133387
86 0 0.0186741 -0.0133387
87 0 0.0186741 -0.0133387
88 0 0.0186741 -0.0133387
89 0 0.0186741 -0.0133387
90 0 0.0186741 -0.0133387
91 0 0.0186741 -0.0133387
92 0 0.0186741 -0.0133387
93 0 0.0186741 -0.0133387
94 0 0.0186741 -0.0133387
95 0 0.0186741 -0.0133387
96 0 0.0186741 -0.0133387
97 0 0.0186741 -0.0133387
98 0 0.0186741 -0.0133387
99 0 0.0186741 -0.0133387
100 0 0.0186741 -0.0133387
