1 -20000 0 40000 -3.63798e-12 0 -4.54747e-12
2 -20000 0 40000 -5.45697e-12 0 -1.00044e-11
3 -20000 0 40000 7.27596e-12 0 1.72804e-11
4 -20000 0 40000 -5.45697e-12 0 -1.18234e-11
5 -20000 0 40000 -5.45697e-12 0 -1.18234e-11
6 -20000 0 40000 -5.45697e-12 0 -1.18234e-11
7 -20000 0 40000 -5.45697e-12 0 -1.18234e-11
8 -20000 0 40000 -5.45697e-12 0 -1.18234e-11
9 -20000 0 40000 -5.45697e-12 0 -1.18234e-11
10 -20000 0 40000 -5.45697e-12 0 -1.18234e-11
11 -20000 0 40000 -5.45697e-12 0 -1.18234e-11
12 -20000 0 40000 -5.45697e-12 0 -1.18234e-11
13 -20000 0 40000 -5.45697e-12 0 -1.18234e-11
14 -20000 0 40000 -5.45697e-12 0 -1.18234e-11
15 -20000 0 40000 -5.45697e-12 0 -1.18234e-11
16 -20000 0 40000 -5.45697e-12 0 -1.18234e-11
17 -20000 0 40000 -5.45697e-12 0 -1.18234e-11
18 -20000 0 40000 -5.45697e-12 0 -1.18234e-11
19 -20000 0 40000 -5.45697e-12 0 -1.18234e-11
20 -20000 0 40000 -5.45697e-12 0 -1.18234e-11
21 -20000 0 40000 -5.45697e-12 0 -1.18234e-11
22 -20000 0 40000 -5.45697e-12 0 -1.18234e-11
23 -20000 0 40000 -5.45697e-12 0 -1.18234e-11
24 -20000 0 40000 -5.45697e-12 0 -1.18234e-11
25 -20000 0 40000 -5.45697e-12 0 -1.18234e-11
26 -20000 0 40000 -5.45697e-12 0 -1.18234e-11
27 -20000 0 40000 -5.45697e-12 0 -1.18234e-11
28 -20000 0 40000 -5.45697e-12 0 -1.18234e-11
29 -20000 0 40000 -5.45697e-12 0 -1.18234e-11
30 -20000 0 40000 -5.45697e-12 0 -1.18234e-11
31 -20000 0 40000 -5.45697e-12 0 -1.18234e-11
32 -20000 0 40000 -5.45697e-12 0 -1.18234e-11
33 -20000 0 40000 -5.45697e-12 0 -1.18234e-11
34 -20000 0 40000 -5.45697e-12 0 -1.18234e-11
35 -20000 0 40000 -5.45697e-12 0 -1.18234e-11
36 -20000 0 40000 -5.45697e-12 0 -1.18234e-11
37 -20000 0 40000 -5.45697e-12 0 -1.18234e-11
38 -20000 0 40000 -5.45697e-12 0 -1.18234e-11
39 -20000 0 40000 -5.45697e-12 0 -1.18234e-11
40 -20000 0 40000 -5.45697e-12 0 -1.18234e-11
41 -20000 0 40000 -5.45697e-12 0 -1.18234e-11
42 -20000 0 40000 -5.45697e-12 0 -1.18234e-11
43 -20000 0 40000 -5.45697e-12 0 -1.18234e-11
44 -20000 0 40000 -5.45697e-12 0 -1.18234e-11
45 -20000 0 40000 -5.45697e-12 0 -1.18234e-11
46 -20000 0 40000 -5.45697e-12 0 -1.18234e-11
47 -20000 0 40000 -5.45697e-12 0 -1.18234e-11
48 -20000 0 40000 -5.45697e-12 0 -1.18234e-11
49 -20000 0 40000 -5.45697e-12 0 -1.18234e-11
50 -20000 0 40000 -5.45697e-12 0 -1.18234e-11
51 -20000 0 40000 -5.45697e-12 0 -1.18234e-11
52 -20000 0 40000 -5.45697e-12 0 -1.18234e-11
53 -20000 0 40000 -5.45697e-12 0 -1.18234e-11
54 -20000 0 40000 -5.45697e-12 0 -1.18234e-11
55 -20000 0 40000 -5.45697e-12 0 -1.18234e-11
56 -20000 0 40000 -5.45697e-12 0 -1.18234e-11
57 -20000 0 40000 -5.45697e-12 0 -1.18234e-11
58 -20000 0 40000 -5.45697e-12 0 -1.18234e-11
59 -20000 0 40000 -5.45697e-12 0 -1.18234e-11
60 -20000 0 40000 -5.45697e-12 0 -1.18234e-11
61 -20000 0 40000 -5.45697e-12 0 -1.18234e-11
62 -20000 0 40000 -5.45697e-12 0 -1.18234e-11
63 -20000 0 40000 -5.45697e-12 0 -1.18234e-11
64 -20000 0 40000 -5.45697e-12 0 -1.18234e-11
65 -20000 0 40000 -5.45697e-12 0 -1.18234e-11
66 -20000 0 40000 -5.45697e-12 0 -1.18234e-11
67 -20000 0 40000 -5.45697e-12 0 -1.18234e-11
68 -20000 0 40000 -5.45697e-12 0 -1.18234e-11
69 -20000 0 40000 -5.45697e-12 0 -1.18234e-11
70 -20000 0 40000 -5.45697e-12 0 -1.18234e-11
71 -20000 0 40000 -5.45697e-12 0 -1.18234e-11
72 -20000 0 40000 -5.45697e-12 0 -1.18234e-11
73 -20000 0 40000 -5.45697e-12 0 -1.18234e-11
74 -20000 0 40000 -5.45697e-12 0 -1.18234e-11
75 -20000 0 40000 -5.45697e-12 0 -1.18234e-11
76 -20000 0 40000 -5.45697e-12 0 -1.18234e-11
77 -20000 0 40000 -5.45697e-12 0 -1.18234e-11
78 -20000 0 40000 -5.45697e-12 0 -1.18234e-11
79 -20000 0 40000 -5.45697e-12 0 -1.18234e-11
80 -20000 0 40000 -5.45697e-12 0 -1.18234e-11
81 -20000 0 40000 -5.45697e-12 0 -1.18234e-11
82 -20000 0 40000 -5.45697e-12 0 -1.18234e-11
83 -20000 0 40000 -5.45697e-12 0 -1.18234e-11
84 -20000 0 40000 -5.45697e-12 0 -1.18234e-11
85 -20000 0 40000 -5.45697e-12 0 -1.18234e-11
86 -20000 0 40000 -5.45697e-12 0 -1.18234e-11
87 -20000 0 40000 -5.45697e-12 0 -1.18234e-11
88 -20000 0 40000 -5.45697e-12 0 -1.18234e-11
89 -20000 0 40000 -5.45697e-12 0 -1.18234e-11
90 -20000 0 40000 -5.45697e-12 0 -1.18234e-11
91 -20000 0 40000 -5.45697e-12 0 -1.18234e-11
92 -20000 0 40000 -5.45697e-12 0 -1.18234e-11
93 -20000 0 40000 -5.45697e-12 0 -1.18234e-11
94 -20000 0 40000 -5.45697e-12 0 -1.18234e-11
95 -20000 0 40000 -5.45697e-12 0 -1.18234e-11
96 -20000 0 40000 -5.45697e-12 0 -1.18234e-11
97 -20000 0 40000 -5.45697e-12 0 -1.18234e-11
98 -20000 0 40000 -5.45697e-12 0 -1.18234e-11
99 -20000 0 40000 -5.45697e-12 0 -1.18234e-11
100 -20000 0 40000 -5.45697e-12 0 -1.18234e-11
