1 0 0 0 0.0746965 0 -0.0320128
2 0 0 0 0.0746965 0 -0.0320128
3 0 0 0 0.0746965 0 -0.0320128
4 0 0 0 0.0746965 0 -0.0320128
5 0 0 0 0.0746965 0 -0.0320128
6 0 0 0 0.0746965 0 -0.0320128
7 0 0 0 0.0746965 0 -0.0320128
8 0 0 0 0.0746965 0 -0.0320128
9 0 0 0 0.0746965 0 -0.0320128
10 0 0 0 0.0746965 0 -0.0320128
11 0 0 0 0.0746965 0 -0.0320128
12 0 0 0 0.0746965 0 -0.0320128
13 0 0 0 0.0746965 0 -0.0320128
14 0 0 0 0.0746965 0 -0.0320128
15 0 0 0 0.0746965 0 -0.0320128
16 0 0 0 0.0746965 0 -0.0320128
17 0 0 0 0.0746965 0 -0.0320128
18 0 0 0 0.0746965 0 -0.0320128
19 0 0 0 0.0746965 0 -0.0320128
20 0 0 0 0.0746965 0 -0.0320128
21 0 0 0 0.0746965 0 -0.0320128
22 0 0 0 0.0746965 0 -0.0320128
23 0 0 0 0.0746965 0 -0.0320128
24 0 0 0 0.0746965 0 -0.0320128
25 0 0 0 0.0746965 0 -0.0320128
26 0 0 0 0.0746965 0 -0.0320128
27 0 0 0 0.0746965 0 -0.0320128
28 0 0 0 0.0746965 0 -0.0320128
29 0 0 0 0.0746965 0 -0.0320128
30 0 0 0 0.0746965 0 -0.0320128
31 0 0 0 0.0746965 0 -0.0320128
32 0 0 0 0.0746965 0 -0.0320128
33 0 0 0 0.0746965 0 -0.0320128
34 0 0 0 0.0746965 0 -0.0320128
35 0 0 0 0.0746965 0 -0.0320128
36 0 0 0 0.0746965 0 -0.0320128
37 0 0 0 0.0746965 0 -0.0320128
38 0 0 0 0.0746965 0 -0.0320128
39 0 0 0 0.0746965 0 -0.0320128
40 0 0 0 0.0746965 0 -0.0320128
41 0 0 0 0.0746965 0 -0.0320128
42 0 0 0 0.0746965 0 -0.0320128
43 0 0 0 0.0746965 0 -0.0320128
44 0 0 0 0.0746965 0 -0.0320128
45 0 0 0 0.0746965 0 -0.0320128
46 0 0 0 0.0746965 0 -0.0320128
47 0 0 0 0.0746965 0 -0.0320128
48 0 0 0 0.0746965 0 -0.0320128
49 0 0 0 0.0746965 0 -0.0320128
50 0 0 0 0.0746965 0 -0.0320128
51 0 0 0 0.0746965 0 -0.0320128
52 0 0 0 0.0746965 0 -0.0320128
53 0 0 0 0.0746965 0 -0.0320128
54 0 0 0 0.0746965 0 -0.0320128
55 0 0 0 0.0746965 0 -0.0320128
56 0 0 0 0.0746965 0 -0.0320128
57 0 0 0 0.0746965 0 -0.0320128
58 0 0 0 0.0746965 0 -0.0320128
59 0 0 0 0.0746965 0 -0.0320128
60 0 0 0 0.0746965 0 -0.0320128
61 0 0 0 0.0746965 0 -0.0320128
62 0 0 0 0.0746965 0 -0.0320128
63 0 0 0 0.0746965 0 -0.0320128
64 0 0 0 0.0746965 0 -0.0320128
65 0 0 0 0.0746965 0 -0.0320128
66 0 0 0 0.0746965 0 -0.0320128
67 0 0 0 0.0746965 0 -0.0320128
68 0 0 0 0.0746965 0 -0.0320128
69 0 0 0 0.0746965 0 -0.0320128
70 0 0 0 0.0746965 0 -0.0320128
71 0 0 0 0.0746965 0 -0.0320128
72 0 0 0 0.0746965 0 -0.0320128
73 0 0 0 0.0746965 0 -0.0320128
74 0 0 0 0.0746965 0 -0.0320128
75 0 0 0 0.0746965 0 -0.0320128
76 0 0 0 0.0746965 0 -0.0320128
77 0 0 0 0.0746965 0 -0.0320128
78 0 0 0 0.0746965 0 -0.0320128
79 0 0 0 0.0746965 0 -0.0320128
80 0 0 0 0.0746965 0 -0.0320128
81 0 0 0 0.0746965 0 -0.0320128
82 0 0 0 0.0746965 0 -0.0320128
83 0 0 0 0.0746965 0 -0.0320128
84 0 0 0 0.0746965 0 -0.0320128
85 0 0 0 0.0746965 0 -0.0320128
86 0 0 0 0.0746965 0 -0.0320128
87 0 0 0 0.0746965 0 -0.0320128
88 0 0 0 0.0746965 0 -0.0320128
89 0 0 0 0.0746965 0 -0.0320128
90 0 0 0 0.0746965 0 -0.0320128
91 0 0 0 0.0746965 0 -0.0320128
92 0 0 0 0.0746965 0 -0.0320128
93 0 0 0 0.0746965 0 -0.0320128
94 0 0 0 0.0746965 0 -0.0320128
95 0 0 0 0.0746965 0 -0.0320128
96 0 0 0 0.0746965 0 -0.0320128
97 0 0 0 0.0746965 0 -0.0320128
98 0 0 0 0.0746965 0 -0.0320128
99 0 0 0 0.0746965 0 -0.0320128
100 0 0 0 0.0746965 0 -0.0320128
