1 0 86760.8 -1.15602e-12 2.00089e-11 1.86183e-11 0 -1.74623e-11 13239.2
2 0 173522 0 -2.54659e-11 0 0 0 26478.4
3 0 260282 0 -2.18279e-11 0 -7.27596e-12 0 39717.6
4 0 347043 0 8.00355e-11 0 0 0 52956.8
5 0 433804 0 -4.36557e-11 0 0 0 66195.9
6 0 520565 0 2.91038e-11 0 0 0 79435.1
7 6.98492e-11 607326 -6.98492e-11 1.01863e-10 -6.98492e-11 -7.27596e-11 6.98492e-11 92674.3
8 0 694086 0 2.32831e-10 0 -8.73115e-11 0 105914
9 0 780847 0 2.32831e-10 0 -7.27596e-11 0 119153
10 0 867608 0 2.61934e-10 0 -5.82077e-11 0 132392
