1 97182.5 0 -97182.5 0 97182.5 0 -97182.5 0
2 194365 0 -194365 0 194365 0 -194365 0
3 291548 0 -291548 0 291548 0 -291548 0
4 388730 0 -388730 0 388730 0 -388730 0
5 485913 0 -485913 0 485913 0 -485913 0
6 583095 0 -583095 0 583095 0 -583095 0
7 680278 0 -680278 0 680278 0 -680278 0
8 777460 0 -777460 0 777460 0 -777460 0
9 874643 0 -874643 0 874643 0 -874643 0
10 971825 0 -971825 0 971825 0 -971825 0
11 1.06901e+06 0 -1.06901e+06 0 1.06901e+06 0 -1.06901e+06 0
12 1.16619e+06 0 -1.16619e+06 0 1.16619e+06 0 -1.16619e+06 0
13 1.26337e+06 0 -1.26337e+06 0 1.26337e+06 0 -1.26337e+06 0
14 1.36056e+06 0 -1.36056e+06 0 1.36056e+06 0 -1.36056e+06 0
15 1.45774e+06 0 -1.45774e+06 0 1.45774e+06 0 -1.45774e+06 0
16 1.55492e+06 0 -1.55492e+06 0 1.55492e+06 0 -1.55492e+06 0
17 1.6521e+06 0 -1.6521e+06 0 1.6521e+06 0 -1.6521e+06 0
18 1.74929e+06 0 -1.74929e+06 0 1.74929e+06 0 -1.74929e+06 0
19 1.84647e+06 0 -1.84647e+06 0 1.84647e+06 0 -1.84647e+06 0
20 1.94365e+06 0 -1.94365e+06 0 1.94365e+06 0 -1.94365e+06 0
21 2.04083e+06 0 -2.04083e+06 0 2.04083e+06 0 -2.04083e+06 0
22 2.13802e+06 0 -2.13802e+06 0 2.13802e+06 0 -2.13802e+06 0
23 2.2352e+06 0 -2.2352e+06 0 2.2352e+06 0 -2.2352e+06 0
24 2.33238e+06 0 -2.33238e+06 0 2.33238e+06 0 -2.33238e+06 0
25 2.42956e+06 0 -2.42956e+06 0 2.42956e+06 0 -2.42956e+06 0
26 2.52675e+06 0 -2.52675e+06 0 2.52675e+06 0 -2.52675e+06 0
27 2.62393e+06 0 -2.62393e+06 0 2.62393e+06 0 -2.62393e+06 0
28 2.72111e+06 0 -2.72111e+06 0 2.72111e+06 0 -2.72111e+06 0
29 2.81829e+06 0 -2.81829e+06 0 2.81829e+06 0 -2.81829e+06 0
30 2.91548e+06 0 -2.91548e+06 0 2.91548e+06 0 -2.91548e+06 0
31 3.01266e+06 0 -3.01266e+06 0 3.01266e+06 0 -3.01266e+06 0
32 3.10984e+06 0 -3.10984e+06 0 3.10984e+06 0 -3.10984e+06 0
33 3.20702e+06 0 -3.20702e+06 0 3.20702e+06 0 -3.20702e+06 0
34 3.30421e+06 0 -3.30421e+06 0 3.30421e+06 0 -3.30421e+06 0
35 3.40139e+06 0 -3.40139e+06 0 3.40139e+06 0 -3.40139e+06 0
36 3.49857e+06 0 -3.49857e+06 0 3.49857e+06 0 -3.49857e+06 0
37 3.59575e+06 0 -3.59575e+06 0 3.59575e+06 0 -3.59575e+06 0
38 3.69294e+06 0 -3.69294e+06 0 3.69294e+06 0 -3.69294e+06 0
39 3.79012e+06 0 -3.79012e+06 0 3.79012e+06 0 -3.79012e+06 0
40 3.8873e+06 0 -3.8873e+06 0 3.8873e+06 0 -3.8873e+06 0
41 3.98448e+06 0 -3.98448e+06 0 3.98448e+06 0 -3.98448e+06 0
42 4.08167e+06 0 -4.08167e+06 0 4.08167e+06 0 -4.08167e+06 0
43 4.17885e+06 0 -4.17885e+06 0 4.17885e+06 0 -4.17885e+06 0
44 4.27603e+06 0 -4.27603e+06 0 4.27603e+06 0 -4.27603e+06 0
45 4.37321e+06 0 -4.37321e+06 0 4.37321e+06 0 -4.37321e+06 0
46 4.4704e+06 0 -4.4704e+06 0 4.4704e+06 0 -4.4704e+06 0
47 4.56758e+06 0 -4.56758e+06 0 4.56758e+06 0 -4.56758e+06 0
48 4.66476e+06 0 -4.66476e+06 0 4.66476e+06 0 -4.66476e+06 0
49 4.76194e+06 0 -4.76194e+06 0 4.76194e+06 0 -4.76194e+06 0
50 4.85913e+06 0 -4.85913e+06 0 4.85913e+06 0 -4.85913e+06 0
51 4.95631e+06 0 -4.95631e+06 0 4.95631e+06 0 -4.95631e+06 0
52 5.05349e+06 0 -5.05349e+06 0 5.05349e+06 0 -5.05349e+06 0
53 5.15067e+06 0 -5.15067e+06 0 5.15067e+06 0 -5.15067e+06 0
54 5.24786e+06 0 -5.24786e+06 0 5.24786e+06 0 -5.24786e+06 0
55 5.34504e+06 0 -5.34504e+06 0 5.34504e+06 0 -5.34504e+06 0
56 5.44222e+06 0 -5.44222e+06 0 5.44222e+06 0 -5.44222e+06 0
57 5.5394e+06 0 -5.5394e+06 0 5.5394e+06 0 -5.5394e+06 0
58 5.63659e+06 0 -5.63659e+06 0 5.63659e+06 0 -5.63659e+06 0
59 5.73377e+06 0 -5.73377e+06 0 5.73377e+06 0 -5.73377e+06 0
60 5.83095e+06 0 -5.83095e+06 0 5.83095e+06 0 -5.83095e+06 0
61 5.92813e+06 0 -5.92813e+06 0 5.92813e+06 0 -5.92813e+06 0
62 6.02532e+06 0 -6.02532e+06 0 6.02532e+06 0 -6.02532e+06 0
63 6.1225e+06 0 -6.1225e+06 0 6.1225e+06 0 -6.1225e+06 0
64 6.21968e+06 0 -6.21968e+06 0 6.21968e+06 0 -6.21968e+06 0
65 6.31686e+06 0 -6.31686e+06 0 6.31686e+06 0 -6.31686e+06 0
66 6.41405e+06 0 -6.41405e+06 0 6.41405e+06 0 -6.41405e+06 0
67 6.51123e+06 0 -6.51123e+06 0 6.51123e+06 0 -6.51123e+06 0
68 6.60841e+06 0 -6.60841e+06 0 6.60841e+06 0 -6.60841e+06 0
69 6.70559e+06 0 -6.70559e+06 0 6.70559e+06 0 -6.70559e+06 0
70 6.80278e+06 0 -6.80278e+06 0 6.80278e+06 0 -6.80278e+06 0
71 6.89996e+06 0 -6.89996e+06 0 6.89996e+06 0 -6.89996e+06 0
72 6.99714e+06 0 -6.99714e+06 0 6.99714e+06 0 -6.99714e+06 0
73 7.09432e+06 0 -7.09432e+06 0 7.09432e+06 0 -7.09432e+06 0
74 7.19151e+06 0 -7.19151e+06 0 7.19151e+06 0 -7.19151e+06 0
75 7.28869e+06 0 -7.28869e+06 0 7.28869e+06 0 -7.28869e+06 0
76 7.38587e+06 0 -7.38587e+06 0 7.38587e+06 0 -7.38587e+06 0
77 7.48305e+06 0 -7.48305e+06 0 7.48305e+06 0 -7.48305e+06 0
78 7.58024e+06 0 -7.58024e+06 0 7.58024e+06 0 -7.58024e+06 0
79 7.67742e+06 0 -7.67742e+06 0 7.67742e+06 0 -7.67742e+06 0
80 7.7746e+06 0 -7.7746e+06 0 7.7746e+06 0 -7.7746e+06 0
81 7.87179e+06 0 -7.87179e+06 0 7.87179e+06 0 -7.87179e+06 0
82 7.96897e+06 0 -7.96897e+06 0 7.96897e+06 0 -7.96897e+06 0
83 8.06615e+06 0 -8.06615e+06 0 8.06615e+06 0 -8.06615e+06 0
84 8.16333e+06 0 -8.16333e+06 0 8.16333e+06 0 -8.16333e+06 0
85 8.26052e+06 0 -8.26052e+06 0 8.26052e+06 0 -8.26052e+06 0
86 8.3577e+06 0 -8.3577e+06 0 8.3577e+06 0 -8.3577e+06 0
87 8.45488e+06 0 -8.45488e+06 0 8.45488e+06 0 -8.45488e+06 0
88 8.55206e+06 0 -8.55206e+06 0 8.55206e+06 0 -8.55206e+06 0
89 8.64925e+06 0 -8.64925e+06 0 8.64925e+06 0 -8.64925e+06 0
90 8.74643e+06 0 -8.74643e+06 0 8.74643e+06 0 -8.74643e+06 0
91 8.84361e+06 0 -8.84361e+06 0 8.84361e+06 0 -8.84361e+06 0
92 8.94079e+06 0 -8.94079e+06 0 8.94079e+06 0 -8.94079e+06 0
93 9.03798e+06 0 -9.03798e+06 0 9.03798e+06 0 -9.03798e+06 0
94 9.13516e+06 0 -9.13516e+06 0 9.13516e+06 0 -9.13516e+06 0
95 9.23234e+06 0 -9.23234e+06 0 9.23234e+06 0 -9.23234e+06 0
96 9.32952e+06 0 -9.32952e+06 0 9.32952e+06 0 -9.32952e+06 0
97 9.42671e+06 0 -9.42671e+06 0 9.42671e+06 0 -9.42671e+06 0
98 9.52389e+06 0 -9.52389e+06 0 9.52389e+06 0 -9.52389e+06 0
99 9.62107e+06 0 -9.62107e+06 0 9.62107e+06 0 -9.62107e+06 0
100 9.71825e+06 0 -9.71825e+06 0 9.71825e+06 0 -9.71825e+06 0
