1 -97182.5 -97182.5
2 -194365 -194365
3 -291548 -291548
4 -388730 -388730
5 -485913 -485913
6 -583095 -583095
7 -680278 -680278
8 -777460 -777460
9 -874643 -874643
10 -971825 -971825
11 -1.06901e+06 -1.06901e+06
12 -1.16619e+06 -1.16619e+06
13 -1.26337e+06 -1.26337e+06
14 -1.36056e+06 -1.36056e+06
15 -1.45774e+06 -1.45774e+06
16 -1.55492e+06 -1.55492e+06
17 -1.6521e+06 -1.6521e+06
18 -1.74929e+06 -1.74929e+06
19 -1.84647e+06 -1.84647e+06
20 -1.94365e+06 -1.94365e+06
21 -2.04083e+06 -2.04083e+06
22 -2.13802e+06 -2.13802e+06
23 -2.2352e+06 -2.2352e+06
24 -2.33238e+06 -2.33238e+06
25 -2.42956e+06 -2.42956e+06
26 -2.52675e+06 -2.52675e+06
27 -2.62393e+06 -2.62393e+06
28 -2.72111e+06 -2.72111e+06
29 -2.81829e+06 -2.81829e+06
30 -2.91548e+06 -2.91548e+06
31 -3.01266e+06 -3.01266e+06
32 -3.10984e+06 -3.10984e+06
33 -3.20702e+06 -3.20702e+06
34 -3.30421e+06 -3.30421e+06
35 -3.40139e+06 -3.40139e+06
36 -3.49857e+06 -3.49857e+06
37 -3.59575e+06 -3.59575e+06
38 -3.69294e+06 -3.69294e+06
39 -3.79012e+06 -3.79012e+06
40 -3.8873e+06 -3.8873e+06
41 -3.98448e+06 -3.98448e+06
42 -4.08167e+06 -4.08167e+06
43 -4.17885e+06 -4.17885e+06
44 -4.27603e+06 -4.27603e+06
45 -4.37321e+06 -4.37321e+06
46 -4.4704e+06 -4.4704e+06
47 -4.56758e+06 -4.56758e+06
48 -4.66476e+06 -4.66476e+06
49 -4.76194e+06 -4.76194e+06
50 -4.85913e+06 -4.85913e+06
51 -4.95631e+06 -4.95631e+06
52 -5.05349e+06 -5.05349e+06
53 -5.15067e+06 -5.15067e+06
54 -5.24786e+06 -5.24786e+06
55 -5.34504e+06 -5.34504e+06
56 -5.44222e+06 -5.44222e+06
57 -5.5394e+06 -5.5394e+06
58 -5.63659e+06 -5.63659e+06
59 -5.73377e+06 -5.73377e+06
60 -5.83095e+06 -5.83095e+06
61 -5.92813e+06 -5.92813e+06
62 -6.02532e+06 -6.02532e+06
63 -6.1225e+06 -6.1225e+06
64 -6.21968e+06 -6.21968e+06
65 -6.31686e+06 -6.31686e+06
66 -6.41405e+06 -6.41405e+06
67 -6.51123e+06 -6.51123e+06
68 -6.60841e+06 -6.60841e+06
69 -6.70559e+06 -6.70559e+06
70 -6.80278e+06 -6.80278e+06
71 -6.89996e+06 -6.89996e+06
72 -6.99714e+06 -6.99714e+06
73 -7.09432e+06 -7.09432e+06
74 -7.19151e+06 -7.19151e+06
75 -7.28869e+06 -7.28869e+06
76 -7.38587e+06 -7.38587e+06
77 -7.48305e+06 -7.48305e+06
78 -7.58024e+06 -7.58024e+06
79 -7.67742e+06 -7.67742e+06
80 -7.7746e+06 -7.7746e+06
81 -7.87179e+06 -7.87179e+06
82 -7.96897e+06 -7.96897e+06
83 -8.06615e+06 -8.06615e+06
84 -8.16333e+06 -8.16333e+06
85 -8.26052e+06 -8.26052e+06
86 -8.3577e+06 -8.3577e+06
87 -8.45488e+06 -8.45488e+06
88 -8.55206e+06 -8.55206e+06
89 -8.64925e+06 -8.64925e+06
90 -8.74643e+06 -8.74643e+06
91 -8.84361e+06 -8.84361e+06
92 -8.94079e+06 -8.94079e+06
93 -9.03798e+06 -9.03798e+06
94 -9.13516e+06 -9.13516e+06
95 -9.23234e+06 -9.23234e+06
96 -9.32952e+06 -9.32952e+06
97 -9.42671e+06 -9.42671e+06
98 -9.52389e+06 -9.52389e+06
99 -9.62107e+06 -9.62107e+06
100 -9.71825e+06 -9.71825e+06
