1 83333.3 50000 -83333.3 -50000 83333.3 -50000 -83333.3 50000
2 166667 100000 -166667 -100000 166667 -100000 -166667 100000
3 250000 150000 -250000 -150000 250000 -150000 -250000 150000
4 333333 200000 -333333 -200000 333333 -200000 -333333 200000
5 416667 250000 -416667 -250000 416667 -250000 -416667 250000
6 500000 300000 -500000 -300000 500000 -300000 -500000 300000
7 583333 350000 -583333 -350000 583333 -350000 -583333 350000
8 666667 400000 -666667 -400000 666667 -400000 -666667 400000
9 750000 450000 -750000 -450000 750000 -450000 -750000 450000
10 833333 500000 -833333 -500000 833333 -500000 -833333 500000
11 916667 550000 -916667 -550000 916667 -550000 -916667 550000
12 1e+06 600000 -1e+06 -600000 1e+06 -600000 -1e+06 600000
13 1.08333e+06 650000 -1.08333e+06 -650000 1.08333e+06 -650000 -1.08333e+06 650000
14 1.16667e+06 700000 -1.16667e+06 -700000 1.16667e+06 -700000 -1.16667e+06 700000
15 1.25e+06 750000 -1.25e+06 -750000 1.25e+06 -750000 -1.25e+06 750000
16 1.33333e+06 800000 -1.33333e+06 -800000 1.33333e+06 -800000 -1.33333e+06 800000
17 1.41667e+06 850000 -1.41667e+06 -850000 1.41667e+06 -850000 -1.41667e+06 850000
18 1.5e+06 900000 -1.5e+06 -900000 1.5e+06 -900000 -1.5e+06 900000
19 1.58333e+06 950000 -1.58333e+06 -950000 1.58333e+06 -950000 -1.58333e+06 950000
20 1.66667e+06 1e+06 -1.66667e+06 -1e+06 1.66667e+06 -1e+06 -1.66667e+06 1e+06
21 1.75e+06 1.05e+06 -1.75e+06 -1.05e+06 1.75e+06 -1.05e+06 -1.75e+06 1.05e+06
22 1.83333e+06 1.1e+06 -1.83333e+06 -1.1e+06 1.83333e+06 -1.1e+06 -1.83333e+06 1.1e+06
23 1.91667e+06 1.15e+06 -1.91667e+06 -1.15e+06 1.91667e+06 -1.15e+06 -1.91667e+06 1.15e+06
24 2e+06 1.2e+06 -2e+06 -1.2e+06 2e+06 -1.2e+06 -2e+06 1.2e+06
25 2.08333e+06 1.25e+06 -2.08333e+06 -1.25e+06 2.08333e+06 -1.25e+06 -2.08333e+06 1.25e+06
26 2.16667e+06 1.3e+06 -2.16667e+06 -1.3e+06 2.16667e+06 -1.3e+06 -2.16667e+06 1.3e+06
27 2.25e+06 1.35e+06 -2.25e+06 -1.35e+06 2.25e+06 -1.35e+06 -2.25e+06 1.35e+06
28 2.33333e+06 1.4e+06 -2.33333e+06 -1.4e+06 2.33333e+06 -1.4e+06 -2.33333e+06 1.4e+06
29 2.41667e+06 1.45e+06 -2.41667e+06 -1.45e+06 2.41667e+06 -1.45e+06 -2.41667e+06 1.45e+06
30 2.5e+06 1.5e+06 -2.5e+06 -1.5e+06 2.5e+06 -1.5e+06 -2.5e+06 1.5e+06
31 2.58333e+06 1.55e+06 -2.58333e+06 -1.55e+06 2.58333e+06 -1.55e+06 -2.58333e+06 1.55e+06
32 2.66667e+06 1.6e+06 -2.66667e+06 -1.6e+06 2.66667e+06 -1.6e+06 -2.66667e+06 1.6e+06
33 2.75e+06 1.65e+06 -2.75e+06 -1.65e+06 2.75e+06 -1.65e+06 -2.75e+06 1.65e+06
34 2.83333e+06 1.7e+06 -2.83333e+06 -1.7e+06 2.83333e+06 -1.7e+06 -2.83333e+06 1.7e+06
35 2.91667e+06 1.75e+06 -2.91667e+06 -1.75e+06 2.91667e+06 -1.75e+06 -2.91667e+06 1.75e+06
36 3e+06 1.8e+06 -3e+06 -1.8e+06 3e+06 -1.8e+06 -3e+06 1.8e+06
37 3.08333e+06 1.85e+06 -3.08333e+06 -1.85e+06 3.08333e+06 -1.85e+06 -3.08333e+06 1.85e+06
38 3.16667e+06 1.9e+06 -3.16667e+06 -1.9e+06 3.16667e+06 -1.9e+06 -3.16667e+06 1.9e+06
39 3.25e+06 1.95e+06 -3.25e+06 -1.95e+06 3.25e+06 -1.95e+06 -3.25e+06 1.95e+06
40 3.33333e+06 2e+06 -3.33333e+06 -2e+06 3.33333e+06 -2e+06 -3.33333e+06 2e+06
41 3.41667e+06 2.05e+06 -3.41667e+06 -2.05e+06 3.41667e+06 -2.05e+06 -3.41667e+06 2.05e+06
42 3.5e+06 2.1e+06 -3.5e+06 -2.1e+06 3.5e+06 -2.1e+06 -3.5e+06 2.1e+06
43 3.58333e+06 2.15e+06 -3.58333e+06 -2.15e+06 3.58333e+06 -2.15e+06 -3.58333e+06 2.15e+06
44 3.66667e+06 2.2e+06 -3.66667e+06 -2.2e+06 3.66667e+06 -2.2e+06 -3.66667e+06 2.2e+06
45 3.75e+06 2.25e+06 -3.75e+06 -2.25e+06 3.75e+06 -2.25e+06 -3.75e+06 2.25e+06
46 3.83333e+06 2.3e+06 -3.83333e+06 -2.3e+06 3.83333e+06 -2.3e+06 -3.83333e+06 2.3e+06
47 3.91667e+06 2.35e+06 -3.91667e+06 -2.35e+06 3.91667e+06 -2.35e+06 -3.91667e+06 2.35e+06
48 4e+06 2.4e+06 -4e+06 -2.4e+06 4e+06 -2.4e+06 -4e+06 2.4e+06
49 4.08333e+06 2.45e+06 -4.08333e+06 -2.45e+06 4.08333e+06 -2.45e+06 -4.08333e+06 2.45e+06
50 4.16667e+06 2.5e+06 -4.16667e+06 -2.5e+06 4.16667e+06 -2.5e+06 -4.16667e+06 2.5e+06
51 4.25e+06 2.55e+06 -4.25e+06 -2.55e+06 4.25e+06 -2.55e+06 -4.25e+06 2.55e+06
52 4.33333e+06 2.6e+06 -4.33333e+06 -2.6e+06 4.33333e+06 -2.6e+06 -4.33333e+06 2.6e+06
53 4.41667e+06 2.65e+06 -4.41667e+06 -2.65e+06 4.41667e+06 -2.65e+06 -4.41667e+06 2.65e+06
54 4.5e+06 2.7e+06 -4.5e+06 -2.7e+06 4.5e+06 -2.7e+06 -4.5e+06 2.7e+06
55 4.58333e+06 2.75e+06 -4.58333e+06 -2.75e+06 4.58333e+06 -2.75e+06 -4.58333e+06 2.75e+06
56 4.66667e+06 2.8e+06 -4.66667e+06 -2.8e+06 4.66667e+06 -2.8e+06 -4.66667e+06 2.8e+06
57 4.75e+06 2.85e+06 -4.75e+06 -2.85e+06 4.75e+06 -2.85e+06 -4.75e+06 2.85e+06
58 4.83333e+06 2.9e+06 -4.83333e+06 -2.9e+06 4.83333e+06 -2.9e+06 -4.83333e+06 2.9e+06
59 4.91667e+06 2.95e+06 -4.91667e+06 -2.95e+06 4.91667e+06 -2.95e+06 -4.91667e+06 2.95e+06
60 5e+06 3e+06 -5e+06 -3e+06 5e+06 -3e+06 -5e+06 3e+06
61 5.08333e+06 3.05e+06 -5.08333e+06 -3.05e+06 5.08333e+06 -3.05e+06 -5.08333e+06 3.05e+06
62 5.16667e+06 3.1e+06 -5.16667e+06 -3.1e+06 5.16667e+06 -3.1e+06 -5.16667e+06 3.1e+06
63 5.25e+06 3.15e+06 -5.25e+06 -3.15e+06 5.25e+06 -3.15e+06 -5.25e+06 3.15e+06
64 5.33333e+06 3.2e+06 -5.33333e+06 -3.2e+06 5.33333e+06 -3.2e+06 -5.33333e+06 3.2e+06
65 5.41667e+06 3.25e+06 -5.41667e+06 -3.25e+06 5.41667e+06 -3.25e+06 -5.41667e+06 3.25e+06
66 5.5e+06 3.3e+06 -5.5e+06 -3.3e+06 5.5e+06 -3.3e+06 -5.5e+06 3.3e+06
67 5.58333e+06 3.35e+06 -5.58333e+06 -3.35e+06 5.58333e+06 -3.35e+06 -5.58333e+06 3.35e+06
68 5.66667e+06 3.4e+06 -5.66667e+06 -3.4e+06 5.66667e+06 -3.4e+06 -5.66667e+06 3.4e+06
69 5.75e+06 3.45e+06 -5.75e+06 -3.45e+06 5.75e+06 -3.45e+06 -5.75e+06 3.45e+06
70 5.83333e+06 3.5e+06 -5.83333e+06 -3.5e+06 5.83333e+06 -3.5e+06 -5.83333e+06 3.5e+06
71 5.91667e+06 3.55e+06 -5.91667e+06 -3.55e+06 5.91667e+06 -3.55e+06 -5.91667e+06 3.55e+06
72 6e+06 3.6e+06 -6e+06 -3.6e+06 6e+06 -3.6e+06 -6e+06 3.6e+06
73 6.08333e+06 3.65e+06 -6.08333e+06 -3.65e+06 6.08333e+06 -3.65e+06 -6.08333e+06 3.65e+06
74 6.16667e+06 3.7e+06 -6.16667e+06 -3.7e+06 6.16667e+06 -3.7e+06 -6.16667e+06 3.7e+06
75 6.25e+06 3.75e+06 -6.25e+06 -3.75e+06 6.25e+06 -3.75e+06 -6.25e+06 3.75e+06
76 6.33333e+06 3.8e+06 -6.33333e+06 -3.8e+06 6.33333e+06 -3.8e+06 -6.33333e+06 3.8e+06
77 6.41667e+06 3.85e+06 -6.41667e+06 -3.85e+06 6.41667e+06 -3.85e+06 -6.41667e+06 3.85e+06
78 6.5e+06 3.9e+06 -6.5e+06 -3.9e+06 6.5e+06 -3.9e+06 -6.5e+06 3.9e+06
79 6.58333e+06 3.95e+06 -6.58333e+06 -3.95e+06 6.58333e+06 -3.95e+06 -6.58333e+06 3.95e+06
80 6.66667e+06 4e+06 -6.66667e+06 -4e+06 6.66667e+06 -4e+06 -6.66667e+06 4e+06
81 6.75e+06 4.05e+06 -6.75e+06 -4.05e+06 6.75e+06 -4.05e+06 -6.75e+06 4.05e+06
82 6.83333e+06 4.1e+06 -6.83333e+06 -4.1e+06 6.83333e+06 -4.1e+06 -6.83333e+06 4.1e+06
83 6.91667e+06 4.15e+06 -6.91667e+06 -4.15e+06 6.91667e+06 -4.15e+06 -6.91667e+06 4.15e+06
84 7e+06 4.2e+06 -7e+06 -4.2e+06 7e+06 -4.2e+06 -7e+06 4.2e+06
85 7.08333e+06 4.25e+06 -7.08333e+06 -4.25e+06 7.08333e+06 -4.25e+06 -7.08333e+06 4.25e+06
86 7.16667e+06 4.3e+06 -7.16667e+06 -4.3e+06 7.16667e+06 -4.3e+06 -7.16667e+06 4.3e+06
87 7.25e+06 4.35e+06 -7.25e+06 -4.35e+06 7.25e+06 -4.35e+06 -7.25e+06 4.35e+06
88 7.33333e+06 4.4e+06 -7.33333e+06 -4.4e+06 7.33333e+06 -4.4e+06 -7.33333e+06 4.4e+06
89 7.41667e+06 4.45e+06 -7.41667e+06 -4.45e+06 7.41667e+06 -4.45e+06 -7.41667e+06 4.45e+06
90 7.5e+06 4.5e+06 -7.5e+06 -4.5e+06 7.5e+06 -4.5e+06 -7.5e+06 4.5e+06
91 7.58333e+06 4.55e+06 -7.58333e+06 -4.55e+06 7.58333e+06 -4.55e+06 -7.58333e+06 4.55e+06
92 7.66667e+06 4.6e+06 -7.66667e+06 -4.6e+06 7.66667e+06 -4.6e+06 -7.66667e+06 4.6e+06
93 7.75e+06 4.65e+06 -7.75e+06 -4.65e+06 7.75e+06 -4.65e+06 -7.75e+06 4.65e+06
94 7.83333e+06 4.7e+06 -7.83333e+06 -4.7e+06 7.83333e+06 -4.7e+06 -7.83333e+06 4.7e+06
95 7.91667e+06 4.75e+06 -7.91667e+06 -4.75e+06 7.91667e+06 -4.75e+06 -7.91667e+06 4.75e+06
96 8e+06 4.8e+06 -8e+06 -4.8e+06 8e+06 -4.8e+06 -8e+06 4.8e+06
97 8.08333e+06 4.85e+06 -8.08333e+06 -4.85e+06 8.08333e+06 -4.85e+06 -8.08333e+06 4.85e+06
98 8.16667e+06 4.9e+06 -8.16667e+06 -4.9e+06 8.16667e+06 -4.9e+06 -8.16667e+06 4.9e+06
99 8.25e+06 4.95e+06 -8.25e+06 -4.95e+06 8.25e+06 -4.95e+06 -8.25e+06 4.95e+06
100 8.33333e+06 5e+06 -8.33333e+06 -5e+06 8.33333e+06 -5e+06 -8.33333e+06 5e+06
