1 0 0 0 -0.000550701 0 0
2 0 0 0 -0.0011014 0 0
3 0 0 0 -0.0016521 0 0
4 0 0 0 -0.0022028 0 0
5 0 0 0 -0.00275351 0 0
6 0 0 0 -0.00330421 0 0
7 0 0 0 -0.00385491 0 0
8 0 0 0 -0.00440561 0 0
9 0 0 0 -0.00495631 0 0
10 0 0 0 -0.00550701 0 0
11 0 0 0 -0.00605771 0 0
12 0 0 0 -0.00660841 0 0
13 0 0 0 -0.00715911 0 0
14 0 0 0 -0.00770981 0 0
15 0 0 0 -0.00826052 0 0
16 0 0 0 -0.00881122 0 0
17 0 0 0 -0.00936192 0 0
18 0 0 0 -0.00991262 0 0
19 0 0 0 -0.0104633 0 0
20 0 0 0 -0.011014 0 0
21 0 0 0 -0.0115647 0 0
22 0 0 0 -0.0121154 0 0
23 0 0 0 -0.0126661 0 0
24 0 0 0 -0.0132168 0 0
25 0 0 0 -0.0137675 0 0
26 0 0 0 -0.0143182 0 0
27 0 0 0 -0.0148689 0 0
28 0 0 0 -0.0154196 0 0
29 0 0 0 -0.0159703 0 0
30 0 0 0 -0.016521 0 0
31 0 0 0 -0.0170717 0 0
32 0 0 0 -0.0176224 0 0
33 0 0 0 -0.0181731 0 0
34 0 0 0 -0.0187238 0 0
35 0 0 0 -0.0192745 0 0
36 0 0 0 -0.0198252 0 0
37 0 0 0 -0.0203759 0 0
38 0 0 0 -0.0209266 0 0
39 0 0 0 -0.0214773 0 0
40 0 0 0 -0.022028 0 0
41 0 0 0 -0.0225787 0 0
42 0 0 0 -0.0231294 0 0
43 0 0 0 -0.0236801 0 0
44 0 0 0 -0.0242308 0 0
45 0 0 0 -0.0247815 0 0
46 0 0 0 -0.0253322 0 0
47 0 0 0 -0.0258829 0 0
48 0 0 0 -0.0264336 0 0
49 0 0 0 -0.0269843 0 0
50 0 0 0 -0.0275351 0 0
51 0 0 0 -0.0280858 0 0
52 0 0 0 -0.0286365 0 0
53 0 0 0 -0.0291872 0 0
54 0 0 0 -0.0297379 0 0
55 0 0 0 -0.0302886 0 0
56 0 0 0 -0.0308393 0 0
57 0 0 0 -0.03139 0 0
58 0 0 0 -0.0319407 0 0
59 0 0 0 -0.0324914 0 0
60 0 0 0 -0.0330421 0 0
61 0 0 0 -0.0335928 0 0
62 0 0 0 -0.0341435 0 0
63 0 0 0 -0.0346942 0 0
64 0 0 0 -0.0352449 0 0
65 0 0 0 -0.0357956 0 0
66 0 0 0 -0.0363463 0 0
67 0 0 0 -0.036897 0 0
68 0 0 0 -0.0374477 0 0
69 0 0 0 -0.0379984 0 0
70 0 0 0 -0.0385491 0 0
71 0 0 0 -0.0390998 0 0
72 0 0 0 -0.0396505 0 0
73 0 0 0 -0.0402012 0 0
74 0 0 0 -0.0407519 0 0
75 0 0 0 -0.0413026 0 0
76 0 0 0 -0.0418533 0 0
77 0 0 0 -0.042404 0 0
78 0 0 0 -0.0429547 0 0
79 0 0 0 -0.0435054 0 0
80 0 0 0 -0.0440561 0 0
81 0 0 0 -0.0446068 0 0
82 0 0 0 -0.0451575 0 0
83 0 0 0 -0.0457082 0 0
84 0 0 0 -0.0462589 0 0
85 0 0 0 -0.0468096 0 0
86 0 0 0 -0.0473603 0 0
87 0 0 0 -0.047911 0 0
88 0 0 0 -0.0484617 0 0
89 0 0 0 -0.0490124 0 0
90 0 0 0 -0.0495631 0 0
91 0 0 0 -0.0501138 0 0
92 0 0 0 -0.0506645 0 0
93 0 0 0 -0.0512152 0 0
94 0 0 0 -0.0517659 0 0
95 0 0 0 -0.0523166 0 0
96 0 0 0 -0.0528673 0 0
97 0 0 0 -0.053418 0 0
98 0 0 0 -0.0539687 0 0
99 0 0 0 -0.0545194 0 0
100 0 0 0 -0.0550701 0 0
