1 -11138.8 13861.2 8416.46 -11138.8 -75000 -80444.7 25000 -5444.73 19555.3 -106066 -35355.3 7700.01 -27655.3 -106066
2 -22277.6 27722.4 16832.9 -22277.6 -150000 -160889 50000 -10889.5 39110.5 -212132 -70710.7 15400 -55310.7 -212132
3 -33416.5 41583.5 25249.4 -33416.5 -225000 -241334 75000 -16334.2 58665.8 -318198 -106066 23100 -82966 -318198
4 -44555.3 55444.7 33665.8 -44555.3 -300000 -321779 100000 -21778.9 78221.1 -424264 -141421 30800 -110621 -424264
5 -55694.1 69305.9 42082.3 -55694.1 -375000 -402224 125000 -27223.6 97776.4 -530330 -176777 38500 -138277 -530330
6 -66832.9 83167.1 50498.7 -66832.9 -450000 -482668 150000 -32668.4 117332 -636396 -212132 46200 -165932 -636396
7 -77971.7 97028.3 58915.2 -77971.7 -525000 -563113 175000 -38113.1 136887 -742462 -247487 53900 -193587 -742462
8 -89110.5 110889 67331.6 -89110.5 -600000 -643558 200000 -43557.8 156442 -848528 -282843 61600 -221243 -848528
9 -100249 124751 75748.1 -100249 -675000 -724003 225000 -49002.5 175997 -954594 -318198 69300.1 -248898 -954594
10 -111388 138612 84164.6 -111388 -750000 -804447 250000 -54447.3 195553 -1.06066e+06 -353553 77000.1 -276553 -1.06066e+06
11 -122527 152473 92581 -122527 -825000 -884892 275000 -59892 215108 -1.16673e+06 -388909 84700.1 -304209 -1.16673e+06
12 -133666 166334 100997 -133666 -900000 -965337 300000 -65336.7 234663 -1.27279e+06 -424264 92400.1 -331864 -1.27279e+06
13 -144805 180195 109414 -144805 -975000 -1.04578e+06 325000 -70781.4 254219 -1.37886e+06 -459619 100100 -359519 -1.37886e+06
14 -155943 194057 117830 -155943 -1.05e+06 -1.12623e+06 350000 -76226.2 273774 -1.48492e+06 -494975 107800 -387175 -1.48492e+06
15 -167082 207918 126247 -167082 -1.125e+06 -1.20667e+06 375000 -81670.9 293329 -1.59099e+06 -530330 115500 -414830 -1.59099e+06
16 -178221 221779 134663 -178221 -1.2e+06 -1.28712e+06 400000 -87115.6 312884 -1.69706e+06 -565685 123200 -442485 -1.69706e+06
17 -189360 235640 143080 -189360 -1.275e+06 -1.36756e+06 425000 -92560.3 332440 -1.80312e+06 -601041 130900 -470141 -1.80312e+06
18 -200499 249501 151496 -200499 -1.35e+06 -1.44801e+06 450000 -98005.1 351995 -1.90919e+06 -636396 138600 -497796 -1.90919e+06
19 -211638 263362 159913 -211638 -1.425e+06 -1.52845e+06 475000 -103450 371550 -2.01525e+06 -671751 146300 -525451 -2.01525e+06
20 -222776 277224 168329 -222776 -1.5e+06 -1.60889e+06 500000 -108895 391105 -2.12132e+06 -707107 154000 -553107 -2.12132e+06
21 -233915 291085 176746 -233915 -1.575e+06 -1.68934e+06 525000 -114339 410661 -2.22739e+06 -742462 161700 -580762 -2.22739e+06
22 -245054 304946 185162 -245054 -1.65e+06 -1.76978e+06 550000 -119784 430216 -2.33345e+06 -777817 169400 -608417 -2.33345e+06
23 -256193 318807 193578 -256193 -1.725e+06 -1.85023e+06 575000 -125229 449771 -2.43952e+06 -813173 177100 -636073 -2.43952e+06
24 -267332 332668 201995 -267332 -1.8e+06 -1.93067e+06 600000 -130673 469327 -2.54558e+06 -848528 184800 -663728 -2.54558e+06
25 -278470 346530 210411 -278470 -1.875e+06 -2.01112e+06 625000 -136118 488882 -2.65165e+06 -883883 192500 -691383 -2.65165e+06
26 -289609 360391 218828 -289609 -1.95e+06 -2.09156e+06 650000 -141563 508437 -2.75772e+06 -919239 200200 -719039 -2.75772e+06
27 -300748 374252 227244 -300748 -2.025e+06 -2.17201e+06 675000 -147008 527992 -2.86378e+06 -954594 207900 -746694 -2.86378e+06
28 -311887 388113 235661 -311887 -2.1e+06 -2.25245e+06 700000 -152452 547548 -2.96985e+06 -989949 215600 -774349 -2.96985e+06
29 -323026 401974 244077 -323026 -2.175e+06 -2.3329e+06 725000 -157897 567103 -3.07591e+06 -1.0253e+06 223300 -802005 -3.07591e+06
30 -334165 415835 252494 -334165 -2.25e+06 -2.41334e+06 750000 -163342 586658 -3.18198e+06 -1.06066e+06 231000 -829660 -3.18198e+06
31 -345303 429697 260910 -345303 -2.325e+06 -2.49379e+06 775000 -168787 606213 -3.28805e+06 -1.09602e+06 238700 -857315 -3.28805e+06
32 -356442 443558 269327 -356442 -2.4e+06 -2.57423e+06 800000 -174231 625769 -3.39411e+06 -1.13137e+06 246400 -884971 -3.39411e+06
33 -367581 457419 277743 -367581 -2.475e+06 -2.65468e+06 825000 -179676 645324 -3.50018e+06 -1.16673e+06 254100 -912626 -3.50018e+06
34 -378720 471280 286159 -378720 -2.55e+06 -2.73512e+06 850000 -185121 664879 -3.60624e+06 -1.20208e+06 261800 -940281 -3.60624e+06
35 -389859 485141 294576 -389859 -2.625e+06 -2.81557e+06 875000 -190565 684435 -3.71231e+06 -1.23744e+06 269500 -967937 -3.71231e+06
36 -400997 499003 302992 -400997 -2.7e+06 -2.89601e+06 900000 -196010 703990 -3.81838e+06 -1.27279e+06 277200 -995592 -3.81838e+06
37 -412136 512864 311409 -412136 -2.775e+06 -2.97645e+06 925000 -201455 723545 -3.92444e+06 -1.30815e+06 284900 -1.02325e+06 -3.92444e+06
38 -423275 526725 319825 -423275 -2.85e+06 -3.0569e+06 950000 -206900 743100 -4.03051e+06 -1.3435e+06 292600 -1.0509e+06 -4.03051e+06
39 -434414 540586 328242 -434414 -2.925e+06 -3.13734e+06 975000 -212344 762656 -4.13657e+06 -1.37886e+06 300300 -1.07856e+06 -4.13657e+06
40 -445553 554447 336658 -445553 -3e+06 -3.21779e+06 1e+06 -217789 782211 -4.24264e+06 -1.41421e+06 308000 -1.10621e+06 -4.24264e+06
41 -456692 568308 345075 -456692 -3.075e+06 -3.29823e+06 1.025e+06 -223234 801766 -4.34871e+06 -1.44957e+06 315700 -1.13387e+06 -4.34871e+06
42 -467830 582170 353491 -467830 -3.15e+06 -3.37868e+06 1.05e+06 -228679 821321 -4.45477e+06 -1.48492e+06 323400 -1.16152e+06 -4.45477e+06
43 -478969 596031 361908 -478969 -3.225e+06 -3.45912e+06 1.075e+06 -234123 840877 -4.56084e+06 -1.52028e+06 331100 -1.18918e+06 -4.56084e+06
44 -490108 609892 370324 -490108 -3.3e+06 -3.53957e+06 1.1e+06 -239568 860432 -4.6669e+06 -1.55563e+06 338800 -1.21683e+06 -4.6669e+06
45 -501247 623753 378740 -501247 -3.375e+06 -3.62001e+06 1.125e+06 -245013 879987 -4.77297e+06 -1.59099e+06 346500 -1.24449e+06 -4.77297e+06
46 -512386 637614 387157 -512386 -3.45e+06 -3.70046e+06 1.15e+06 -250457 899543 -4.87904e+06 -1.62635e+06 354200 -1.27215e+06 -4.87904e+06
47 -523524 651476 395573 -523524 -3.525e+06 -3.7809e+06 1.175e+06 -255902 919098 -4.9851e+06 -1.6617e+06 361900 -1.2998e+06 -4.9851e+06
48 -534663 665337 403990 -534663 -3.6e+06 -3.86135e+06 1.2e+06 -261347 938653 -5.09117e+06 -1.69706e+06 369600 -1.32746e+06 -5.09117e+06
49 -545802 679198 412406 -545802 -3.675e+06 -3.94179e+06 1.225e+06 -266792 958208 -5.19723e+06 -1.73241e+06 377300 -1.35511e+06 -5.19723e+06
50 -556941 693059 420823 -556941 -3.75e+06 -4.02224e+06 1.25e+06 -272236 977764 -5.3033e+06 -1.76777e+06 385000 -1.38277e+06 -5.3033e+06
51 -568080 706920 429239 -568080 -3.825e+06 -4.10268e+06 1.275e+06 -277681 997319 -5.40937e+06 -1.80312e+06 392700 -1.41042e+06 -5.40937e+06
52 -579219 720781 437656 -579219 -3.9e+06 -4.18313e+06 1.3e+06 -283126 1.01687e+06 -5.51543e+06 -1.83848e+06 400400 -1.43808e+06 -5.51543e+06
53 -590357 734643 446072 -590357 -3.975e+06 -4.26357e+06 1.325e+06 -288570 1.03643e+06 -5.6215e+06 -1.87383e+06 408100 -1.46573e+06 -5.6215e+06
54 -601496 748504 454489 -601496 -4.05e+06 -4.34402e+06 1.35e+06 -294015 1.05598e+06 -5.72756e+06 -1.90919e+06 415800 -1.49339e+06 -5.72756e+06
55 -612635 762365 462905 -612635 -4.125e+06 -4.42446e+06 1.375e+06 -299460 1.07554e+06 -5.83363e+06 -1.94454e+06 423500 -1.52104e+06 -5.83363e+06
56 -623774 776226 471321 -623774 -4.2e+06 -4.5049e+06 1.4e+06 -304905 1.0951e+06 -5.9397e+06 -1.9799e+06 431200 -1.5487e+06 -5.9397e+06
57 -634913 790087 479738 -634913 -4.275e+06 -4.58535e+06 1.425e+06 -310349 1.11465e+06 -6.04576e+06 -2.01525e+06 438900 -1.57635e+06 -6.04576e+06
58 -646051 803949 488154 -646051 -4.35e+06 -4.66579e+06 1.45e+06 -315794 1.13421e+06 -6.15183e+06 -2.05061e+06 446600 -1.60401e+06 -6.15183e+06
59 -657190 817810 496571 -657190 -4.425e+06 -4.74624e+06 1.475e+06 -321239 1.15376e+06 -6.2579e+06 -2.08597e+06 454300 -1.63166e+06 -6.2579e+06
60 -668329 831671 504987 -668329 -4.5e+06 -4.82668e+06 1.5e+06 -326684 1.17332e+06 -6.36396e+06 -2.12132e+06 462000 -1.65932e+06 -6.36396e+06
61 -679468 845532 513404 -679468 -4.575e+06 -4.90713e+06 1.525e+06 -332128 1.19287e+06 -6.47003e+06 -2.15668e+06 469700 -1.68698e+06 -6.47003e+06
62 -690607 859393 521820 -690607 -4.65e+06 -4.98757e+06 1.55e+06 -337573 1.21243e+06 -6.57609e+06 -2.19203e+06 477400 -1.71463e+06 -6.57609e+06
63 -701746 873254 530237 -701746 -4.725e+06 -5.06802e+06 1.575e+06 -343018 1.23198e+06 -6.68216e+06 -2.22739e+06 485100 -1.74229e+06 -6.68216e+06
64 -712884 887116 538653 -712884 -4.8e+06 -5.14846e+06 1.6e+06 -348462 1.25154e+06 -6.78823e+06 -2.26274e+06 492800 -1.76994e+06 -6.78823e+06
65 -724023 900977 547070 -724023 -4.875e+06 -5.22891e+06 1.625e+06 -353907 1.27109e+06 -6.89429e+06 -2.2981e+06 500500 -1.7976e+06 -6.89429e+06
66 -735162 914838 555486 -735162 -4.95e+06 -5.30935e+06 1.65e+06 -359352 1.29065e+06 -7.00036e+06 -2.33345e+06 508200 -1.82525e+06 -7.00036e+06
67 -746301 928699 563903 -746301 -5.025e+06 -5.3898e+06 1.675e+06 -364797 1.3102e+06 -7.10642e+06 -2.36881e+06 515900 -1.85291e+06 -7.10642e+06
68 -757440 942560 572319 -757440 -5.1e+06 -5.47024e+06 1.7e+06 -370241 1.32976e+06 -7.21249e+06 -2.40416e+06 523600 -1.88056e+06 -7.21249e+06
69 -768578 956422 580735 -768578 -5.175e+06 -5.55069e+06 1.725e+06 -375686 1.34931e+06 -7.31856e+06 -2.43952e+06 531300 -1.90822e+06 -7.31856e+06
70 -779717 970283 589152 -779717 -5.25e+06 -5.63113e+06 1.75e+06 -381131 1.36887e+06 -7.42462e+06 -2.47487e+06 539000 -1.93587e+06 -7.42462e+06
71 -790856 984144 597568 -790856 -5.325e+06 -5.71158e+06 1.775e+06 -386576 1.38842e+06 -7.53069e+06 -2.51023e+06 546700 -1.96353e+06 -7.53069e+06
72 -801995 998005 605985 -801995 -5.4e+06 -5.79202e+06 1.8e+06 -392020 1.40798e+06 -7.63675e+06 -2.54558e+06 554400 -1.99118e+06 -7.63675e+06
73 -813134 1.01187e+06 614401 -813134 -5.475e+06 -5.87247e+06 1.825e+06 -397465 1.42753e+06 -7.74282e+06 -2.58094e+06 562100 -2.01884e+06 -7.74282e+06
74 -824273 1.02573e+06 622818 -824273 -5.55e+06 -5.95291e+06 1.85e+06 -402910 1.44709e+06 -7.84889e+06 -2.6163e+06 569800 -2.04649e+06 -7.84889e+06
75 -835411 1.03959e+06 631234 -835411 -5.625e+06 -6.03335e+06 1.875e+06 -408354 1.46665e+06 -7.95495e+06 -2.65165e+06 577500 -2.07415e+06 -7.95495e+06
76 -846550 1.05345e+06 639651 -846550 -5.7e+06 -6.1138e+06 1.9e+06 -413799 1.4862e+06 -8.06102e+06 -2.68701e+06 585200 -2.10181e+06 -8.06102e+06
77 -857689 1.06731e+06 648067 -857689 -5.775e+06 -6.19424e+06 1.925e+06 -419244 1.50576e+06 -8.16708e+06 -2.72236e+06 592900 -2.12946e+06 -8.16708e+06
78 -868828 1.08117e+06 656484 -868828 -5.85e+06 -6.27469e+06 1.95e+06 -424689 1.52531e+06 -8.27315e+06 -2.75772e+06 600600 -2.15712e+06 -8.27315e+06
79 -879967 1.09503e+06 664900 -879967 -5.925e+06 -6.35513e+06 1.975e+06 -430133 1.54487e+06 -8.37922e+06 -2.79307e+06 608300 -2.18477e+06 -8.37922e+06
80 -891105 1.10889e+06 673316 -891105 -6e+06 -6.43558e+06 2e+06 -435578 1.56442e+06 -8.48528e+06 -2.82843e+06 616000 -2.21243e+06 -8.48528e+06
81 -902244 1.12276e+06 681733 -902244 -6.075e+06 -6.51602e+06 2.025e+06 -441023 1.58398e+06 -8.59135e+06 -2.86378e+06 623700 -2.24008e+06 -8.59135e+06
82 -913383 1.13662e+06 690149 -913383 -6.15e+06 -6.59647e+06 2.05e+06 -446468 1.60353e+06 -8.69741e+06 -2.89914e+06 631400 -2.26774e+06 -8.69741e+06
83 -924522 1.15048e+06 698566 -924522 -6.225e+06 -6.67691e+06 2.075e+06 -451912 1.62309e+06 -8.80348e+06 -2.93449e+06 639100 -2.29539e+06 -8.80348e+06
84 -935661 1.16434e+06 706982 -935661 -6.3e+06 -6.75736e+06 2.1e+06 -457357 1.64264e+06 -8.90955e+06 -2.96985e+06 646800 -2.32305e+06 -8.90955e+06
85 -946800 1.1782e+06 715399 -946800 -6.375e+06 -6.8378e+06 2.125e+06 -462802 1.6622e+06 -9.01561e+06 -3.0052e+06 654500 -2.3507e+06 -9.01561e+06
86 -957938 1.19206e+06 723815 -957938 -6.45e+06 -6.91825e+06 2.15e+06 -468246 1.68175e+06 -9.12168e+06 -3.04056e+06 662200 -2.37836e+06 -9.12168e+06
87 -969077 1.20592e+06 732232 -969077 -6.525e+06 -6.99869e+06 2.175e+06 -473691 1.70131e+06 -9.22774e+06 -3.07591e+06 669900 -2.40601e+06 -9.22774e+06
88 -980216 1.21978e+06 740648 -980216 -6.6e+06 -7.07914e+06 2.2e+06 -479136 1.72086e+06 -9.33381e+06 -3.11127e+06 677600 -2.43367e+06 -9.33381e+06
89 -991355 1.23365e+06 749065 -991355 -6.675e+06 -7.15958e+06 2.225e+06 -484581 1.74042e+06 -9.43988e+06 -3.14663e+06 685301 -2.46132e+06 -9.43988e+06
90 -1.00249e+06 1.24751e+06 757481 -1.00249e+06 -6.75e+06 -7.24003e+06 2.25e+06 -490025 1.75997e+06 -9.54594e+06 -3.18198e+06 693001 -2.48898e+06 -9.54594e+06
91 -1.01363e+06 1.26137e+06 765897 -1.01363e+06 -6.825e+06 -7.32047e+06 2.275e+06 -495470 1.77953e+06 -9.65201e+06 -3.21734e+06 700701 -2.51664e+06 -9.65201e+06
92 -1.02477e+06 1.27523e+06 774314 -1.02477e+06 -6.9e+06 -7.40091e+06 2.3e+06 -500915 1.79909e+06 -9.75807e+06 -3.25269e+06 708401 -2.54429e+06 -9.75807e+06
93 -1.03591e+06 1.28909e+06 782730 -1.03591e+06 -6.975e+06 -7.48136e+06 2.325e+06 -506360 1.81864e+06 -9.86414e+06 -3.28805e+06 716101 -2.57195e+06 -9.86414e+06
94 -1.04705e+06 1.30295e+06 791147 -1.04705e+06 -7.05e+06 -7.5618e+06 2.35e+06 -511804 1.8382e+06 -9.97021e+06 -3.3234e+06 723801 -2.5996e+06 -9.97021e+06
95 -1.05819e+06 1.31681e+06 799563 -1.05819e+06 -7.125e+06 -7.64225e+06 2.375e+06 -517249 1.85775e+06 -1.00763e+07 -3.35876e+06 731501 -2.62726e+06 -1.00763e+07
96 -1.06933e+06 1.33067e+06 807980 -1.06933e+06 -7.2e+06 -7.72269e+06 2.4e+06 -522694 1.87731e+06 -1.01823e+07 -3.39411e+06 739201 -2.65491e+06 -1.01823e+07
97 -1.08047e+06 1.34453e+06 816396 -1.08047e+06 -7.275e+06 -7.80314e+06 2.425e+06 -528138 1.89686e+06 -1.02884e+07 -3.42947e+06 746901 -2.68257e+06 -1.02884e+07
98 -1.0916e+06 1.3584e+06 824813 -1.0916e+06 -7.35e+06 -7.88358e+06 2.45e+06 -533583 1.91642e+06 -1.03945e+07 -3.46482e+06 754601 -2.71022e+06 -1.03945e+07
99 -1.10274e+06 1.37226e+06 833229 -1.10274e+06 -7.425e+06 -7.96403e+06 2.475e+06 -539028 1.93597e+06 -1.05005e+07 -3.50018e+06 762301 -2.73788e+06 -1.05005e+07
100 -1.11388e+06 1.38612e+06 841646 -1.11388e+06 -7.5e+06 -8.04447e+06 2.5e+06 -544473 1.95553e+06 -1.06066e+07 -3.53553e+06 770001 -2.76553e+06 -1.06066e+07
101 -1.12502e+06 1.39998e+06 850062 -1.12502e+06 -7.575e+06 -8.12492e+06 2.525e+06 -549917 1.97508e+06 -1.07127e+07 -3.57089e+06 777701 -2.79319e+06 -1.07127e+07
102 -1.13616e+06 1.41384e+06 858478 -1.13616e+06 -7.65e+06 -8.20536e+06 2.55e+06 -555362 1.99464e+06 -1.08187e+07 -3.60624e+06 785401 -2.82084e+06 -1.08187e+07
103 -1.1473e+06 1.4277e+06 866895 -1.1473e+06 -7.725e+06 -8.28581e+06 2.575e+06 -560807 2.01419e+06 -1.09248e+07 -3.6416e+06 793101 -2.8485e+06 -1.09248e+07
104 -1.15844e+06 1.44156e+06 875311 -1.15844e+06 -7.8e+06 -8.36625e+06 2.6e+06 -566252 2.03375e+06 -1.10309e+07 -3.67696e+06 800801 -2.87615e+06 -1.10309e+07
105 -1.16958e+06 1.45542e+06 883728 -1.16958e+06 -7.875e+06 -8.4467e+06 2.625e+06 -571696 2.0533e+06 -1.11369e+07 -3.71231e+06 808501 -2.90381e+06 -1.11369e+07
106 -1.18071e+06 1.46929e+06 892144 -1.18071e+06 -7.95e+06 -8.52714e+06 2.65e+06 -577141 2.07286e+06 -1.1243e+07 -3.74767e+06 816201 -2.93147e+06 -1.1243e+07
107 -1.19185e+06 1.48315e+06 900561 -1.19185e+06 -8.025e+06 -8.60759e+06 2.675e+06 -582586 2.09241e+06 -1.13491e+07 -3.78302e+06 823901 -2.95912e+06 -1.13491e+07
108 -1.20299e+06 1.49701e+06 908977 -1.20299e+06 -8.1e+06 -8.68803e+06 2.7e+06 -588030 2.11197e+06 -1.14551e+07 -3.81838e+06 831601 -2.98678e+06 -1.14551e+07
109 -1.21413e+06 1.51087e+06 917394 -1.21413e+06 -8.175e+06 -8.76848e+06 2.725e+06 -593475 2.13152e+06 -1.15612e+07 -3.85373e+06 839301 -3.01443e+06 -1.15612e+07
110 -1.22527e+06 1.52473e+06 925810 -1.22527e+06 -8.25e+06 -8.84892e+06 2.75e+06 -598920 2.15108e+06 -1.16673e+07 -3.88909e+06 847001 -3.04209e+06 -1.16673e+07
111 -1.23641e+06 1.53859e+06 934227 -1.23641e+06 -8.325e+06 -8.92936e+06 2.775e+06 -604365 2.17064e+06 -1.17733e+07 -3.92444e+06 854701 -3.06974e+06 -1.17733e+07
112 -1.24755e+06 1.55245e+06 942643 -1.24755e+06 -8.4e+06 -9.00981e+06 2.8e+06 -609809 2.19019e+06 -1.18794e+07 -3.9598e+06 862401 -3.0974e+06 -1.18794e+07
113 -1.25869e+06 1.56631e+06 951059 -1.25869e+06 -8.475e+06 -9.09025e+06 2.825e+06 -615254 2.20975e+06 -1.19855e+07 -3.99515e+06 870101 -3.12505e+06 -1.19855e+07
114 -1.26983e+06 1.58017e+06 959476 -1.26983e+06 -8.55e+06 -9.1707e+06 2.85e+06 -620699 2.2293e+06 -1.20915e+07 -4.03051e+06 877801 -3.15271e+06 -1.20915e+07
115 -1.28096e+06 1.59404e+06 967892 -1.28096e+06 -8.625e+06 -9.25114e+06 2.875e+06 -626144 2.24886e+06 -1.21976e+07 -4.06586e+06 885501 -3.18036e+06 -1.21976e+07
116 -1.2921e+06 1.6079e+06 976309 -1.2921e+06 -8.7e+06 -9.33159e+06 2.9e+06 -631588 2.26841e+06 -1.23037e+07 -4.10122e+06 893201 -3.20802e+06 -1.23037e+07
117 -1.30324e+06 1.62176e+06 984725 -1.30324e+06 -8.775e+06 -9.41203e+06 2.925e+06 -637033 2.28797e+06 -1.24097e+07 -4.13657e+06 900901 -3.23567e+06 -1.24097e+07
118 -1.31438e+06 1.63562e+06 993142 -1.31438e+06 -8.85e+06 -9.49248e+06 2.95e+06 -642478 2.30752e+06 -1.25158e+07 -4.17193e+06 908601 -3.26333e+06 -1.25158e+07
119 -1.32552e+06 1.64948e+06 1.00156e+06 -1.32552e+06 -8.925e+06 -9.57292e+06 2.975e+06 -647922 2.32708e+06 -1.26219e+07 -4.20729e+06 916301 -3.29098e+06 -1.26219e+07
120 -1.33666e+06 1.66334e+06 1.00997e+06 -1.33666e+06 -9e+06 -9.65337e+06 3e+06 -653367 2.34663e+06 -1.27279e+07 -4.24264e+06 924001 -3.31864e+06 -1.27279e+07
121 -1.3478e+06 1.6772e+06 1.01839e+06 -1.3478e+06 -9.075e+06 -9.73381e+06 3.025e+06 -658812 2.36619e+06 -1.2834e+07 -4.278e+06 931701 -3.3463e+06 -1.2834e+07
122 -1.35894e+06 1.69106e+06 1.02681e+06 -1.35894e+06 -9.15e+06 -9.81426e+06 3.05e+06 -664257 2.38574e+06 -1.29401e+07 -4.31335e+06 939401 -3.37395e+06 -1.29401e+07
123 -1.37007e+06 1.70493e+06 1.03522e+06 -1.37007e+06 -9.225e+06 -9.8947e+06 3.075e+06 -669701 2.4053e+06 -1.30461e+07 -4.34871e+06 947101 -3.40161e+06 -1.30461e+07
124 -1.38121e+06 1.71879e+06 1.04364e+06 -1.38121e+06 -9.3e+06 -9.97515e+06 3.1e+06 -675146 2.42485e+06 -1.31522e+07 -4.38406e+06 954801 -3.42926e+06 -1.31522e+07
125 -1.39235e+06 1.73265e+06 1.05206e+06 -1.39235e+06 -9.375e+06 -1.00556e+07 3.125e+06 -680591 2.44441e+06 -1.32583e+07 -4.41942e+06 962501 -3.45692e+06 -1.32583e+07
126 -1.40349e+06 1.74651e+06 1.06047e+06 -1.40349e+06 -9.45e+06 -1.0136e+07 3.15e+06 -686036 2.46396e+06 -1.33643e+07 -4.45477e+06 970201 -3.48457e+06 -1.33643e+07
127 -1.41463e+06 1.76037e+06 1.06889e+06 -1.41463e+06 -9.525e+06 -1.02165e+07 3.175e+06 -691480 2.48352e+06 -1.34704e+07 -4.49013e+06 977901 -3.51223e+06 -1.34704e+07
128 -1.42577e+06 1.77423e+06 1.07731e+06 -1.42577e+06 -9.6e+06 -1.02969e+07 3.2e+06 -696925 2.50308e+06 -1.35765e+07 -4.52548e+06 985601 -3.53988e+06 -1.35765e+07
129 -1.43691e+06 1.78809e+06 1.08572e+06 -1.43691e+06 -9.675e+06 -1.03774e+07 3.225e+06 -702370 2.52263e+06 -1.36825e+07 -4.56084e+06 993301 -3.56754e+06 -1.36825e+07
130 -1.44805e+06 1.80195e+06 1.09414e+06 -1.44805e+06 -9.75e+06 -1.04578e+07 3.25e+06 -707814 2.54219e+06 -1.37886e+07 -4.59619e+06 1.001e+06 -3.59519e+06 -1.37886e+07
131 -1.45919e+06 1.81581e+06 1.10256e+06 -1.45919e+06 -9.825e+06 -1.05383e+07 3.275e+06 -713259 2.56174e+06 -1.38946e+07 -4.63155e+06 1.0087e+06 -3.62285e+06 -1.38946e+07
132 -1.47032e+06 1.82968e+06 1.11097e+06 -1.47032e+06 -9.9e+06 -1.06187e+07 3.3e+06 -718704 2.5813e+06 -1.40007e+07 -4.6669e+06 1.0164e+06 -3.6505e+06 -1.40007e+07
133 -1.48146e+06 1.84354e+06 1.11939e+06 -1.48146e+06 -9.975e+06 -1.06991e+07 3.325e+06 -724149 2.60085e+06 -1.41068e+07 -4.70226e+06 1.0241e+06 -3.67816e+06 -1.41068e+07
134 -1.4926e+06 1.8574e+06 1.12781e+06 -1.4926e+06 -1.005e+07 -1.07796e+07 3.35e+06 -729593 2.62041e+06 -1.42128e+07 -4.73762e+06 1.0318e+06 -3.70581e+06 -1.42128e+07
135 -1.50374e+06 1.87126e+06 1.13622e+06 -1.50374e+06 -1.0125e+07 -1.086e+07 3.375e+06 -735038 2.63996e+06 -1.43189e+07 -4.77297e+06 1.0395e+06 -3.73347e+06 -1.43189e+07
136 -1.51488e+06 1.88512e+06 1.14464e+06 -1.51488e+06 -1.02e+07 -1.09405e+07 3.4e+06 -740483 2.65952e+06 -1.4425e+07 -4.80833e+06 1.0472e+06 -3.76113e+06 -1.4425e+07
137 -1.52602e+06 1.89898e+06 1.15305e+06 -1.52602e+06 -1.0275e+07 -1.10209e+07 3.425e+06 -745927 2.67907e+06 -1.4531e+07 -4.84368e+06 1.0549e+06 -3.78878e+06 -1.4531e+07
138 -1.53716e+06 1.91284e+06 1.16147e+06 -1.53716e+06 -1.035e+07 -1.11014e+07 3.45e+06 -751372 2.69863e+06 -1.46371e+07 -4.87904e+06 1.0626e+06 -3.81644e+06 -1.46371e+07
139 -1.5483e+06 1.9267e+06 1.16989e+06 -1.5483e+06 -1.0425e+07 -1.11818e+07 3.475e+06 -756817 2.71818e+06 -1.47432e+07 -4.91439e+06 1.0703e+06 -3.84409e+06 -1.47432e+07
140 -1.55943e+06 1.94057e+06 1.1783e+06 -1.55943e+06 -1.05e+07 -1.12623e+07 3.5e+06 -762262 2.73774e+06 -1.48492e+07 -4.94975e+06 1.078e+06 -3.87175e+06 -1.48492e+07
141 -1.57057e+06 1.95443e+06 1.18672e+06 -1.57057e+06 -1.0575e+07 -1.13427e+07 3.525e+06 -767706 2.75729e+06 -1.49553e+07 -4.9851e+06 1.0857e+06 -3.8994e+06 -1.49553e+07
142 -1.58171e+06 1.96829e+06 1.19514e+06 -1.58171e+06 -1.065e+07 -1.14232e+07 3.55e+06 -773151 2.77685e+06 -1.50614e+07 -5.02046e+06 1.0934e+06 -3.92706e+06 -1.50614e+07
143 -1.59285e+06 1.98215e+06 1.20355e+06 -1.59285e+06 -1.0725e+07 -1.15036e+07 3.575e+06 -778596 2.7964e+06 -1.51674e+07 -5.05581e+06 1.1011e+06 -3.95471e+06 -1.51674e+07
144 -1.60399e+06 1.99601e+06 1.21197e+06 -1.60399e+06 -1.08e+07 -1.1584e+07 3.6e+06 -784041 2.81596e+06 -1.52735e+07 -5.09117e+06 1.1088e+06 -3.98237e+06 -1.52735e+07
145 -1.61513e+06 2.00987e+06 1.22039e+06 -1.61513e+06 -1.0875e+07 -1.16645e+07 3.625e+06 -789485 2.83551e+06 -1.53796e+07 -5.12652e+06 1.1165e+06 -4.01002e+06 -1.53796e+07
146 -1.62627e+06 2.02373e+06 1.2288e+06 -1.62627e+06 -1.095e+07 -1.17449e+07 3.65e+06 -794930 2.85507e+06 -1.54856e+07 -5.16188e+06 1.1242e+06 -4.03768e+06 -1.54856e+07
147 -1.63741e+06 2.03759e+06 1.23722e+06 -1.63741e+06 -1.1025e+07 -1.18254e+07 3.675e+06 -800375 2.87463e+06 -1.55917e+07 -5.19723e+06 1.1319e+06 -4.06533e+06 -1.55917e+07
148 -1.64855e+06 2.05145e+06 1.24564e+06 -1.64855e+06 -1.11e+07 -1.19058e+07 3.7e+06 -805819 2.89418e+06 -1.56978e+07 -5.23259e+06 1.1396e+06 -4.09299e+06 -1.56978e+07
149 -1.65968e+06 2.06532e+06 1.25405e+06 -1.65968e+06 -1.1175e+07 -1.19863e+07 3.725e+06 -811264 2.91374e+06 -1.58038e+07 -5.26795e+06 1.1473e+06 -4.12064e+06 -1.58038e+07
150 -1.67082e+06 2.07918e+06 1.26247e+06 -1.67082e+06 -1.125e+07 -1.20667e+07 3.75e+06 -816709 2.93329e+06 -1.59099e+07 -5.3033e+06 1.155e+06 -4.1483e+06 -1.59099e+07
151 -1.68196e+06 2.09304e+06 1.27088e+06 -1.68196e+06 -1.1325e+07 -1.21472e+07 3.775e+06 -822154 2.95285e+06 -1.6016e+07 -5.33866e+06 1.1627e+06 -4.17596e+06 -1.6016e+07
152 -1.6931e+06 2.1069e+06 1.2793e+06 -1.6931e+06 -1.14e+07 -1.22276e+07 3.8e+06 -827598 2.9724e+06 -1.6122e+07 -5.37401e+06 1.1704e+06 -4.20361e+06 -1.6122e+07
153 -1.70424e+06 2.12076e+06 1.28772e+06 -1.70424e+06 -1.1475e+07 -1.2308e+07 3.825e+06 -833043 2.99196e+06 -1.62281e+07 -5.40937e+06 1.1781e+06 -4.23127e+06 -1.62281e+07
154 -1.71538e+06 2.13462e+06 1.29613e+06 -1.71538e+06 -1.155e+07 -1.23885e+07 3.85e+06 -838488 3.01151e+06 -1.63342e+07 -5.44472e+06 1.1858e+06 -4.25892e+06 -1.63342e+07
155 -1.72652e+06 2.14848e+06 1.30455e+06 -1.72652e+06 -1.1625e+07 -1.24689e+07 3.875e+06 -843933 3.03107e+06 -1.64402e+07 -5.48008e+06 1.1935e+06 -4.28658e+06 -1.64402e+07
156 -1.73766e+06 2.16234e+06 1.31297e+06 -1.73766e+06 -1.17e+07 -1.25494e+07 3.9e+06 -849377 3.05062e+06 -1.65463e+07 -5.51543e+06 1.2012e+06 -4.31423e+06 -1.65463e+07
157 -1.74879e+06 2.17621e+06 1.32138e+06 -1.74879e+06 -1.1775e+07 -1.26298e+07 3.925e+06 -854822 3.07018e+06 -1.66524e+07 -5.55079e+06 1.2089e+06 -4.34189e+06 -1.66524e+07
158 -1.75993e+06 2.19007e+06 1.3298e+06 -1.75993e+06 -1.185e+07 -1.27103e+07 3.95e+06 -860267 3.08973e+06 -1.67584e+07 -5.58614e+06 1.2166e+06 -4.36954e+06 -1.67584e+07
159 -1.77107e+06 2.20393e+06 1.33822e+06 -1.77107e+06 -1.1925e+07 -1.27907e+07 3.975e+06 -865711 3.10929e+06 -1.68645e+07 -5.6215e+06 1.2243e+06 -4.3972e+06 -1.68645e+07
160 -1.78221e+06 2.21779e+06 1.34663e+06 -1.78221e+06 -1.2e+07 -1.28712e+07 4e+06 -871156 3.12884e+06 -1.69706e+07 -5.65685e+06 1.232e+06 -4.42485e+06 -1.69706e+07
161 -1.79335e+06 2.23165e+06 1.35505e+06 -1.79335e+06 -1.2075e+07 -1.29516e+07 4.025e+06 -876601 3.1484e+06 -1.70766e+07 -5.69221e+06 1.2397e+06 -4.45251e+06 -1.70766e+07
162 -1.80449e+06 2.24551e+06 1.36347e+06 -1.80449e+06 -1.215e+07 -1.3032e+07 4.05e+06 -882046 3.16795e+06 -1.71827e+07 -5.72756e+06 1.2474e+06 -4.48016e+06 -1.71827e+07
163 -1.81563e+06 2.25937e+06 1.37188e+06 -1.81563e+06 -1.2225e+07 -1.31125e+07 4.075e+06 -887490 3.18751e+06 -1.72888e+07 -5.76292e+06 1.2551e+06 -4.50782e+06 -1.72888e+07
164 -1.82677e+06 2.27323e+06 1.3803e+06 -1.82677e+06 -1.23e+07 -1.31929e+07 4.1e+06 -892935 3.20706e+06 -1.73948e+07 -5.79828e+06 1.2628e+06 -4.53547e+06 -1.73948e+07
165 -1.83791e+06 2.28709e+06 1.38872e+06 -1.83791e+06 -1.2375e+07 -1.32734e+07 4.125e+06 -898380 3.22662e+06 -1.75009e+07 -5.83363e+06 1.2705e+06 -4.56313e+06 -1.75009e+07
166 -1.84904e+06 2.30096e+06 1.39713e+06 -1.84904e+06 -1.245e+07 -1.33538e+07 4.15e+06 -903825 3.24618e+06 -1.7607e+07 -5.86899e+06 1.2782e+06 -4.59079e+06 -1.7607e+07
167 -1.86018e+06 2.31482e+06 1.40555e+06 -1.86018e+06 -1.2525e+07 -1.34343e+07 4.175e+06 -909269 3.26573e+06 -1.7713e+07 -5.90434e+06 1.2859e+06 -4.61844e+06 -1.7713e+07
168 -1.87132e+06 2.32868e+06 1.41396e+06 -1.87132e+06 -1.26e+07 -1.35147e+07 4.2e+06 -914714 3.28529e+06 -1.78191e+07 -5.9397e+06 1.2936e+06 -4.6461e+06 -1.78191e+07
169 -1.88246e+06 2.34254e+06 1.42238e+06 -1.88246e+06 -1.2675e+07 -1.35952e+07 4.225e+06 -920159 3.30484e+06 -1.79252e+07 -5.97505e+06 1.3013e+06 -4.67375e+06 -1.79252e+07
170 -1.8936e+06 2.3564e+06 1.4308e+06 -1.8936e+06 -1.275e+07 -1.36756e+07 4.25e+06 -925603 3.3244e+06 -1.80312e+07 -6.01041e+06 1.309e+06 -4.70141e+06 -1.80312e+07
171 -1.90474e+06 2.37026e+06 1.43921e+06 -1.90474e+06 -1.2825e+07 -1.3756e+07 4.275e+06 -931048 3.34395e+06 -1.81373e+07 -6.04576e+06 1.3167e+06 -4.72906e+06 -1.81373e+07
172 -1.91588e+06 2.38412e+06 1.44763e+06 -1.91588e+06 -1.29e+07 -1.38365e+07 4.3e+06 -936493 3.36351e+06 -1.82434e+07 -6.08112e+06 1.3244e+06 -4.75672e+06 -1.82434e+07
173 -1.92702e+06 2.39798e+06 1.45605e+06 -1.92702e+06 -1.2975e+07 -1.39169e+07 4.325e+06 -941938 3.38306e+06 -1.83494e+07 -6.11647e+06 1.3321e+06 -4.78437e+06 -1.83494e+07
174 -1.93815e+06 2.41185e+06 1.46446e+06 -1.93815e+06 -1.305e+07 -1.39974e+07 4.35e+06 -947382 3.40262e+06 -1.84555e+07 -6.15183e+06 1.3398e+06 -4.81203e+06 -1.84555e+07
175 -1.94929e+06 2.42571e+06 1.47288e+06 -1.94929e+06 -1.3125e+07 -1.40778e+07 4.375e+06 -952827 3.42217e+06 -1.85616e+07 -6.18718e+06 1.3475e+06 -4.83968e+06 -1.85616e+07
176 -1.96043e+06 2.43957e+06 1.4813e+06 -1.96043e+06 -1.32e+07 -1.41583e+07 4.4e+06 -958272 3.44173e+06 -1.86676e+07 -6.22254e+06 1.3552e+06 -4.86734e+06 -1.86676e+07
177 -1.97157e+06 2.45343e+06 1.48971e+06 -1.97157e+06 -1.3275e+07 -1.42387e+07 4.425e+06 -963717 3.46128e+06 -1.87737e+07 -6.2579e+06 1.3629e+06 -4.89499e+06 -1.87737e+07
178 -1.98271e+06 2.46729e+06 1.49813e+06 -1.98271e+06 -1.335e+07 -1.43192e+07 4.45e+06 -969161 3.48084e+06 -1.88798e+07 -6.29325e+06 1.3706e+06 -4.92265e+06 -1.88798e+07
179 -1.99385e+06 2.48115e+06 1.50655e+06 -1.99385e+06 -1.3425e+07 -1.43996e+07 4.475e+06 -974606 3.50039e+06 -1.89858e+07 -6.32861e+06 1.3783e+06 -4.9503e+06 -1.89858e+07
180 -2.00499e+06 2.49501e+06 1.51496e+06 -2.00499e+06 -1.35e+07 -1.44801e+07 4.5e+06 -980051 3.51995e+06 -1.90919e+07 -6.36396e+06 1.386e+06 -4.97796e+06 -1.90919e+07
181 -2.01613e+06 2.50887e+06 1.52338e+06 -2.01613e+06 -1.3575e+07 -1.45605e+07 4.525e+06 -985495 3.5395e+06 -1.91979e+07 -6.39932e+06 1.3937e+06 -5.00562e+06 -1.91979e+07
182 -2.02726e+06 2.52274e+06 1.53179e+06 -2.02726e+06 -1.365e+07 -1.46409e+07 4.55e+06 -990940 3.55906e+06 -1.9304e+07 -6.43467e+06 1.4014e+06 -5.03327e+06 -1.9304e+07
183 -2.0384e+06 2.5366e+06 1.54021e+06 -2.0384e+06 -1.3725e+07 -1.47214e+07 4.575e+06 -996385 3.57862e+06 -1.94101e+07 -6.47003e+06 1.4091e+06 -5.06093e+06 -1.94101e+07
184 -2.04954e+06 2.55046e+06 1.54863e+06 -2.04954e+06 -1.38e+07 -1.48018e+07 4.6e+06 -1.00183e+06 3.59817e+06 -1.95161e+07 -6.50538e+06 1.4168e+06 -5.08858e+06 -1.95161e+07
185 -2.06068e+06 2.56432e+06 1.55704e+06 -2.06068e+06 -1.3875e+07 -1.48823e+07 4.625e+06 -1.00727e+06 3.61773e+06 -1.96222e+07 -6.54074e+06 1.4245e+06 -5.11624e+06 -1.96222e+07
186 -2.07182e+06 2.57818e+06 1.56546e+06 -2.07182e+06 -1.395e+07 -1.49627e+07 4.65e+06 -1.01272e+06 3.63728e+06 -1.97283e+07 -6.57609e+06 1.4322e+06 -5.14389e+06 -1.97283e+07
187 -2.08296e+06 2.59204e+06 1.57388e+06 -2.08296e+06 -1.4025e+07 -1.50432e+07 4.675e+06 -1.01816e+06 3.65684e+06 -1.98343e+07 -6.61145e+06 1.4399e+06 -5.17155e+06 -1.98343e+07
188 -2.0941e+06 2.6059e+06 1.58229e+06 -2.0941e+06 -1.41e+07 -1.51236e+07 4.7e+06 -1.02361e+06 3.67639e+06 -1.99404e+07 -6.6468e+06 1.4476e+06 -5.1992e+06 -1.99404e+07
189 -2.10524e+06 2.61976e+06 1.59071e+06 -2.10524e+06 -1.4175e+07 -1.52041e+07 4.725e+06 -1.02905e+06 3.69595e+06 -2.00465e+07 -6.68216e+06 1.4553e+06 -5.22686e+06 -2.00465e+07
190 -2.11638e+06 2.63362e+06 1.59913e+06 -2.11638e+06 -1.425e+07 -1.52845e+07 4.75e+06 -1.0345e+06 3.7155e+06 -2.01525e+07 -6.71751e+06 1.463e+06 -5.25451e+06 -2.01525e+07
191 -2.12751e+06 2.64749e+06 1.60754e+06 -2.12751e+06 -1.4325e+07 -1.53649e+07 4.775e+06 -1.03994e+06 3.73506e+06 -2.02586e+07 -6.75287e+06 1.4707e+06 -5.28217e+06 -2.02586e+07
192 -2.13865e+06 2.66135e+06 1.61596e+06 -2.13865e+06 -1.44e+07 -1.54454e+07 4.8e+06 -1.04539e+06 3.75461e+06 -2.03647e+07 -6.78823e+06 1.4784e+06 -5.30982e+06 -2.03647e+07
193 -2.14979e+06 2.67521e+06 1.62438e+06 -2.14979e+06 -1.4475e+07 -1.55258e+07 4.825e+06 -1.05083e+06 3.77417e+06 -2.04707e+07 -6.82358e+06 1.4861e+06 -5.33748e+06 -2.04707e+07
194 -2.16093e+06 2.68907e+06 1.63279e+06 -2.16093e+06 -1.455e+07 -1.56063e+07 4.85e+06 -1.05628e+06 3.79372e+06 -2.05768e+07 -6.85894e+06 1.4938e+06 -5.36513e+06 -2.05768e+07
195 -2.17207e+06 2.70293e+06 1.64121e+06 -2.17207e+06 -1.4625e+07 -1.56867e+07 4.875e+06 -1.06172e+06 3.81328e+06 -2.06829e+07 -6.89429e+06 1.5015e+06 -5.39279e+06 -2.06829e+07
196 -2.18321e+06 2.71679e+06 1.64963e+06 -2.18321e+06 -1.47e+07 -1.57672e+07 4.9e+06 -1.06717e+06 3.83283e+06 -2.07889e+07 -6.92965e+06 1.5092e+06 -5.42045e+06 -2.07889e+07
197 -2.19435e+06 2.73065e+06 1.65804e+06 -2.19435e+06 -1.4775e+07 -1.58476e+07 4.925e+06 -1.07261e+06 3.85239e+06 -2.0895e+07 -6.965e+06 1.5169e+06 -5.4481e+06 -2.0895e+07
198 -2.20549e+06 2.74451e+06 1.66646e+06 -2.20549e+06 -1.485e+07 -1.59281e+07 4.95e+06 -1.07806e+06 3.87194e+06 -2.10011e+07 -7.00036e+06 1.5246e+06 -5.47576e+06 -2.10011e+07
199 -2.21662e+06 2.75838e+06 1.67487e+06 -2.21662e+06 -1.4925e+07 -1.60085e+07 4.975e+06 -1.0835e+06 3.8915e+06 -2.11071e+07 -7.03571e+06 1.5323e+06 -5.50341e+06 -2.11071e+07
200 -2.22776e+06 2.77224e+06 1.68329e+06 -2.22776e+06 -1.5e+07 -1.60889e+07 5e+06 -1.08895e+06 3.91105e+06 -2.12132e+07 -7.07107e+06 1.54e+06 -5.53107e+06 -2.12132e+07
