1 86138.8 75000 -1.09139e-11 -7.27596e-12 8.18545e-12 -2.51021e-10 -7.27596e-12 -3.63798e-12 -86138.8 75000 0 2.91038e-11 3.63798e-12 -1.09139e-11 0 0
2 172278 150000 2.18279e-11 0 1.45519e-11 -1.60071e-10 -1.45519e-11 -1.30967e-10 -172278 150000 2.91038e-11 2.91038e-11 -8.00355e-11 -1.09139e-10 2.91038e-11 1.45519e-10
3 258416 225000 0 5.82077e-11 7.27596e-12 -1.74623e-10 -2.91038e-11 1.60071e-10 -258416 225000 -2.91038e-11 -5.82077e-11 8.73115e-11 -8.73115e-11 -5.82077e-11 -1.45519e-10
4 344555 300000 1.45519e-11 -2.91038e-11 1.09139e-11 -2.43745e-10 2.91038e-11 -5.82077e-11 -344555 300000 0 1.16415e-10 4.36557e-11 1.45519e-11 0 -5.82077e-11
5 430694 375000 -5.82077e-11 -1.89175e-10 -7.27596e-12 -3.16504e-10 -4.36557e-11 8.73115e-11 -430694 375000 5.82077e-11 1.16415e-10 -5.82077e-11 5.82077e-11 1.16415e-10 -5.82077e-11
6 516833 450000 5.82077e-11 8.73115e-11 2.91038e-11 -7.63976e-11 -2.91038e-11 -4.36557e-11 -516833 450000 -1.16415e-10 -5.82077e-11 1.01863e-10 -3.34694e-10 -2.32831e-10 2.32831e-10
7 602972 525000 -8.73115e-11 -1.74623e-10 -7.27596e-11 -7.13044e-10 8.73115e-11 -3.20142e-10 -602972 525000 1.16415e-10 2.32831e-10 -2.91038e-11 5.52973e-10 1.16415e-10 3.49246e-10
8 689111 600000 -5.82077e-11 2.91038e-11 -3.63798e-11 -4.43833e-10 0 1.45519e-10 -689111 600000 -2.32831e-10 -2.32831e-10 5.82077e-11 1.74623e-10 0 -1.16415e-10
9 775249 675000 5.82077e-11 4.94765e-10 -7.27596e-12 -2.54659e-10 5.82077e-11 -2.91038e-10 -775249 675000 2.32831e-10 -4.65661e-10 -2.61934e-10 -8.73115e-11 1.16415e-10 2.32831e-10
10 861388 750000 0 1.74623e-10 1.52795e-10 1.38243e-10 -5.82077e-11 5.82077e-11 -861388 750000 -1.16415e-10 -1.16415e-10 -1.16415e-10 -2.91038e-10 0 -2.32831e-10
11 947527 825000 -5.82077e-11 -3.49246e-10 -2.03727e-10 -4.51109e-10 -5.82077e-11 8.73115e-11 -947527 825000 -1.16415e-10 3.49246e-10 3.7835e-10 -2.91038e-11 1.16415e-10 2.32831e-10
12 1.03367e+06 900000 5.82077e-11 5.23869e-10 6.54836e-11 -5.82077e-11 -5.82077e-11 -2.32831e-10 -1.03367e+06 900000 3.49246e-10 -2.32831e-10 -4.07454e-10 -2.91038e-10 -1.16415e-10 3.49246e-10
13 1.1198e+06 975000 3.49246e-10 3.49246e-10 -7.27596e-11 7.27596e-11 -2.03727e-10 4.65661e-10 -1.1198e+06 975000 -4.65661e-10 -3.49246e-10 2.61934e-10 -9.60426e-10 2.32831e-10 -4.65661e-10
14 1.20594e+06 1.05e+06 -1.16415e-10 5.82077e-11 2.91038e-10 7.27596e-11 1.74623e-10 -1.74623e-10 -1.20594e+06 1.05e+06 4.65661e-10 2.32831e-10 -4.07454e-10 1.74623e-10 -2.32831e-10 2.32831e-10
15 1.29208e+06 1.125e+06 -1.16415e-10 -2.91038e-10 -1.45519e-11 -4.51109e-10 -5.82077e-11 4.65661e-10 -1.29208e+06 1.125e+06 -2.32831e-10 0 2.32831e-10 2.32831e-10 0 -9.31323e-10
16 1.37822e+06 1.2e+06 -5.82077e-11 -1.74623e-10 3.0559e-10 5.23869e-10 2.32831e-10 -5.23869e-10 -1.37822e+06 1.2e+06 0 0 -4.65661e-10 -1.16415e-10 0 -2.32831e-10
17 1.46436e+06 1.275e+06 -1.74623e-10 -5.82077e-10 -3.63798e-10 -1.46974e-09 0 1.74623e-10 -1.46436e+06 1.275e+06 -2.32831e-10 4.65661e-10 4.07454e-10 8.73115e-10 4.65661e-10 4.65661e-10
18 1.5505e+06 1.35e+06 -1.74623e-10 -3.49246e-10 -2.18279e-10 -5.09317e-10 0 -5.82077e-10 -1.5505e+06 1.35e+06 2.32831e-10 6.98492e-10 2.91038e-10 1.74623e-10 -2.32831e-10 1.16415e-09
19 1.63664e+06 1.425e+06 1.16415e-10 5.23869e-10 4.36557e-11 -5.82077e-10 2.91038e-10 -4.65661e-10 -1.63664e+06 1.425e+06 0 -9.31323e-10 -1.10595e-09 5.23869e-10 6.98492e-10 -4.65661e-10
20 1.72278e+06 1.5e+06 0 2.32831e-10 1.01863e-10 1.60071e-10 -1.16415e-10 2.32831e-10 -1.72278e+06 1.5e+06 0 0 0 -5.82077e-10 0 0
21 1.80892e+06 1.575e+06 4.65661e-10 0 -1.60071e-10 -3.0559e-10 0 -5.23869e-10 -1.80892e+06 1.575e+06 0 4.65661e-10 1.74623e-10 -4.07454e-10 2.32831e-10 4.65661e-10
22 1.89505e+06 1.65e+06 0 4.65661e-10 -1.60071e-10 -5.09317e-10 1.16415e-10 -2.32831e-10 -1.89505e+06 1.65e+06 2.32831e-10 0 2.32831e-10 2.32831e-10 -6.98492e-10 4.65661e-10
23 1.98119e+06 1.725e+06 -1.16415e-10 0 -1.01863e-10 -1.03319e-09 2.91038e-10 -1.10595e-09 -1.98119e+06 1.725e+06 0 -2.32831e-10 -5.23869e-10 8.73115e-10 4.65661e-10 9.31323e-10
24 2.06733e+06 1.8e+06 -1.16415e-10 -6.98492e-10 4.22006e-10 2.91038e-10 -5.82077e-11 5.82077e-10 -2.06733e+06 1.8e+06 6.98492e-10 4.65661e-10 -2.32831e-10 0 -6.98492e-10 -9.31323e-10
25 2.15347e+06 1.875e+06 -2.32831e-10 -1.04774e-09 -2.32831e-10 -5.23869e-10 0 0 -2.15347e+06 1.875e+06 -4.65661e-10 9.31323e-10 8.14907e-10 3.49246e-10 4.65661e-10 0
26 2.23961e+06 1.95e+06 -3.49246e-10 -5.82077e-10 -2.61934e-10 -1.92085e-09 5.82077e-10 -1.39698e-09 -2.23961e+06 1.95e+06 -2.32831e-10 -2.32831e-10 -3.49246e-10 2.44472e-09 0 1.39698e-09
27 2.32575e+06 2.025e+06 2.32831e-10 -2.32831e-10 2.32831e-10 1.33878e-09 -2.32831e-10 0 -2.32575e+06 2.025e+06 9.31323e-10 1.39698e-09 -2.32831e-10 -1.86265e-09 0 0
28 2.41189e+06 2.1e+06 -2.32831e-10 1.16415e-10 1.45519e-10 -1.45519e-10 1.16415e-10 -1.16415e-10 -2.41189e+06 2.1e+06 0 -4.65661e-10 3.49246e-10 1.16415e-10 -1.39698e-09 4.65661e-10
29 2.49803e+06 2.175e+06 -1.16415e-10 -4.65661e-10 -4.65661e-10 -2.03727e-09 4.65661e-10 -1.16415e-09 -2.49803e+06 2.175e+06 -9.31323e-10 0 8.14907e-10 1.97906e-09 4.65661e-10 9.31323e-10
30 2.58416e+06 2.25e+06 -1.16415e-10 -5.82077e-10 -1.45519e-10 -1.16415e-09 -5.82077e-10 1.16415e-09 -2.58416e+06 2.25e+06 4.65661e-10 9.31323e-10 -6.98492e-10 2.32831e-10 9.31323e-10 -4.65661e-10
31 2.6703e+06 2.325e+06 1.16415e-10 1.16415e-10 1.45519e-10 1.16415e-10 4.65661e-10 -2.32831e-10 -2.6703e+06 2.325e+06 9.31323e-10 4.65661e-10 -6.98492e-10 2.32831e-10 0 -9.31323e-10
32 2.75644e+06 2.4e+06 -5.82077e-10 -6.98492e-10 -1.45519e-10 -1.65892e-09 4.65661e-10 -1.04774e-09 -2.75644e+06 2.4e+06 0 0 -5.82077e-10 2.21189e-09 9.31323e-10 4.65661e-10
33 2.84258e+06 2.475e+06 -2.32831e-10 -8.14907e-10 0 -6.1118e-10 -2.32831e-10 1.04774e-09 -2.84258e+06 2.475e+06 -9.31323e-10 0 1.16415e-09 6.98492e-10 0 -9.31323e-10
34 2.92872e+06 2.55e+06 -3.49246e-10 -1.16415e-09 1.16415e-10 1.45519e-10 -1.16415e-10 2.32831e-10 -2.92872e+06 2.55e+06 4.65661e-10 9.31323e-10 2.32831e-10 0 -4.65661e-10 0
35 3.01486e+06 2.625e+06 -2.32831e-10 -4.65661e-10 -6.1118e-10 -1.92085e-09 -1.16415e-10 -4.65661e-10 -3.01486e+06 2.625e+06 4.65661e-10 4.65661e-10 -4.65661e-10 1.16415e-09 9.31323e-10 1.39698e-09
36 3.101e+06 2.7e+06 1.16415e-10 -3.49246e-10 -3.20142e-10 -1.01863e-09 -6.98492e-10 1.39698e-09 -3.101e+06 2.7e+06 -4.65661e-10 4.65661e-10 3.49246e-10 -5.82077e-10 0 4.65661e-10
37 3.18714e+06 2.775e+06 -1.16415e-10 1.16415e-10 2.32831e-10 5.52973e-10 1.16415e-10 3.49246e-10 -3.18714e+06 2.775e+06 4.65661e-10 0 3.49246e-10 -5.82077e-10 0 -1.39698e-09
38 3.27328e+06 2.85e+06 2.32831e-10 1.04774e-09 -1.74623e-10 6.98492e-10 -2.32831e-10 -1.16415e-10 -3.27328e+06 2.85e+06 0 -4.65661e-10 -4.65661e-10 -1.86265e-09 0 1.86265e-09
39 3.35941e+06 2.925e+06 0 1.74623e-09 2.03727e-10 -3.49246e-10 -6.98492e-10 1.39698e-09 -3.35941e+06 2.925e+06 -4.65661e-10 -1.86265e-09 1.39698e-09 -6.98492e-10 -9.31323e-10 -1.39698e-09
40 3.44555e+06 3e+06 0 0 -2.61934e-10 1.45519e-10 6.98492e-10 -2.32831e-09 -3.44555e+06 3e+06 -4.65661e-10 -4.65661e-10 -1.86265e-09 2.32831e-10 1.39698e-09 1.86265e-09
41 3.53169e+06 3.075e+06 -3.49246e-10 4.65661e-10 1.74623e-10 -1.04774e-09 6.98492e-10 -1.16415e-09 -3.53169e+06 3.075e+06 4.65661e-10 -4.65661e-10 -1.16415e-10 1.74623e-09 0 -4.65661e-10
42 3.61783e+06 3.15e+06 2.32831e-10 1.39698e-09 -2.91038e-10 -7.567e-10 0 -1.16415e-09 -3.61783e+06 3.15e+06 -9.31323e-10 -1.86265e-09 0 0 4.65661e-10 1.86265e-09
43 3.70397e+06 3.225e+06 6.98492e-10 4.65661e-10 4.36557e-10 9.31323e-10 1.16415e-10 0 -3.70397e+06 3.225e+06 4.65661e-10 4.65661e-10 -1.5134e-09 -1.04774e-09 4.65661e-10 -1.39698e-09
44 3.79011e+06 3.3e+06 -4.65661e-10 -2.09548e-09 -1.45519e-10 1.07684e-09 -2.32831e-10 2.32831e-10 -3.79011e+06 3.3e+06 0 1.39698e-09 1.62981e-09 -1.39698e-09 -4.65661e-10 0
45 3.87625e+06 3.375e+06 2.32831e-10 1.86265e-09 2.91038e-11 -2.03727e-10 -4.65661e-10 1.39698e-09 -3.87625e+06 3.375e+06 0 -1.39698e-09 -1.39698e-09 -9.31323e-10 -4.65661e-10 0
46 3.96239e+06 3.45e+06 -2.32831e-10 -4.65661e-10 -1.45519e-10 -1.89175e-09 1.16415e-10 3.49246e-10 -3.96239e+06 3.45e+06 4.65661e-10 9.31323e-10 3.49246e-10 1.74623e-09 2.32831e-09 -9.31323e-10
47 4.04852e+06 3.525e+06 -2.32831e-10 4.65661e-10 3.49246e-10 1.71713e-09 1.16415e-10 -3.49246e-10 -4.04852e+06 3.525e+06 -2.32831e-09 -1.86265e-09 5.82077e-10 -1.5134e-09 -9.31323e-10 0
48 4.13466e+06 3.6e+06 2.32831e-10 1.39698e-09 -4.65661e-10 -2.67755e-09 5.82077e-10 -1.39698e-09 -4.13466e+06 3.6e+06 4.65661e-10 -9.31323e-10 -4.65661e-10 2.32831e-09 0 1.86265e-09
49 4.2208e+06 3.675e+06 -4.65661e-10 -6.98492e-10 -7.567e-10 -2.03727e-09 4.65661e-10 -2.21189e-09 -4.2208e+06 3.675e+06 9.31323e-10 4.65661e-10 -1.5134e-09 2.44472e-09 1.39698e-09 3.25963e-09
50 4.30694e+06 3.75e+06 2.32831e-10 4.65661e-10 1.04774e-09 2.38651e-09 0 -2.32831e-10 -4.30694e+06 3.75e+06 -4.65661e-10 -9.31323e-10 -4.65661e-10 -1.86265e-09 0 -1.39698e-09
51 4.39308e+06 3.825e+06 2.32831e-10 1.62981e-09 -1.16415e-10 5.82077e-11 -3.49246e-10 1.86265e-09 -4.39308e+06 3.825e+06 4.65661e-10 -4.65661e-10 4.65661e-10 -1.39698e-09 -9.31323e-10 -9.31323e-10
52 4.47922e+06 3.9e+06 1.16415e-09 2.79397e-09 2.91038e-10 1.04774e-09 -9.31323e-10 1.28057e-09 -4.47922e+06 3.9e+06 -1.86265e-09 -3.72529e-09 0 -2.32831e-09 0 -1.39698e-09
53 4.56536e+06 3.975e+06 -2.32831e-10 0 -2.91038e-10 -6.98492e-10 -1.16415e-10 0 -4.56536e+06 3.975e+06 0 0 3.49246e-10 5.82077e-10 0 0
54 4.6515e+06 4.05e+06 -9.31323e-10 -2.09548e-09 2.32831e-10 -1.74623e-09 0 9.31323e-10 -4.6515e+06 4.05e+06 1.39698e-09 2.79397e-09 9.31323e-10 2.32831e-09 0 -1.86265e-09
55 4.73764e+06 4.125e+06 2.32831e-10 2.09548e-09 8.14907e-10 1.57161e-09 0 4.65661e-10 -4.73764e+06 4.125e+06 -1.39698e-09 -3.25963e-09 2.32831e-10 -1.62981e-09 4.65661e-10 -2.32831e-09
56 4.82377e+06 4.2e+06 2.32831e-10 4.65661e-10 0 -2.91038e-10 0 -2.32831e-10 -4.82377e+06 4.2e+06 9.31323e-10 0 -4.65661e-10 0 -1.86265e-09 9.31323e-10
57 4.90991e+06 4.275e+06 -6.98492e-10 -2.09548e-09 -3.49246e-10 -2.03727e-09 6.98492e-10 -1.39698e-09 -4.90991e+06 4.275e+06 -9.31323e-10 1.86265e-09 1.16415e-09 3.0268e-09 0 9.31323e-10
58 4.99605e+06 4.35e+06 0 -9.31323e-10 1.04774e-09 1.86265e-09 -2.32831e-10 6.98492e-10 -4.99605e+06 4.35e+06 9.31323e-10 9.31323e-10 -1.16415e-09 -1.16415e-09 0 -9.31323e-10
59 5.08219e+06 4.425e+06 -1.16415e-09 -6.98492e-10 6.98492e-10 5.23869e-10 1.16415e-09 -9.31323e-10 -5.08219e+06 4.425e+06 0 0 -2.32831e-10 2.09548e-09 0 0
60 5.16833e+06 4.5e+06 2.32831e-10 -1.16415e-09 -6.40284e-10 -2.09548e-09 0 -1.16415e-09 -5.16833e+06 4.5e+06 9.31323e-10 1.86265e-09 -6.98492e-10 1.62981e-09 0 1.86265e-09
61 5.25447e+06 4.575e+06 -2.32831e-10 -2.32831e-10 6.40284e-10 1.57161e-09 4.65661e-10 -1.86265e-09 -5.25447e+06 4.575e+06 0 0 -4.65661e-10 -9.31323e-10 0 1.86265e-09
62 5.34061e+06 4.65e+06 9.31323e-10 9.31323e-10 -1.16415e-10 -2.32831e-10 -2.32831e-10 4.65661e-10 -5.34061e+06 4.65e+06 0 9.31323e-10 6.98492e-10 -1.16415e-09 -9.31323e-10 9.31323e-10
63 5.42675e+06 4.725e+06 -4.65661e-10 -1.39698e-09 5.82077e-10 3.43425e-09 2.32831e-10 -4.65661e-10 -5.42675e+06 4.725e+06 1.86265e-09 1.86265e-09 -2.32831e-10 -3.0268e-09 -9.31323e-10 -9.31323e-10
64 5.51288e+06 4.8e+06 -2.32831e-10 -9.31323e-10 -2.91038e-10 -3.08501e-09 6.98492e-10 -2.09548e-09 -5.51288e+06 4.8e+06 -1.86265e-09 0 2.32831e-10 3.95812e-09 9.31323e-10 0
65 5.59902e+06 4.875e+06 -4.65661e-10 -2.32831e-10 -2.32831e-10 -2.32831e-10 -4.65661e-10 4.65661e-10 -5.59902e+06 4.875e+06 9.31323e-10 0 2.32831e-10 -2.32831e-10 -9.31323e-10 9.31323e-10
66 5.68516e+06 4.95e+06 6.98492e-10 1.62981e-09 8.73115e-10 3.43425e-09 -4.65661e-10 -2.32831e-10 -5.68516e+06 4.95e+06 -2.79397e-09 -1.86265e-09 6.98492e-10 -4.42378e-09 0 -9.31323e-10
67 5.7713e+06 5.025e+06 1.39698e-09 2.79397e-09 1.74623e-10 1.86265e-09 -2.32831e-10 1.39698e-09 -5.7713e+06 5.025e+06 9.31323e-10 -1.86265e-09 -1.16415e-09 -3.49246e-09 -9.31323e-10 -9.31323e-10
68 5.85744e+06 5.1e+06 6.98492e-10 2.56114e-09 -3.49246e-10 -2.91038e-10 -9.31323e-10 9.31323e-10 -5.85744e+06 5.1e+06 9.31323e-10 -1.86265e-09 -9.31323e-10 -1.39698e-09 0 0
69 5.94358e+06 5.175e+06 1.16415e-09 1.86265e-09 -2.32831e-10 2.67755e-09 -4.65661e-10 -1.86265e-09 -5.94358e+06 5.175e+06 9.31323e-10 9.31323e-10 1.62981e-09 -4.88944e-09 -2.79397e-09 4.65661e-09
70 6.02972e+06 5.25e+06 -4.65661e-10 -3.25963e-09 1.74623e-10 1.62981e-09 -4.65661e-10 -9.31323e-10 -6.02972e+06 5.25e+06 0 1.86265e-09 -9.31323e-10 -1.86265e-09 1.86265e-09 9.31323e-10
71 6.11586e+06 5.325e+06 0 -2.32831e-10 1.74623e-10 5.23869e-10 2.32831e-10 2.32831e-10 -6.11586e+06 5.325e+06 -1.86265e-09 -9.31323e-10 6.98492e-10 -2.32831e-10 9.31323e-10 -9.31323e-10
72 6.20199e+06 5.4e+06 2.32831e-10 -6.98492e-10 -9.8953e-10 -2.03727e-09 4.65661e-10 -2.56114e-09 -6.20199e+06 5.4e+06 1.86265e-09 3.72529e-09 -6.98492e-10 2.32831e-10 -9.31323e-10 5.58794e-09
73 6.28813e+06 5.475e+06 4.65661e-10 1.62981e-09 4.07454e-10 2.44472e-09 0 -1.16415e-09 -6.28813e+06 5.475e+06 0 -2.79397e-09 -9.31323e-10 -1.86265e-09 0 0
74 6.37427e+06 5.55e+06 4.65661e-10 9.31323e-10 -5.82077e-10 -1.74623e-10 -1.16415e-09 1.39698e-09 -6.37427e+06 5.55e+06 -1.86265e-09 -1.86265e-09 1.62981e-09 -2.56114e-09 -9.31323e-10 0
75 6.46041e+06 5.625e+06 4.65661e-10 -9.31323e-10 4.65661e-10 3.43425e-09 -2.32831e-10 -2.09548e-09 -6.46041e+06 5.625e+06 1.86265e-09 3.72529e-09 -2.32831e-10 -3.95812e-09 -1.86265e-09 4.65661e-09
76 6.54655e+06 5.7e+06 4.65661e-10 1.62981e-09 -1.39698e-09 -3.20142e-09 4.65661e-10 -1.16415e-09 -6.54655e+06 5.7e+06 0 -9.31323e-10 -1.39698e-09 1.86265e-09 2.79397e-09 9.31323e-10
77 6.63269e+06 5.775e+06 1.16415e-09 5.12227e-09 -2.91038e-10 5.82077e-11 2.32831e-10 -4.19095e-09 -6.63269e+06 5.775e+06 -1.86265e-09 -6.51926e-09 -2.09548e-09 -1.16415e-09 -9.31323e-10 5.58794e-09
78 6.71883e+06 5.85e+06 -1.86265e-09 -2.79397e-09 8.73115e-10 -2.32831e-10 1.16415e-09 -3.49246e-09 -6.71883e+06 5.85e+06 9.31323e-10 3.72529e-09 4.65661e-10 3.25963e-09 9.31323e-10 9.31323e-10
79 6.80497e+06 5.925e+06 4.65661e-10 9.31323e-10 -4.65661e-10 -2.38651e-09 -6.98492e-10 3.95812e-09 -6.80497e+06 5.925e+06 -9.31323e-10 -1.86265e-09 1.62981e-09 1.16415e-09 -9.31323e-10 -3.72529e-09
80 6.89111e+06 6e+06 -2.32831e-10 -2.32831e-10 -4.07454e-10 2.91038e-10 -9.31323e-10 9.31323e-10 -6.89111e+06 6e+06 0 0 2.32831e-10 -1.16415e-09 9.31323e-10 0
81 6.97724e+06 6.075e+06 6.98492e-10 -1.39698e-09 -4.65661e-10 -1.04774e-09 -4.65661e-10 2.32831e-09 -6.97724e+06 6.075e+06 0 1.86265e-09 -1.16415e-09 -2.32831e-10 1.86265e-09 -1.86265e-09
82 7.06338e+06 6.15e+06 -6.98492e-10 9.31323e-10 3.49246e-10 -2.09548e-09 1.39698e-09 -2.32831e-09 -7.06338e+06 6.15e+06 0 -9.31323e-10 6.98492e-10 3.49246e-09 0 -9.31323e-10
83 7.14952e+06 6.225e+06 4.65661e-10 0 5.82077e-11 8.14907e-10 -4.65661e-10 9.31323e-10 -7.14952e+06 6.225e+06 0 0 0 -1.86265e-09 0 -9.31323e-10
84 7.23566e+06 6.3e+06 0 2.32831e-09 8.73115e-10 5.82077e-11 -4.65661e-10 2.09548e-09 -7.23566e+06 6.3e+06 -1.86265e-09 -3.72529e-09 4.65661e-10 4.65661e-10 9.31323e-10 -4.65661e-09
85 7.3218e+06 6.375e+06 0 1.39698e-09 4.65661e-10 2.96859e-09 2.32831e-10 -6.98492e-10 -7.3218e+06 6.375e+06 0 -1.86265e-09 -1.86265e-09 -2.79397e-09 9.31323e-10 -9.31323e-10
86 7.40794e+06 6.45e+06 -9.31323e-10 -1.39698e-09 -6.98492e-10 -3.89991e-09 0 2.32831e-10 -7.40794e+06 6.45e+06 9.31323e-10 9.31323e-10 -4.65661e-10 4.19095e-09 9.31323e-10 9.31323e-10
87 7.49408e+06 6.525e+06 4.65661e-10 -2.32831e-09 -9.8953e-10 -9.8953e-10 4.65661e-10 -2.09548e-09 -7.49408e+06 6.525e+06 -9.31323e-10 9.31323e-10 2.32831e-09 9.31323e-10 0 1.86265e-09
88 7.58022e+06 6.6e+06 -9.31323e-10 4.65661e-10 -2.91038e-10 -2.03727e-09 6.98492e-10 -1.62981e-09 -7.58022e+06 6.6e+06 9.31323e-10 0 -2.09548e-09 3.0268e-09 0 2.79397e-09
89 7.66635e+06 6.675e+06 1.39698e-09 9.31323e-10 -1.74623e-10 8.73115e-10 -9.31323e-10 1.86265e-09 -7.66635e+06 6.675e+06 -9.31323e-10 -9.31323e-10 1.16415e-09 -3.49246e-09 -1.86265e-09 9.31323e-10
90 7.75249e+06 6.75e+06 -4.65661e-10 -2.32831e-09 1.39698e-09 9.31323e-10 2.32831e-10 2.09548e-09 -7.75249e+06 6.75e+06 0 9.31323e-10 2.32831e-10 6.98492e-10 -9.31323e-10 -3.72529e-09
91 7.83863e+06 6.825e+06 4.65661e-10 1.39698e-09 -8.14907e-10 -2.56114e-09 -2.32831e-10 -4.65661e-10 -7.83863e+06 6.825e+06 1.86265e-09 1.86265e-09 2.32831e-10 6.98492e-10 9.31323e-10 9.31323e-10
92 7.92477e+06 6.9e+06 0 0 8.14907e-10 1.57161e-09 -4.65661e-10 1.39698e-09 -7.92477e+06 6.9e+06 0 -9.31323e-10 -4.65661e-10 -2.32831e-09 0 -1.86265e-09
93 8.01091e+06 6.975e+06 -9.31323e-10 -2.79397e-09 -1.16415e-09 -1.28057e-09 -2.32831e-10 -1.62981e-09 -8.01091e+06 6.975e+06 -9.31323e-10 9.31323e-10 3.25963e-09 4.65661e-10 -2.79397e-09 5.58794e-09
94 8.09705e+06 7.05e+06 -4.65661e-10 4.65661e-10 4.65661e-10 -1.5134e-09 4.65661e-10 -1.39698e-09 -8.09705e+06 7.05e+06 -1.86265e-09 -2.79397e-09 -1.86265e-09 2.32831e-09 2.79397e-09 -1.86265e-09
95 8.18319e+06 7.125e+06 0 -4.65661e-10 -1.74623e-10 -2.96859e-09 2.32831e-10 4.65661e-10 -8.18319e+06 7.125e+06 1.86265e-09 2.79397e-09 -2.32831e-10 3.0268e-09 0 0
96 8.26933e+06 7.2e+06 4.65661e-10 2.79397e-09 -1.16415e-09 -1.22236e-09 -4.65661e-10 -1.39698e-09 -8.26933e+06 7.2e+06 0 -1.86265e-09 1.39698e-09 -1.39698e-09 0 3.72529e-09
97 8.35547e+06 7.275e+06 -4.65661e-10 0 -6.98492e-10 -2.09548e-09 2.32831e-10 -4.65661e-10 -8.35547e+06 7.275e+06 -1.86265e-09 -2.79397e-09 -6.98492e-10 1.62981e-09 0 1.86265e-09
98 8.4416e+06 7.35e+06 -9.31323e-10 -1.39698e-09 0 -2.44472e-09 4.65661e-10 4.65661e-10 -8.4416e+06 7.35e+06 -9.31323e-10 9.31323e-10 4.19095e-09 4.19095e-09 0 -2.79397e-09
99 8.52774e+06 7.425e+06 -1.39698e-09 -3.72529e-09 -4.65661e-10 -4.65661e-09 4.65661e-10 1.62981e-09 -8.52774e+06 7.425e+06 9.31323e-10 1.86265e-09 -9.31323e-10 6.51926e-09 9.31323e-10 -9.31323e-10
100 8.61388e+06 7.5e+06 0 9.31323e-10 1.04774e-09 3.72529e-09 -9.31323e-10 0 -8.61388e+06 7.5e+06 0 0 -4.65661e-10 -4.19095e-09 1.86265e-09 -1.86265e-09
101 8.70002e+06 7.575e+06 -4.65661e-10 -1.39698e-09 -2.32831e-10 1.5134e-09 1.39698e-09 -4.42378e-09 -8.70002e+06 7.575e+06 -1.86265e-09 -9.31323e-10 -1.86265e-09 0 0 3.72529e-09
102 8.78616e+06 7.65e+06 9.31323e-10 2.79397e-09 0 1.16415e-10 -1.16415e-09 3.95812e-09 -8.78616e+06 7.65e+06 9.31323e-10 -9.31323e-10 6.98492e-10 -2.56114e-09 -9.31323e-10 -1.86265e-09
103 8.8723e+06 7.725e+06 4.65661e-10 1.39698e-09 4.65661e-10 -9.31323e-10 0 -9.31323e-10 -8.8723e+06 7.725e+06 -1.86265e-09 -1.86265e-09 0 0 2.79397e-09 -2.79397e-09
104 8.95844e+06 7.8e+06 9.31323e-10 -4.65661e-10 -2.32831e-10 1.62981e-09 -9.31323e-10 2.09548e-09 -8.95844e+06 7.8e+06 9.31323e-10 1.86265e-09 0 -2.79397e-09 0 0
105 9.04458e+06 7.875e+06 1.86265e-09 3.72529e-09 -1.39698e-09 -8.14907e-10 -2.32831e-10 -1.16415e-09 -9.04458e+06 7.875e+06 9.31323e-10 -9.31323e-10 -6.98492e-10 -3.0268e-09 -9.31323e-10 4.65661e-09
106 9.13071e+06 7.95e+06 2.32831e-09 2.79397e-09 -1.5134e-09 -2.44472e-09 -6.98492e-10 4.65661e-10 -9.13071e+06 7.95e+06 -1.86265e-09 -9.31323e-10 -6.98492e-10 -2.09548e-09 2.79397e-09 9.31323e-10
107 9.21685e+06 8.025e+06 4.65661e-10 -4.65661e-10 -1.16415e-09 -3.60887e-09 -9.31323e-10 1.62981e-09 -9.21685e+06 8.025e+06 9.31323e-10 9.31323e-10 -1.39698e-09 1.39698e-09 1.86265e-09 0
108 9.30299e+06 8.1e+06 -1.39698e-09 -3.72529e-09 -1.04774e-09 -5.00586e-09 0 -1.86265e-09 -9.30299e+06 8.1e+06 0 2.79397e-09 -9.31323e-10 4.65661e-09 0 5.58794e-09
109 9.38913e+06 8.175e+06 0 4.65661e-10 -2.32831e-10 -5.12227e-09 1.39698e-09 -9.31323e-10 -9.38913e+06 8.175e+06 0 0 9.31323e-10 5.58794e-09 -9.31323e-10 -9.31323e-10
110 9.47527e+06 8.25e+06 0 -9.31323e-10 -5.82077e-10 1.5134e-09 -4.65661e-10 -2.32831e-09 -9.47527e+06 8.25e+06 -9.31323e-10 0 1.39698e-09 -2.32831e-09 1.86265e-09 0
111 9.56141e+06 8.325e+06 9.31323e-10 2.79397e-09 -9.31323e-10 -4.65661e-10 0 -9.31323e-10 -9.56141e+06 8.325e+06 0 -2.79397e-09 -2.79397e-09 -1.86265e-09 2.79397e-09 2.79397e-09
112 9.64755e+06 8.4e+06 -1.39698e-09 0 1.39698e-09 1.16415e-10 9.31323e-10 -1.39698e-09 -9.64755e+06 8.4e+06 1.86265e-09 1.86265e-09 9.31323e-10 1.86265e-09 -3.72529e-09 1.86265e-09
113 9.73369e+06 8.475e+06 1.39698e-09 4.65661e-10 5.82077e-10 7.45058e-09 -1.39698e-09 2.79397e-09 -9.73369e+06 8.475e+06 -1.86265e-09 -1.86265e-09 2.79397e-09 -9.31323e-09 -1.86265e-09 -3.72529e-09
114 9.81983e+06 8.55e+06 -1.86265e-09 -4.19095e-09 0 -4.07454e-09 4.65661e-10 -2.79397e-09 -9.81983e+06 8.55e+06 -1.86265e-09 3.72529e-09 4.65661e-10 6.0536e-09 1.86265e-09 1.86265e-09
115 9.90596e+06 8.625e+06 4.65661e-10 9.31323e-10 1.16415e-10 3.25963e-09 -9.31323e-10 9.31323e-10 -9.90596e+06 8.625e+06 1.86265e-09 0 0 -4.65661e-09 0 0
116 9.9921e+06 8.7e+06 -4.65661e-10 -1.86265e-09 4.65661e-10 2.67755e-09 0 -3.25963e-09 -9.9921e+06 8.7e+06 1.86265e-09 1.86265e-09 9.31323e-10 -1.86265e-09 -9.31323e-09 7.45058e-09
117 1.00782e+07 8.775e+06 0 4.65661e-10 1.16415e-10 1.16415e-09 4.65661e-10 -1.86265e-09 -1.00782e+07 8.775e+06 0 -1.86265e-09 -1.39698e-09 4.65661e-10 3.72529e-09 0
118 1.01644e+07 8.85e+06 4.65661e-10 1.86265e-09 -2.09548e-09 -2.44472e-09 -1.39698e-09 9.31323e-10 -1.01644e+07 8.85e+06 0 0 -9.31323e-10 -1.86265e-09 3.72529e-09 3.72529e-09
119 1.02505e+07 8.925e+06 -9.31323e-10 -2.32831e-09 8.14907e-10 -8.14907e-10 9.31323e-10 9.31323e-10 -1.02505e+07 8.925e+06 1.86265e-09 1.86265e-09 -9.31323e-10 2.79397e-09 -1.86265e-09 -1.86265e-09
120 1.03367e+07 9e+06 4.65661e-10 1.39698e-09 1.5134e-09 6.8685e-09 -1.86265e-09 4.65661e-09 -1.03367e+07 9e+06 -3.72529e-09 -3.72529e-09 5.12227e-09 -6.98492e-09 -3.72529e-09 -5.58794e-09
121 1.04228e+07 9.075e+06 4.65661e-10 9.31323e-10 1.62981e-09 5.23869e-09 0 0 -1.04228e+07 9.075e+06 1.86265e-09 1.86265e-09 -1.39698e-09 -4.19095e-09 0 0
122 1.05089e+07 9.15e+06 -9.31323e-10 -9.31323e-10 -2.21189e-09 -8.26549e-09 1.39698e-09 -3.72529e-09 -1.05089e+07 9.15e+06 -1.86265e-09 -1.86265e-09 -4.65661e-10 6.0536e-09 1.86265e-09 5.58794e-09
123 1.05951e+07 9.225e+06 -4.65661e-10 4.65661e-10 -1.16415e-10 1.04774e-09 -9.31323e-10 -9.31323e-10 -1.05951e+07 9.225e+06 1.86265e-09 0 1.39698e-09 -4.65661e-10 0 1.86265e-09
124 1.06812e+07 9.3e+06 -4.65661e-10 4.65661e-10 1.28057e-09 1.16415e-09 1.86265e-09 -1.39698e-09 -1.06812e+07 9.3e+06 -3.72529e-09 -1.86265e-09 4.65661e-10 1.39698e-09 0 -3.72529e-09
125 1.07674e+07 9.375e+06 -2.32831e-09 -2.79397e-09 2.32831e-10 -1.97906e-09 1.39698e-09 -4.19095e-09 -1.07674e+07 9.375e+06 1.86265e-09 -1.86265e-09 -3.25963e-09 5.12227e-09 -1.86265e-09 5.58794e-09
126 1.08535e+07 9.45e+06 9.31323e-10 -1.86265e-09 1.97906e-09 7.45058e-09 -4.65661e-10 3.72529e-09 -1.08535e+07 9.45e+06 3.72529e-09 7.45058e-09 -4.65661e-10 -7.91624e-09 0 -7.45058e-09
127 1.09396e+07 9.525e+06 1.86265e-09 1.86265e-09 -5.82077e-10 3.72529e-09 -1.39698e-09 1.39698e-09 -1.09396e+07 9.525e+06 -1.86265e-09 -1.86265e-09 -1.39698e-09 -7.91624e-09 3.72529e-09 0
128 1.10258e+07 9.6e+06 1.86265e-09 4.65661e-09 -3.49246e-10 2.56114e-09 -9.31323e-10 2.32831e-09 -1.10258e+07 9.6e+06 0 -5.58794e-09 -2.79397e-09 -5.58794e-09 -1.86265e-09 0
129 1.11119e+07 9.675e+06 -4.65661e-10 9.31323e-10 1.74623e-09 2.67755e-09 0 -1.86265e-09 -1.11119e+07 9.675e+06 0 0 3.25963e-09 -4.65661e-10 -1.86265e-09 1.86265e-09
130 1.1198e+07 9.75e+06 -2.32831e-09 -5.58794e-09 -1.16415e-10 1.16415e-10 -2.32831e-09 6.51926e-09 -1.1198e+07 9.75e+06 0 5.58794e-09 5.58794e-09 -9.31323e-10 0 -3.72529e-09
131 1.12842e+07 9.825e+06 9.31323e-10 4.65661e-09 4.65661e-10 -9.31323e-10 0 2.32831e-09 -1.12842e+07 9.825e+06 -1.86265e-09 -7.45058e-09 -9.31323e-10 -9.31323e-10 -3.72529e-09 0
132 1.13703e+07 9.9e+06 9.31323e-10 1.86265e-09 -6.98492e-10 -2.91038e-09 9.31323e-10 -2.32831e-09 -1.13703e+07 9.9e+06 -1.86265e-09 0 9.31323e-10 2.79397e-09 3.72529e-09 -1.86265e-09
133 1.14565e+07 9.975e+06 9.31323e-10 1.86265e-09 2.32831e-10 4.77303e-09 -1.39698e-09 1.39698e-09 -1.14565e+07 9.975e+06 1.86265e-09 0 -1.86265e-09 -7.45058e-09 0 0
134 1.15426e+07 1.005e+07 -9.31323e-10 1.86265e-09 -2.32831e-10 -5.70435e-09 2.32831e-09 -4.65661e-09 -1.15426e+07 1.005e+07 0 -3.72529e-09 -3.72529e-09 8.3819e-09 1.86265e-09 5.58794e-09
135 1.16287e+07 1.0125e+07 0 -1.86265e-09 -1.16415e-10 1.62981e-09 -9.31323e-10 0 -1.16287e+07 1.0125e+07 -3.72529e-09 1.86265e-09 4.65661e-09 -3.72529e-09 -1.86265e-09 1.86265e-09
136 1.17149e+07 1.02e+07 -9.31323e-10 -4.65661e-09 -1.39698e-09 -5.82077e-10 -4.65661e-10 1.39698e-09 -1.17149e+07 1.02e+07 1.86265e-09 3.72529e-09 -4.65661e-10 -4.65661e-10 0 0
137 1.1801e+07 1.0275e+07 1.39698e-09 3.25963e-09 -5.82077e-10 -1.5134e-09 -1.86265e-09 3.25963e-09 -1.1801e+07 1.0275e+07 1.86265e-09 0 2.32831e-09 -1.39698e-09 1.86265e-09 0
138 1.18872e+07 1.035e+07 -4.65661e-10 -2.32831e-09 1.04774e-09 7.33417e-09 -2.32831e-09 5.58794e-09 -1.18872e+07 1.035e+07 -1.86265e-09 0 2.79397e-09 -9.31323e-09 -3.72529e-09 -3.72529e-09
139 1.19733e+07 1.0425e+07 -2.32831e-09 -6.0536e-09 -1.16415e-10 -3.84171e-09 -4.65661e-10 5.12227e-09 -1.19733e+07 1.0425e+07 -1.86265e-09 1.86265e-09 2.32831e-09 5.12227e-09 1.86265e-09 -7.45058e-09
140 1.20594e+07 1.05e+07 1.86265e-09 1.39698e-09 6.98492e-10 3.84171e-09 -4.65661e-10 -1.86265e-09 -1.20594e+07 1.05e+07 3.72529e-09 7.45058e-09 4.65661e-10 -6.98492e-09 -1.86265e-09 1.86265e-09
141 1.21456e+07 1.0575e+07 4.65661e-10 -3.72529e-09 -2.79397e-09 -4.65661e-10 -2.32831e-09 1.86265e-09 -1.21456e+07 1.0575e+07 0 1.86265e-09 -4.65661e-10 -4.19095e-09 -1.86265e-09 7.45058e-09
142 1.22317e+07 1.065e+07 0 -4.65661e-10 1.04774e-09 1.04774e-09 0 9.31323e-10 -1.22317e+07 1.065e+07 -1.86265e-09 -1.86265e-09 0 -9.31323e-10 5.58794e-09 -5.58794e-09
143 1.23179e+07 1.0725e+07 -1.39698e-09 1.39698e-09 5.82077e-10 0 4.65661e-10 1.39698e-09 -1.23179e+07 1.0725e+07 0 0 5.12227e-09 2.32831e-09 -7.45058e-09 0
144 1.2404e+07 1.08e+07 4.65661e-10 6.51926e-09 1.28057e-09 -1.5134e-09 -9.31323e-10 3.25963e-09 -1.2404e+07 1.08e+07 -3.72529e-09 -9.31323e-09 -9.31323e-10 0 3.72529e-09 -5.58794e-09
145 1.24901e+07 1.0875e+07 1.39698e-09 4.65661e-10 3.49246e-10 -2.32831e-09 -4.65661e-10 5.12227e-09 -1.24901e+07 1.0875e+07 1.86265e-09 1.86265e-09 -9.31323e-10 2.79397e-09 -1.86265e-09 -3.72529e-09
146 1.25763e+07 1.095e+07 -2.32831e-09 0 -1.16415e-10 -4.5402e-09 1.86265e-09 -4.19095e-09 -1.25763e+07 1.095e+07 0 -5.58794e-09 -4.65661e-10 9.77889e-09 1.86265e-09 1.86265e-09
147 1.26624e+07 1.1025e+07 2.79397e-09 8.3819e-09 5.82077e-10 3.60887e-09 4.65661e-10 -1.39698e-09 -1.26624e+07 1.1025e+07 0 -5.58794e-09 -3.25963e-09 -4.19095e-09 -1.86265e-09 -1.86265e-09
148 1.27485e+07 1.11e+07 -2.32831e-09 -2.32831e-09 1.16415e-09 2.21189e-09 0 4.65661e-10 -1.27485e+07 1.11e+07 0 0 3.25963e-09 1.39698e-09 -1.86265e-09 -1.86265e-09
149 1.28347e+07 1.1175e+07 -9.31323e-10 2.79397e-09 2.21189e-09 1.62981e-09 1.86265e-09 9.31323e-10 -1.28347e+07 1.1175e+07 -3.72529e-09 -7.45058e-09 -9.31323e-10 1.86265e-09 -1.86265e-09 -3.72529e-09
150 1.29208e+07 1.125e+07 0 -1.86265e-09 -1.5134e-09 -3.37604e-09 -4.65661e-10 -4.19095e-09 -1.29208e+07 1.125e+07 1.86265e-09 3.72529e-09 -4.65661e-10 4.65661e-10 0 7.45058e-09
151 1.3007e+07 1.1325e+07 0 -4.65661e-10 5.82077e-10 6.28643e-09 4.65661e-10 -4.19095e-09 -1.3007e+07 1.1325e+07 -1.86265e-09 0 4.65661e-10 -5.12227e-09 0 1.86265e-09
152 1.30931e+07 1.14e+07 -1.39698e-09 9.31323e-10 -1.39698e-09 -6.40284e-09 0 -2.32831e-09 -1.30931e+07 1.14e+07 1.86265e-09 -1.86265e-09 -2.32831e-09 6.0536e-09 3.72529e-09 3.72529e-09
153 1.31792e+07 1.1475e+07 -1.39698e-09 4.65661e-09 1.5134e-09 4.19095e-09 2.79397e-09 -1.86265e-09 -1.31792e+07 1.1475e+07 0 -5.58794e-09 4.65661e-10 -4.65661e-10 -3.72529e-09 -1.86265e-09
154 1.32654e+07 1.155e+07 3.25963e-09 2.79397e-09 -3.49246e-10 1.16415e-10 -2.32831e-09 2.32831e-09 -1.32654e+07 1.155e+07 3.72529e-09 1.86265e-09 -2.79397e-09 -5.58794e-09 -1.86265e-09 1.86265e-09
155 1.33515e+07 1.1625e+07 -4.19095e-09 -9.31323e-09 2.09548e-09 1.16415e-09 4.65661e-10 1.86265e-09 -1.33515e+07 1.1625e+07 -1.86265e-09 5.58794e-09 4.65661e-09 3.72529e-09 0 -5.58794e-09
156 1.34377e+07 1.17e+07 3.72529e-09 7.91624e-09 9.31323e-10 8.3819e-09 -2.32831e-09 5.12227e-09 -1.34377e+07 1.17e+07 -3.72529e-09 -7.45058e-09 4.65661e-10 -1.16415e-08 1.86265e-09 -5.58794e-09
157 1.35238e+07 1.1775e+07 1.39698e-09 9.31323e-10 -6.98492e-10 -3.49246e-09 0 5.58794e-09 -1.35238e+07 1.1775e+07 3.72529e-09 1.86265e-09 -4.65661e-09 9.31323e-10 0 -1.86265e-09
158 1.36099e+07 1.185e+07 -9.31323e-10 1.39698e-09 -4.65661e-10 -5.23869e-09 1.86265e-09 -3.72529e-09 -1.36099e+07 1.185e+07 -1.86265e-09 -3.72529e-09 4.65661e-10 6.0536e-09 1.86265e-09 1.86265e-09
159 1.36961e+07 1.1925e+07 -2.79397e-09 -5.12227e-09 -2.32831e-10 -6.28643e-09 9.31323e-10 -2.32831e-09 -1.36961e+07 1.1925e+07 0 1.86265e-09 -4.65661e-10 9.77889e-09 1.86265e-09 0
160 1.37822e+07 1.2e+07 2.79397e-09 2.79397e-09 -1.16415e-10 1.28057e-09 -9.31323e-10 1.86265e-09 -1.37822e+07 1.2e+07 -1.86265e-09 0 9.31323e-10 -5.58794e-09 0 0
161 1.38683e+07 1.2075e+07 1.39698e-09 3.25963e-09 -1.28057e-09 -2.32831e-10 1.39698e-09 -6.98492e-09 -1.38683e+07 1.2075e+07 1.86265e-09 0 -4.65661e-10 -4.65661e-10 0 3.72529e-09
162 1.39545e+07 1.215e+07 -1.39698e-09 -4.65661e-09 1.97906e-09 -3.49246e-10 3.25963e-09 -7.91624e-09 -1.39545e+07 1.215e+07 0 3.72529e-09 9.31323e-10 5.58794e-09 -5.58794e-09 5.58794e-09
163 1.40406e+07 1.2225e+07 0 -4.65661e-10 -1.16415e-09 -3.60887e-09 -1.39698e-09 6.0536e-09 -1.40406e+07 1.2225e+07 1.86265e-09 0 -4.19095e-09 2.32831e-09 3.72529e-09 -3.72529e-09
164 1.41268e+07 1.23e+07 -9.31323e-10 1.86265e-09 3.37604e-09 7.45058e-09 -9.31323e-10 7.45058e-09 -1.41268e+07 1.23e+07 0 -1.86265e-09 9.31323e-10 -4.65661e-09 1.86265e-09 -1.30385e-08
165 1.42129e+07 1.2375e+07 0 4.65661e-09 -1.28057e-09 -6.75209e-09 -4.65661e-10 -4.65661e-10 -1.42129e+07 1.2375e+07 -3.72529e-09 -7.45058e-09 2.32831e-09 5.12227e-09 -5.58794e-09 5.58794e-09
166 1.4299e+07 1.245e+07 0 -9.31323e-10 -3.49246e-10 1.16415e-09 -1.39698e-09 2.32831e-09 -1.4299e+07 1.245e+07 0 0 1.39698e-09 -3.25963e-09 0 -1.86265e-09
167 1.43852e+07 1.2525e+07 -1.86265e-09 0 -1.04774e-09 -3.49246e-10 1.86265e-09 -6.98492e-09 -1.43852e+07 1.2525e+07 -1.86265e-09 -3.72529e-09 4.65661e-10 3.25963e-09 3.72529e-09 5.58794e-09
168 1.44713e+07 1.26e+07 -9.31323e-10 -4.65661e-09 1.5134e-09 5.82077e-10 2.79397e-09 -7.91624e-09 -1.44713e+07 1.26e+07 0 3.72529e-09 4.65661e-10 5.12227e-09 -5.58794e-09 5.58794e-09
169 1.45575e+07 1.2675e+07 0 -9.31323e-10 -9.31323e-10 5.3551e-09 -4.65661e-10 -2.32831e-09 -1.45575e+07 1.2675e+07 0 0 -3.25963e-09 -6.98492e-09 0 7.45058e-09
170 1.46436e+07 1.275e+07 0 1.86265e-09 1.16415e-10 4.42378e-09 -2.79397e-09 4.65661e-10 -1.46436e+07 1.275e+07 1.86265e-09 0 9.31323e-10 -6.51926e-09 3.72529e-09 0
171 1.47297e+07 1.2825e+07 0 4.65661e-09 -1.5134e-09 -6.0536e-09 9.31323e-10 -4.65661e-10 -1.47297e+07 1.2825e+07 -1.86265e-09 -3.72529e-09 1.86265e-09 5.58794e-09 0 0
172 1.48159e+07 1.29e+07 0 -1.86265e-09 -1.39698e-09 5.82077e-10 -1.86265e-09 3.25963e-09 -1.48159e+07 1.29e+07 -3.72529e-09 -3.72529e-09 9.31323e-10 -3.72529e-09 1.86265e-09 1.86265e-09
173 1.4902e+07 1.2975e+07 -9.31323e-10 -6.51926e-09 -2.32831e-10 5.82077e-10 0 2.32831e-09 -1.4902e+07 1.2975e+07 1.86265e-09 7.45058e-09 -1.86265e-09 0 3.72529e-09 -1.86265e-09
174 1.49882e+07 1.305e+07 0 -2.79397e-09 2.56114e-09 1.16415e-09 -9.31323e-10 4.19095e-09 -1.49882e+07 1.305e+07 1.86265e-09 5.58794e-09 2.79397e-09 0 -3.72529e-09 -7.45058e-09
175 1.50743e+07 1.3125e+07 1.86265e-09 1.86265e-09 9.31323e-10 7.45058e-09 -1.86265e-09 8.3819e-09 -1.50743e+07 1.3125e+07 1.86265e-09 0 -2.32831e-09 -1.25729e-08 0 -5.58794e-09
176 1.51604e+07 1.32e+07 9.31323e-10 2.79397e-09 2.21189e-09 7.10133e-09 0 -9.31323e-10 -1.51604e+07 1.32e+07 3.72529e-09 1.86265e-09 0 -6.51926e-09 0 -1.86265e-09
177 1.52466e+07 1.3275e+07 -1.86265e-09 -5.58794e-09 4.65661e-10 -3.95812e-09 1.39698e-09 -1.86265e-09 -1.52466e+07 1.3275e+07 -1.86265e-09 3.72529e-09 4.19095e-09 7.91624e-09 -3.72529e-09 1.86265e-09
178 1.53327e+07 1.335e+07 0 -9.31323e-10 -8.14907e-10 -6.51926e-09 1.39698e-09 0 -1.53327e+07 1.335e+07 -1.86265e-09 -1.86265e-09 -4.65661e-10 7.91624e-09 -1.86265e-09 1.86265e-09
179 1.54188e+07 1.3425e+07 0 9.31323e-10 -8.14907e-10 2.32831e-10 0 -6.0536e-09 -1.54188e+07 1.3425e+07 -3.72529e-09 -5.58794e-09 -9.31323e-10 0 5.58794e-09 1.86265e-09
180 1.5505e+07 1.35e+07 2.79397e-09 -9.31323e-10 -1.97906e-09 -1.28057e-09 -1.86265e-09 6.51926e-09 -1.5505e+07 1.35e+07 7.45058e-09 9.31323e-09 -9.31323e-10 -4.65661e-09 -3.72529e-09 1.86265e-09
181 1.55911e+07 1.3575e+07 -9.31323e-10 0 3.25963e-09 8.61473e-09 -1.86265e-09 7.45058e-09 -1.55911e+07 1.3575e+07 -7.45058e-09 -5.58794e-09 1.86265e-09 -9.31323e-09 5.58794e-09 -1.30385e-08
182 1.56773e+07 1.365e+07 0 9.31323e-10 -4.65661e-10 -3.49246e-09 1.86265e-09 -2.32831e-09 -1.56773e+07 1.365e+07 5.58794e-09 0 -4.65661e-09 4.65661e-09 -1.86265e-09 1.86265e-09
183 1.57634e+07 1.3725e+07 -1.86265e-09 2.79397e-09 0 -4.77303e-09 0 -4.65661e-10 -1.57634e+07 1.3725e+07 -1.86265e-09 -3.72529e-09 2.79397e-09 6.51926e-09 0 0
184 1.58495e+07 1.38e+07 1.86265e-09 0 0 3.14321e-09 4.65661e-10 2.79397e-09 -1.58495e+07 1.38e+07 0 -1.86265e-09 -9.31323e-10 -4.65661e-09 0 -3.72529e-09
185 1.59357e+07 1.3875e+07 -9.31323e-10 0 1.16415e-09 1.74623e-09 -1.86265e-09 4.65661e-09 -1.59357e+07 1.3875e+07 -1.86265e-09 -3.72529e-09 2.79397e-09 -1.86265e-09 -5.58794e-09 0
186 1.60218e+07 1.395e+07 -2.79397e-09 -6.51926e-09 -3.49246e-10 -1.04774e-09 9.31323e-10 -4.19095e-09 -1.60218e+07 1.395e+07 0 3.72529e-09 4.65661e-09 2.79397e-09 3.72529e-09 0
187 1.6108e+07 1.4025e+07 9.31323e-10 1.86265e-09 -1.39698e-09 -2.91038e-09 -4.65661e-10 -1.86265e-09 -1.6108e+07 1.4025e+07 -3.72529e-09 -3.72529e-09 4.65661e-10 -2.32831e-09 -1.86265e-09 5.58794e-09
188 1.61941e+07 1.41e+07 0 9.31323e-10 -1.62981e-09 -4.65661e-09 1.39698e-09 -2.79397e-09 -1.61941e+07 1.41e+07 3.72529e-09 1.86265e-09 -7.45058e-09 4.65661e-09 3.72529e-09 5.58794e-09
189 1.62802e+07 1.4175e+07 9.31323e-10 4.65661e-09 1.16415e-09 5.12227e-09 0 -4.65661e-10 -1.62802e+07 1.4175e+07 0 -1.86265e-09 1.39698e-09 -5.12227e-09 -3.72529e-09 0
190 1.63664e+07 1.425e+07 2.79397e-09 1.02445e-08 1.16415e-10 2.32831e-09 -9.31323e-10 3.25963e-09 -1.63664e+07 1.425e+07 -3.72529e-09 -9.31323e-09 -9.31323e-10 -6.51926e-09 3.72529e-09 -3.72529e-09
191 1.64525e+07 1.4325e+07 1.86265e-09 2.79397e-09 1.74623e-09 2.44472e-09 -2.32831e-09 4.65661e-09 -1.64525e+07 1.4325e+07 3.72529e-09 3.72529e-09 -4.65661e-10 -5.12227e-09 -1.86265e-09 -1.86265e-09
192 1.65387e+07 1.44e+07 -3.72529e-09 -7.45058e-09 -3.49246e-10 2.32831e-10 1.86265e-09 -5.58794e-09 -1.65387e+07 1.44e+07 1.86265e-09 3.72529e-09 0 3.72529e-09 5.58794e-09 0
193 1.66248e+07 1.4475e+07 1.86265e-09 9.31323e-09 2.09548e-09 1.39698e-09 9.31323e-10 5.12227e-09 -1.66248e+07 1.4475e+07 -3.72529e-09 -9.31323e-09 -4.65661e-10 4.65661e-10 -3.72529e-09 -5.58794e-09
194 1.67109e+07 1.455e+07 -1.86265e-09 0 -2.09548e-09 -5.12227e-09 -9.31323e-10 -4.65661e-10 -1.67109e+07 1.455e+07 -1.86265e-09 -3.72529e-09 -2.79397e-09 2.79397e-09 3.72529e-09 5.58794e-09
195 1.67971e+07 1.4625e+07 -9.31323e-10 -5.58794e-09 -1.39698e-09 -5.12227e-09 -1.39698e-09 2.32831e-09 -1.67971e+07 1.4625e+07 1.86265e-09 3.72529e-09 1.39698e-09 2.32831e-09 1.86265e-09 -1.86265e-09
196 1.68832e+07 1.47e+07 9.31323e-10 9.31323e-10 -3.0268e-09 -7.91624e-09 2.32831e-09 -8.84756e-09 -1.68832e+07 1.47e+07 1.86265e-09 1.86265e-09 -4.19095e-09 6.0536e-09 1.86265e-09 1.30385e-08
197 1.69693e+07 1.4775e+07 -1.86265e-09 0 3.0268e-09 3.95812e-09 0 2.79397e-09 -1.69693e+07 1.4775e+07 0 0 3.72529e-09 0 -9.31323e-09 -1.86265e-09
198 1.70555e+07 1.485e+07 1.86265e-09 -2.79397e-09 -2.32831e-09 -2.32831e-09 -4.65661e-10 -2.79397e-09 -1.70555e+07 1.485e+07 -1.86265e-09 3.72529e-09 1.39698e-09 -3.25963e-09 5.58794e-09 1.86265e-09
199 1.71416e+07 1.4925e+07 -9.31323e-10 -2.79397e-09 -2.32831e-10 -1.86265e-09 -1.39698e-09 -1.86265e-09 -1.71416e+07 1.4925e+07 3.72529e-09 5.58794e-09 2.79397e-09 9.31323e-10 -3.72529e-09 7.45058e-09
200 1.72278e+07 1.5e+07 0 1.86265e-09 -2.09548e-09 -4.19095e-09 0 -9.31323e-10 -1.72278e+07 1.5e+07 -1.86265e-09 -3.72529e-09 -1.86265e-09 1.86265e-09 3.72529e-09 0
