1.60653e-08 -16765.1 1.46974e-08 -13870.3 1.23182e-08 -8382.57 1.034e-08 -2894.89 0 0
2.61934e-10 -33437.3 3.63798e-10 -27663.6 3.27418e-10 -16718.7 3.11047e-10 -5773.73 0 0
-7.27596e-11 -41596.3 -4.36557e-11 -34413.8 3.63798e-11 -20798.2 -7.27596e-12 -7182.57 0 0
0.00161537 -43113.3 0.00070075 -35668.8 0.000514006 -21556.6 0.000380533 -7444.5 0 0
0.00218172 -44626.1 0.000873643 -36920.4 0.000638321 -22313.1 0.000471122 -7705.73 0 0
0.00303051 -46134.4 0.00111142 -38168.2 0.000808909 -23067.2 0.000595241 -7966.17 0 0
0.00435285 -47637.3 0.00144825 -39411.6 0.00105004 -23818.7 0.000770434 -8225.69 0 0
3.91959e-06 -48912.8 3.90163e-06 -40466.8 3.67375e-06 -24456.4 4.1499e-06 -8445.92 8.54282e-08 -1.02514e-08
8.20962e-06 -49568.2 2.64459e-06 -41009.1 1.1932e-06 -24784.1 8.76149e-07 -8559.11 -9.18607e-16 -1.14893e-16
0.000200064 -49913.3 6.37748e-05 -41294.6 2.84711e-05 -24956.6 2.09587e-05 -8618.69 -9.18607e-16 -1.14893e-16
