0.000380422 -0.00375339 0.000314786 -0.00310333 0.000190302 -0.00187331 6.574e-05 -0.000646199 -4.1359e-25 -8.27181e-25
0.000757954 -0.00751432 0.000627306 -0.00620848 0.000379368 -0.00374295 0.000131095 -0.00128959 -2.45199e-22 -5.042e-20
0.00258981 -0.0220774 0.000780039 -0.00773554 0.000471823 -0.00466046 0.000163071 -0.00160474 1.97783e-26 1.72767e-25
0.0056276 -0.0451337 0.000808419 -0.00802001 0.000489007 -0.00483123 0.000169015 -0.00166335 -1.05879e-22 -4.23516e-22
0.00866287 -0.0681942 0.000836717 -0.00830391 0.000506143 -0.00500161 0.000174943 -0.00172181 1.58819e-22 2.11758e-22
0.0116953 -0.0912596 0.000864924 -0.00858712 0.000523226 -0.00517152 0.000180853 -0.0017801 -2.11758e-22 1.90582e-21
0.0147245 -0.114331 0.000893027 -0.00886953 0.000540247 -0.0053409 0.000186742 -0.00183819 0 -3.59989e-21
0.0173018 -0.133988 0.0010153 -0.00993177 0.000554689 -0.00548469 0.00019174 -0.0018875 5.00019e-16 -4.68767e-15
0.0186291 -0.144123 0.00141523 -0.0131683 0.000562111 -0.0055586 0.000194308 -0.00191284 0 -5.29396e-23
0.0193286 -0.149468 0.00198616 -0.0174984 0.000566018 -0.00559751 0.00019566 -0.00192618 -5.29396e-23 -5.29396e-23
