1 -0.000283333 -0.000283333
2 -0.000566667 -0.000566667
3 -0.00085 -0.00085
4 -0.00113333 -0.00113333
5 -0.00141667 -0.00141667
6 -0.0017 -0.0017
7 -0.00198333 -0.00198333
8 -0.00226667 -0.00226667
9 -0.00255 -0.00255
10 -0.00283333 -0.00283333
11 -0.00311667 -0.00311667
12 -0.0034 -0.0034
13 -0.00368333 -0.00368333
14 -0.00396667 -0.00396667
15 -0.00425 -0.00425
16 -0.00453333 -0.00453333
17 -0.00481667 -0.00481667
18 -0.0051 -0.0051
19 -0.00538333 -0.00538333
20 -0.00566667 -0.00566667
21 -0.00595 -0.00595
22 -0.00623333 -0.00623333
23 -0.00651667 -0.00651667
24 -0.0068 -0.0068
25 -0.00708333 -0.00708333
26 -0.00736667 -0.00736667
27 -0.00765 -0.00765
28 -0.00793333 -0.00793333
29 -0.00821667 -0.00821667
30 -0.0085 -0.0085
31 -0.00878333 -0.00878333
32 -0.00906667 -0.00906667
33 -0.00935 -0.00935
34 -0.00963333 -0.00963333
35 -0.00991667 -0.00991667
36 -0.0102 -0.0102
37 -0.0104833 -0.0104833
38 -0.0107667 -0.0107667
39 -0.01105 -0.01105
40 -0.0113333 -0.0113333
41 -0.0116167 -0.0116167
42 -0.0119 -0.0119
43 -0.0121833 -0.0121833
44 -0.0124667 -0.0124667
45 -0.01275 -0.01275
46 -0.0130333 -0.0130333
47 -0.0133167 -0.0133167
48 -0.0136 -0.0136
49 -0.0138833 -0.0138833
50 -0.0141667 -0.0141667
51 -0.01445 -0.01445
52 -0.0147333 -0.0147333
53 -0.0150167 -0.0150167
54 -0.0153 -0.0153
55 -0.0155833 -0.0155833
56 -0.0158667 -0.0158667
57 -0.01615 -0.01615
58 -0.0164333 -0.0164333
59 -0.0167167 -0.0167167
60 -0.017 -0.017
61 -0.0172833 -0.0172833
62 -0.0175667 -0.0175667
63 -0.01785 -0.01785
64 -0.0181333 -0.0181333
65 -0.0184167 -0.0184167
66 -0.0187 -0.0187
67 -0.0189833 -0.0189833
68 -0.0192667 -0.0192667
69 -0.01955 -0.01955
70 -0.0198333 -0.0198333
71 -0.0201167 -0.0201167
72 -0.0204 -0.0204
73 -0.0206833 -0.0206833
74 -0.0209667 -0.0209667
75 -0.02125 -0.02125
76 -0.0215333 -0.0215333
77 -0.0218167 -0.0218167
78 -0.0221 -0.0221
79 -0.0223833 -0.0223833
80 -0.0226667 -0.0226667
81 -0.02295 -0.02295
82 -0.0232333 -0.0232333
83 -0.0235167 -0.0235167
84 -0.0238 -0.0238
85 -0.0240833 -0.0240833
86 -0.0243667 -0.0243667
87 -0.02465 -0.02465
88 -0.0249333 -0.0249333
89 -0.0252167 -0.0252167
90 -0.0255 -0.0255
91 -0.0257833 -0.0257833
92 -0.0260667 -0.0260667
93 -0.02635 -0.02635
94 -0.0266333 -0.0266333
95 -0.0269167 -0.0269167
96 -0.0272 -0.0272
97 -0.0274833 -0.0274833
98 -0.0277667 -0.0277667
99 -0.02805 -0.02805
100 -0.0283333 -0.0283333
