1 34635.9 -5475.61 -6352.95 -34635.9 5475.61 -15549.5 68666.3 5179.05 7839.57 -68666.3 -5179.05 12876.6 -2002.16 296.562 1329.14 2002.16 -296.562 -142.894 5475.61 34635.9 15549.5 -5475.61 40364.1 -29870.2 296.562 8302.16 16993.6 -296.562 -2002.16 142.894
2 69271.7 -10951.2 -12705.9 -69271.7 10951.2 -31099 137333 10358.1 15679.1 -137333 -10358.1 25753.3 -4004.32 593.123 2658.28 4004.32 -593.123 -285.789 10951.2 69271.7 31099 -10951.2 80728.3 -59740.4 593.123 16604.3 33987.2 -593.123 -4004.32 285.789
3 103908 -16426.8 -19058.9 -103908 16426.8 -46648.5 205999 15537.1 23518.7 -205999 -15537.1 38629.9 -6006.47 889.685 3987.42 6006.47 -889.685 -428.683 16426.8 103908 46648.5 -16426.8 121092 -89610.6 889.685 24906.5 50980.7 -889.685 -6006.47 428.683
4 138543 -21902.4 -25411.8 -138543 21902.4 -62197.9 274665 20716.2 31358.3 -274665 -20716.2 51506.5 -8008.63 1186.25 5316.56 8008.63 -1186.25 -571.577 21902.4 138543 62197.9 -21902.4 161457 -119481 1186.25 33208.6 67974.3 -1186.25 -8008.63 571.577
5 173179 -27378.1 -31764.8 -173179 27378.1 -77747.4 343332 25895.2 39197.8 -343332 -25895.2 64383.1 -10010.8 1482.81 6645.7 10010.8 -1482.81 -714.471 27378.1 173179 77747.4 -27378.1 201821 -149351 1482.81 41510.8 84967.9 -1482.81 -10010.8 714.471
6 207815 -32853.7 -38117.7 -207815 32853.7 -93296.9 411998 31074.3 47037.4 -411998 -31074.3 77259.8 -12012.9 1779.37 7974.84 12012.9 -1779.37 -857.366 32853.7 207815 93296.9 -32853.7 242185 -179221 1779.37 49812.9 101961 -1779.37 -12012.9 857.366
7 242451 -38329.3 -44470.7 -242451 38329.3 -108846 480664 36253.3 54877 -480664 -36253.3 90136.4 -14015.1 2075.93 9303.98 14015.1 -2075.93 -1000.26 38329.3 242451 108846 -38329.3 282549 -209091 2075.93 58115.1 118955 -2075.93 -14015.1 1000.26
8 277087 -43804.9 -50823.6 -277087 43804.9 -124396 549330 41432.4 62716.5 -549330 -41432.4 103013 -16017.3 2372.49 10633.1 16017.3 -2372.49 -1143.15 43804.9 277087 124396 -43804.9 322913 -238962 2372.49 66417.3 135949 -2372.49 -16017.3 1143.15
9 311723 -49280.5 -57176.6 -311723 49280.5 -139945 617997 46611.4 70556.1 -617997 -46611.4 115890 -18019.4 2669.05 11962.3 18019.4 -2669.05 -1286.05 49280.5 311723 139945 -49280.5 363277 -268832 2669.05 74719.4 152942 -2669.05 -18019.4 1286.05
10 346359 -54756.1 -63529.5 -346359 54756.1 -155495 686663 51790.5 78395.7 -686663 -51790.5 128766 -20021.6 2965.62 13291.4 20021.6 -2965.62 -1428.94 54756.1 346359 155495 -54756.1 403641 -298702 2965.62 83021.6 169936 -2965.62 -20021.6 1428.94
11 380994 -60231.7 -69882.5 -380994 60231.7 -171044 755329 56969.5 86235.2 -755329 -56969.5 141643 -22023.7 3262.18 14620.5 22023.7 -3262.18 -1571.84 60231.7 380994 171044 -60231.7 444006 -328572 3262.18 91323.7 186929 -3262.18 -22023.7 1571.84
12 415630 -65707.3 -76235.5 -415630 65707.3 -186594 823996 62148.6 94074.8 -823996 -62148.6 154520 -24025.9 3558.74 15949.7 24025.9 -3558.74 -1714.73 65707.3 415630 186594 -65707.3 484370 -358442 3558.74 99625.9 203923 -3558.74 -24025.9 1714.73
13 450266 -71182.9 -82588.4 -450266 71182.9 -202143 892662 67327.6 101914 -892662 -67327.6 167396 -26028.1 3855.3 17278.8 26028.1 -3855.3 -1857.63 71182.9 450266 202143 -71182.9 524734 -388313 3855.3 107928 220917 -3855.3 -26028.1 1857.63
14 484902 -76658.5 -88941.4 -484902 76658.5 -217693 961328 72506.7 109754 -961328 -72506.7 180273 -28030.2 4151.86 18608 28030.2 -4151.86 -2000.52 76658.5 484902 217693 -76658.5 565098 -418183 4151.86 116230 237910 -4151.86 -28030.2 2000.52
15 519538 -82134.2 -95294.3 -519538 82134.2 -233242 1.02999e+06 77685.7 117594 -1.02999e+06 -77685.7 193149 -30032.4 4448.42 19937.1 30032.4 -4448.42 -2143.41 82134.2 519538 233242 -82134.2 605462 -448053 4448.42 124532 254904 -4448.42 -30032.4 2143.41
16 554174 -87609.8 -101647 -554174 87609.8 -248792 1.09866e+06 82864.8 125433 -1.09866e+06 -82864.8 206026 -32034.5 4744.99 21266.2 32034.5 -4744.99 -2286.31 87609.8 554174 248792 -87609.8 645826 -477923 4744.99 132835 271897 -4744.99 -32034.5 2286.31
17 588810 -93085.4 -108000 -588810 93085.4 -264341 1.16733e+06 88043.8 133273 -1.16733e+06 -88043.8 218903 -34036.7 5041.55 22595.4 34036.7 -5041.55 -2429.2 93085.4 588810 264341 -93085.4 686190 -507794 5041.55 141137 288891 -5041.55 -34036.7 2429.2
18 623445 -98561 -114353 -623445 98561 -279891 1.23599e+06 93222.9 141112 -1.23599e+06 -93222.9 231779 -36038.8 5338.11 23924.5 36038.8 -5338.11 -2572.1 98561 623445 279891 -98561 726555 -537664 5338.11 149439 305884 -5338.11 -36038.8 2572.1
19 658081 -104037 -120706 -658081 104037 -295440 1.30466e+06 98401.9 148952 -1.30466e+06 -98401.9 244656 -38041 5634.67 25253.7 38041 -5634.67 -2714.99 104037 658081 295440 -104037 766919 -567534 5634.67 157741 322878 -5634.67 -38041 2714.99
20 692717 -109512 -127059 -692717 109512 -310990 1.37333e+06 103581 156791 -1.37333e+06 -103581 257533 -40043.2 5931.23 26582.8 40043.2 -5931.23 -2857.89 109512 692717 310990 -109512 807283 -597404 5931.23 166043 339872 -5931.23 -40043.2 2857.89
21 727353 -114988 -133412 -727353 114988 -326539 1.44199e+06 108760 164631 -1.44199e+06 -108760 270409 -42045.3 6227.79 27912 42045.3 -6227.79 -3000.78 114988 727353 326539 -114988 847647 -627274 6227.79 174345 356865 -6227.79 -42045.3 3000.78
22 761989 -120463 -139765 -761989 120463 -342089 1.51066e+06 113939 172470 -1.51066e+06 -113939 283286 -44047.5 6524.35 29241.1 44047.5 -6524.35 -3143.67 120463 761989 342089 -120463 888011 -657145 6524.35 182647 373859 -6524.35 -44047.5 3143.67
23 796625 -125939 -146118 -796625 125939 -357638 1.57932e+06 119118 180310 -1.57932e+06 -119118 296162 -46049.6 6820.92 30570.2 46049.6 -6820.92 -3286.57 125939 796625 357638 -125939 928375 -687015 6820.92 190950 390852 -6820.92 -46049.6 3286.57
24 831261 -131415 -152471 -831261 131415 -373188 1.64799e+06 124297 188150 -1.64799e+06 -124297 309039 -48051.8 7117.48 31899.4 48051.8 -7117.48 -3429.46 131415 831261 373188 -131415 968739 -716885 7117.48 199252 407846 -7117.48 -48051.8 3429.46
25 865896 -136890 -158824 -865896 136890 -388737 1.71666e+06 129476 195989 -1.71666e+06 -129476 321916 -50054 7414.04 33228.5 50054 -7414.04 -3572.36 136890 865896 388737 -136890 1.0091e+06 -746755 7414.04 207554 424840 -7414.04 -50054 3572.36
26 900532 -142366 -165177 -900532 142366 -404287 1.78532e+06 134655 203829 -1.78532e+06 -134655 334792 -52056.1 7710.6 34557.7 52056.1 -7710.6 -3715.25 142366 900532 404287 -142366 1.04947e+06 -776625 7710.6 215856 441833 -7710.6 -52056.1 3715.25
27 935168 -147841 -171530 -935168 147841 -419836 1.85399e+06 139834 211668 -1.85399e+06 -139834 347669 -54058.3 8007.16 35886.8 54058.3 -8007.16 -3858.15 147841 935168 419836 -147841 1.08983e+06 -806496 8007.16 224158 458827 -8007.16 -54058.3 3858.15
28 969804 -153317 -177883 -969804 153317 -435386 1.92266e+06 145013 219508 -1.92266e+06 -145013 360546 -56060.4 8303.72 37215.9 56060.4 -8303.72 -4001.04 153317 969804 435386 -153317 1.1302e+06 -836366 8303.72 232460 475820 -8303.72 -56060.4 4001.04
29 1.00444e+06 -158793 -184236 -1.00444e+06 158793 -450935 1.99132e+06 150192 227347 -1.99132e+06 -150192 373422 -58062.6 8600.29 38545.1 58062.6 -8600.29 -4143.93 158793 1.00444e+06 450935 -158793 1.17056e+06 -866236 8600.29 240763 492814 -8600.29 -58062.6 4143.93
30 1.03908e+06 -164268 -190589 -1.03908e+06 164268 -466485 2.05999e+06 155371 235187 -2.05999e+06 -155371 386299 -60064.7 8896.85 39874.2 60064.7 -8896.85 -4286.83 164268 1.03908e+06 466485 -164268 1.21092e+06 -896106 8896.85 249065 509807 -8896.85 -60064.7 4286.83
31 1.07371e+06 -169744 -196942 -1.07371e+06 169744 -482034 2.12866e+06 160551 243027 -2.12866e+06 -160551 399175 -62066.9 9193.41 41203.4 62066.9 -9193.41 -4429.72 169744 1.07371e+06 482034 -169744 1.25129e+06 -925976 9193.41 257367 526801 -9193.41 -62066.9 4429.72
32 1.10835e+06 -175220 -203295 -1.10835e+06 175220 -497584 2.19732e+06 165730 250866 -2.19732e+06 -165730 412052 -64069.1 9489.97 42532.5 64069.1 -9489.97 -4572.62 175220 1.10835e+06 497584 -175220 1.29165e+06 -955847 9489.97 265669 543795 -9489.97 -64069.1 4572.62
33 1.14298e+06 -180695 -209647 -1.14298e+06 180695 -513133 2.26599e+06 170909 258706 -2.26599e+06 -170909 424929 -66071.2 9786.53 43861.6 66071.2 -9786.53 -4715.51 180695 1.14298e+06 513133 -180695 1.33202e+06 -985717 9786.53 273971 560788 -9786.53 -66071.2 4715.51
34 1.17762e+06 -186171 -216000 -1.17762e+06 186171 -528683 2.33465e+06 176088 266545 -2.33465e+06 -176088 437805 -68073.4 10083.1 45190.8 68073.4 -10083.1 -4858.41 186171 1.17762e+06 528683 -186171 1.37238e+06 -1.01559e+06 10083.1 282273 577782 -10083.1 -68073.4 4858.41
35 1.21225e+06 -191646 -222353 -1.21225e+06 191646 -544232 2.40332e+06 181267 274385 -2.40332e+06 -181267 450682 -70075.5 10379.7 46519.9 70075.5 -10379.7 -5001.3 191646 1.21225e+06 544232 -191646 1.41275e+06 -1.04546e+06 10379.7 290576 594775 -10379.7 -70075.5 5001.3
36 1.24689e+06 -197122 -228706 -1.24689e+06 197122 -559781 2.47199e+06 186446 282224 -2.47199e+06 -186446 463559 -72077.7 10676.2 47849.1 72077.7 -10676.2 -5144.19 197122 1.24689e+06 559781 -197122 1.45311e+06 -1.07533e+06 10676.2 298878 611769 -10676.2 -72077.7 5144.19
37 1.28153e+06 -202598 -235059 -1.28153e+06 202598 -575331 2.54065e+06 191625 290064 -2.54065e+06 -191625 476435 -74079.9 10972.8 49178.2 74079.9 -10972.8 -5287.09 202598 1.28153e+06 575331 -202598 1.49347e+06 -1.1052e+06 10972.8 307180 628762 -10972.8 -74079.9 5287.09
38 1.31616e+06 -208073 -241412 -1.31616e+06 208073 -590880 2.60932e+06 196804 297904 -2.60932e+06 -196804 489312 -76082 11269.3 50507.3 76082 -11269.3 -5429.98 208073 1.31616e+06 590880 -208073 1.53384e+06 -1.13507e+06 11269.3 315482 645756 -11269.3 -76082 5429.98
39 1.3508e+06 -213549 -247765 -1.3508e+06 213549 -606430 2.67799e+06 201983 305743 -2.67799e+06 -201983 502188 -78084.2 11565.9 51836.5 78084.2 -11565.9 -5572.88 213549 1.3508e+06 606430 -213549 1.5742e+06 -1.16494e+06 11565.9 323784 662750 -11565.9 -78084.2 5572.88
40 1.38543e+06 -219024 -254118 -1.38543e+06 219024 -621979 2.74665e+06 207162 313583 -2.74665e+06 -207162 515065 -80086.3 11862.5 53165.6 80086.3 -11862.5 -5715.77 219024 1.38543e+06 621979 -219024 1.61457e+06 -1.19481e+06 11862.5 332086 679743 -11862.5 -80086.3 5715.77
41 1.42007e+06 -224500 -260471 -1.42007e+06 224500 -637529 2.81532e+06 212341 321422 -2.81532e+06 -212341 527942 -82088.5 12159 54494.8 82088.5 -12159 -5858.67 224500 1.42007e+06 637529 -224500 1.65493e+06 -1.22468e+06 12159 340388 696737 -12159 -82088.5 5858.67
42 1.45471e+06 -229976 -266824 -1.45471e+06 229976 -653078 2.88398e+06 217520 329262 -2.88398e+06 -217520 540818 -84090.6 12455.6 55823.9 84090.6 -12455.6 -6001.56 229976 1.45471e+06 653078 -229976 1.69529e+06 -1.25455e+06 12455.6 348691 713730 -12455.6 -84090.6 6001.56
43 1.48934e+06 -235451 -273177 -1.48934e+06 235451 -668628 2.95265e+06 222699 337101 -2.95265e+06 -222699 553695 -86092.8 12752.1 57153 86092.8 -12752.1 -6144.45 235451 1.48934e+06 668628 -235451 1.73566e+06 -1.28442e+06 12752.1 356993 730724 -12752.1 -86092.8 6144.45
44 1.52398e+06 -240927 -279530 -1.52398e+06 240927 -684177 3.02132e+06 227878 344941 -3.02132e+06 -227878 566572 -88095 13048.7 58482.2 88095 -13048.7 -6287.35 240927 1.52398e+06 684177 -240927 1.77602e+06 -1.31429e+06 13048.7 365295 747718 -13048.7 -88095 6287.35
45 1.55861e+06 -246402 -285883 -1.55861e+06 246402 -699727 3.08998e+06 233057 352781 -3.08998e+06 -233057 579448 -90097.1 13345.3 59811.3 90097.1 -13345.3 -6430.24 246402 1.55861e+06 699727 -246402 1.81639e+06 -1.34416e+06 13345.3 373597 764711 -13345.3 -90097.1 6430.24
46 1.59325e+06 -251878 -292236 -1.59325e+06 251878 -715276 3.15865e+06 238236 360620 -3.15865e+06 -238236 592325 -92099.3 13641.8 61140.5 92099.3 -13641.8 -6573.14 251878 1.59325e+06 715276 -251878 1.85675e+06 -1.37403e+06 13641.8 381899 781705 -13641.8 -92099.3 6573.14
47 1.62789e+06 -257354 -298589 -1.62789e+06 257354 -730826 3.22732e+06 243415 368460 -3.22732e+06 -243415 605201 -94101.4 13938.4 62469.6 94101.4 -13938.4 -6716.03 257354 1.62789e+06 730826 -257354 1.89711e+06 -1.4039e+06 13938.4 390201 798698 -13938.4 -94101.4 6716.03
48 1.66252e+06 -262829 -304942 -1.66252e+06 262829 -746375 3.29598e+06 248594 376299 -3.29598e+06 -248594 618078 -96103.6 14235 63798.7 96103.6 -14235 -6858.93 262829 1.66252e+06 746375 -262829 1.93748e+06 -1.43377e+06 14235 398504 815692 -14235 -96103.6 6858.93
49 1.69716e+06 -268305 -311295 -1.69716e+06 268305 -761925 3.36465e+06 253773 384139 -3.36465e+06 -253773 630955 -98105.7 14531.5 65127.9 98105.7 -14531.5 -7001.82 268305 1.69716e+06 761925 -268305 1.97784e+06 -1.46364e+06 14531.5 406806 832685 -14531.5 -98105.7 7001.82
50 1.73179e+06 -273781 -317648 -1.73179e+06 273781 -777474 3.43332e+06 258952 391978 -3.43332e+06 -258952 643831 -100108 14828.1 66457 100108 -14828.1 -7144.71 273781 1.73179e+06 777474 -273781 2.01821e+06 -1.49351e+06 14828.1 415108 849679 -14828.1 -100108 7144.71
51 1.76643e+06 -279256 -324001 -1.76643e+06 279256 -793024 3.50198e+06 264131 399818 -3.50198e+06 -264131 656708 -102110 15124.6 67786.2 102110 -15124.6 -7287.61 279256 1.76643e+06 793024 -279256 2.05857e+06 -1.52338e+06 15124.6 423410 866673 -15124.6 -102110 7287.61
52 1.80106e+06 -284732 -330354 -1.80106e+06 284732 -808573 3.57065e+06 269311 407658 -3.57065e+06 -269311 669585 -104112 15421.2 69115.3 104112 -15421.2 -7430.5 284732 1.80106e+06 808573 -284732 2.09894e+06 -1.55325e+06 15421.2 431712 883666 -15421.2 -104112 7430.5
53 1.8357e+06 -290207 -336707 -1.8357e+06 290207 -824123 3.63931e+06 274490 415497 -3.63931e+06 -274490 682461 -106114 15717.8 70444.5 106114 -15717.8 -7573.4 290207 1.8357e+06 824123 -290207 2.1393e+06 -1.58312e+06 15717.8 440014 900660 -15717.8 -106114 7573.4
54 1.87034e+06 -295683 -343060 -1.87034e+06 295683 -839672 3.70798e+06 279669 423337 -3.70798e+06 -279669 695338 -108117 16014.3 71773.6 108117 -16014.3 -7716.29 295683 1.87034e+06 839672 -295683 2.17966e+06 -1.61299e+06 16014.3 448317 917653 -16014.3 -108117 7716.29
55 1.90497e+06 -301159 -349412 -1.90497e+06 301159 -855222 3.77665e+06 284848 431176 -3.77665e+06 -284848 708214 -110119 16310.9 73102.7 110119 -16310.9 -7859.18 301159 1.90497e+06 855222 -301159 2.22003e+06 -1.64286e+06 16310.9 456619 934647 -16310.9 -110119 7859.18
56 1.93961e+06 -306634 -355765 -1.93961e+06 306634 -870771 3.84531e+06 290027 439016 -3.84531e+06 -290027 721091 -112121 16607.4 74431.9 112121 -16607.4 -8002.08 306634 1.93961e+06 870771 -306634 2.26039e+06 -1.67273e+06 16607.4 464921 951640 -16607.4 -112121 8002.08
57 1.97424e+06 -312110 -362118 -1.97424e+06 312110 -886321 3.91398e+06 295206 446855 -3.91398e+06 -295206 733968 -114123 16904 75761 114123 -16904 -8144.97 312110 1.97424e+06 886321 -312110 2.30076e+06 -1.7026e+06 16904 473223 968634 -16904 -114123 8144.97
58 2.00888e+06 -317585 -368471 -2.00888e+06 317585 -901870 3.98265e+06 300385 454695 -3.98265e+06 -300385 746844 -116125 17200.6 77090.2 116125 -17200.6 -8287.87 317585 2.00888e+06 901870 -317585 2.34112e+06 -1.73247e+06 17200.6 481525 985628 -17200.6 -116125 8287.87
59 2.04352e+06 -323061 -374824 -2.04352e+06 323061 -917420 4.05131e+06 305564 462535 -4.05131e+06 -305564 759721 -118127 17497.1 78419.3 118127 -17497.1 -8430.76 323061 2.04352e+06 917420 -323061 2.38148e+06 -1.76234e+06 17497.1 489827 1.00262e+06 -17497.1 -118127 8430.76
60 2.07815e+06 -328537 -381177 -2.07815e+06 328537 -932969 4.11998e+06 310743 470374 -4.11998e+06 -310743 772598 -120129 17793.7 79748.4 120129 -17793.7 -8573.66 328537 2.07815e+06 932969 -328537 2.42185e+06 -1.79221e+06 17793.7 498129 1.01961e+06 -17793.7 -120129 8573.66
61 2.11279e+06 -334012 -387530 -2.11279e+06 334012 -948519 4.18864e+06 315922 478214 -4.18864e+06 -315922 785474 -122132 18090.3 81077.6 122132 -18090.3 -8716.55 334012 2.11279e+06 948519 -334012 2.46221e+06 -1.82208e+06 18090.3 506432 1.03661e+06 -18090.3 -122132 8716.55
62 2.14742e+06 -339488 -393883 -2.14742e+06 339488 -964068 4.25731e+06 321101 486053 -4.25731e+06 -321101 798351 -124134 18386.8 82406.7 124134 -18386.8 -8859.44 339488 2.14742e+06 964068 -339488 2.50258e+06 -1.85195e+06 18386.8 514734 1.0536e+06 -18386.8 -124134 8859.44
63 2.18206e+06 -344963 -400236 -2.18206e+06 344963 -979618 4.32598e+06 326280 493893 -4.32598e+06 -326280 811227 -126136 18683.4 83735.9 126136 -18683.4 -9002.34 344963 2.18206e+06 979618 -344963 2.54294e+06 -1.88182e+06 18683.4 523036 1.0706e+06 -18683.4 -126136 9002.34
64 2.21669e+06 -350439 -406589 -2.21669e+06 350439 -995167 4.39464e+06 331459 501732 -4.39464e+06 -331459 824104 -128138 18979.9 85065 128138 -18979.9 -9145.23 350439 2.21669e+06 995167 -350439 2.58331e+06 -1.91169e+06 18979.9 531338 1.08759e+06 -18979.9 -128138 9145.23
65 2.25133e+06 -355915 -412942 -2.25133e+06 355915 -1.01072e+06 4.46331e+06 336638 509572 -4.46331e+06 -336638 836981 -130140 19276.5 86394.1 130140 -19276.5 -9288.13 355915 2.25133e+06 1.01072e+06 -355915 2.62367e+06 -1.94156e+06 19276.5 539640 1.10458e+06 -19276.5 -130140 9288.13
66 2.28597e+06 -361390 -419295 -2.28597e+06 361390 -1.02627e+06 4.53198e+06 341817 517411 -4.53198e+06 -341817 849857 -132142 19573.1 87723.3 132142 -19573.1 -9431.02 361390 2.28597e+06 1.02627e+06 -361390 2.66403e+06 -1.97143e+06 19573.1 547942 1.12158e+06 -19573.1 -132142 9431.02
67 2.3206e+06 -366866 -425648 -2.3206e+06 366866 -1.04182e+06 4.60064e+06 346996 525251 -4.60064e+06 -346996 862734 -134145 19869.6 89052.4 134145 -19869.6 -9573.92 366866 2.3206e+06 1.04182e+06 -366866 2.7044e+06 -2.0013e+06 19869.6 556245 1.13857e+06 -19869.6 -134145 9573.92
68 2.35524e+06 -372341 -432001 -2.35524e+06 372341 -1.05737e+06 4.66931e+06 352175 533091 -4.66931e+06 -352175 875611 -136147 20166.2 90381.6 136147 -20166.2 -9716.81 372341 2.35524e+06 1.05737e+06 -372341 2.74476e+06 -2.03117e+06 20166.2 564547 1.15556e+06 -20166.2 -136147 9716.81
69 2.38987e+06 -377817 -438354 -2.38987e+06 377817 -1.07291e+06 4.73797e+06 357354 540930 -4.73797e+06 -357354 888487 -138149 20462.7 91710.7 138149 -20462.7 -9859.7 377817 2.38987e+06 1.07291e+06 -377817 2.78513e+06 -2.06104e+06 20462.7 572849 1.17256e+06 -20462.7 -138149 9859.7
70 2.42451e+06 -383293 -444707 -2.42451e+06 383293 -1.08846e+06 4.80664e+06 362533 548770 -4.80664e+06 -362533 901364 -140151 20759.3 93039.8 140151 -20759.3 -10002.6 383293 2.42451e+06 1.08846e+06 -383293 2.82549e+06 -2.09091e+06 20759.3 581151 1.18955e+06 -20759.3 -140151 10002.6
71 2.45915e+06 -388768 -451060 -2.45915e+06 388768 -1.10401e+06 4.87531e+06 367712 556609 -4.87531e+06 -367712 914240 -142153 21055.9 94369 142153 -21055.9 -10145.5 388768 2.45915e+06 1.10401e+06 -388768 2.86585e+06 -2.12078e+06 21055.9 589453 1.20654e+06 -21055.9 -142153 10145.5
72 2.49378e+06 -394244 -457413 -2.49378e+06 394244 -1.11956e+06 4.94397e+06 372891 564449 -4.94397e+06 -372891 927117 -144155 21352.4 95698.1 144155 -21352.4 -10288.4 394244 2.49378e+06 1.11956e+06 -394244 2.90622e+06 -2.15065e+06 21352.4 597755 1.22354e+06 -21352.4 -144155 10288.4
73 2.52842e+06 -399720 -463766 -2.52842e+06 399720 -1.13511e+06 5.01264e+06 378071 572288 -5.01264e+06 -378071 939994 -146158 21649 97027.3 146158 -21649 -10431.3 399720 2.52842e+06 1.13511e+06 -399720 2.94658e+06 -2.18053e+06 21649 606058 1.24053e+06 -21649 -146158 10431.3
74 2.56305e+06 -405195 -470119 -2.56305e+06 405195 -1.15066e+06 5.08131e+06 383250 580128 -5.08131e+06 -383250 952870 -148160 21945.6 98356.4 148160 -21945.6 -10574.2 405195 2.56305e+06 1.15066e+06 -405195 2.98695e+06 -2.2104e+06 21945.6 614360 1.25752e+06 -21945.6 -148160 10574.2
75 2.59769e+06 -410671 -476472 -2.59769e+06 410671 -1.16621e+06 5.14997e+06 388429 587968 -5.14997e+06 -388429 965747 -150162 22242.1 99685.5 150162 -22242.1 -10717.1 410671 2.59769e+06 1.16621e+06 -410671 3.02731e+06 -2.24027e+06 22242.1 622662 1.27452e+06 -22242.1 -150162 10717.1
76 2.63233e+06 -416146 -482825 -2.63233e+06 416146 -1.18176e+06 5.21864e+06 393608 595807 -5.21864e+06 -393608 978624 -152164 22538.7 101015 152164 -22538.7 -10860 416146 2.63233e+06 1.18176e+06 -416146 3.06767e+06 -2.27014e+06 22538.7 630964 1.29151e+06 -22538.7 -152164 10860
77 2.66696e+06 -421622 -489177 -2.66696e+06 421622 -1.19731e+06 5.28731e+06 398787 603647 -5.28731e+06 -398787 991500 -154166 22835.2 102344 154166 -22835.2 -11002.9 421622 2.66696e+06 1.19731e+06 -421622 3.10804e+06 -2.30001e+06 22835.2 639266 1.30851e+06 -22835.2 -154166 11002.9
78 2.7016e+06 -427098 -495530 -2.7016e+06 427098 -1.21286e+06 5.35597e+06 403966 611486 -5.35597e+06 -403966 1.00438e+06 -156168 23131.8 103673 156168 -23131.8 -11145.8 427098 2.7016e+06 1.21286e+06 -427098 3.1484e+06 -2.32988e+06 23131.8 647568 1.3255e+06 -23131.8 -156168 11145.8
79 2.73623e+06 -432573 -501883 -2.73623e+06 432573 -1.22841e+06 5.42464e+06 409145 619326 -5.42464e+06 -409145 1.01725e+06 -158170 23428.4 105002 158170 -23428.4 -11288.6 432573 2.73623e+06 1.22841e+06 -432573 3.18877e+06 -2.35975e+06 23428.4 655870 1.34249e+06 -23428.4 -158170 11288.6
80 2.77087e+06 -438049 -508236 -2.77087e+06 438049 -1.24396e+06 5.4933e+06 414324 627165 -5.4933e+06 -414324 1.03013e+06 -160173 23724.9 106331 160173 -23724.9 -11431.5 438049 2.77087e+06 1.24396e+06 -438049 3.22913e+06 -2.38962e+06 23724.9 664173 1.35949e+06 -23724.9 -160173 11431.5
81 2.8055e+06 -443524 -514589 -2.8055e+06 443524 -1.25951e+06 5.56197e+06 419503 635005 -5.56197e+06 -419503 1.04301e+06 -162175 24021.5 107660 162175 -24021.5 -11574.4 443524 2.8055e+06 1.25951e+06 -443524 3.2695e+06 -2.41949e+06 24021.5 672475 1.37648e+06 -24021.5 -162175 11574.4
82 2.84014e+06 -449000 -520942 -2.84014e+06 449000 -1.27506e+06 5.63064e+06 424682 642845 -5.63064e+06 -424682 1.05588e+06 -164177 24318.1 108990 164177 -24318.1 -11717.3 449000 2.84014e+06 1.27506e+06 -449000 3.30986e+06 -2.44936e+06 24318.1 680777 1.39347e+06 -24318.1 -164177 11717.3
83 2.87478e+06 -454476 -527295 -2.87478e+06 454476 -1.29061e+06 5.6993e+06 429861 650684 -5.6993e+06 -429861 1.06876e+06 -166179 24614.6 110319 166179 -24614.6 -11860.2 454476 2.87478e+06 1.29061e+06 -454476 3.35022e+06 -2.47923e+06 24614.6 689079 1.41047e+06 -24614.6 -166179 11860.2
84 2.90941e+06 -459951 -533648 -2.90941e+06 459951 -1.30616e+06 5.76797e+06 435040 658524 -5.76797e+06 -435040 1.08164e+06 -168181 24911.2 111648 168181 -24911.2 -12003.1 459951 2.90941e+06 1.30616e+06 -459951 3.39059e+06 -2.5091e+06 24911.2 697381 1.42746e+06 -24911.2 -168181 12003.1
85 2.94405e+06 -465427 -540001 -2.94405e+06 465427 -1.32171e+06 5.83664e+06 440219 666363 -5.83664e+06 -440219 1.09451e+06 -170183 25207.7 112977 170183 -25207.7 -12146 465427 2.94405e+06 1.32171e+06 -465427 3.43095e+06 -2.53897e+06 25207.7 705683 1.44445e+06 -25207.7 -170183 12146
86 2.97868e+06 -470902 -546354 -2.97868e+06 470902 -1.33726e+06 5.9053e+06 445398 674203 -5.9053e+06 -445398 1.10739e+06 -172186 25504.3 114306 172186 -25504.3 -12288.9 470902 2.97868e+06 1.33726e+06 -470902 3.47132e+06 -2.56884e+06 25504.3 713986 1.46145e+06 -25504.3 -172186 12288.9
87 3.01332e+06 -476378 -552707 -3.01332e+06 476378 -1.35281e+06 5.97397e+06 450577 682042 -5.97397e+06 -450577 1.12027e+06 -174188 25800.9 115635 174188 -25800.9 -12431.8 476378 3.01332e+06 1.35281e+06 -476378 3.51168e+06 -2.59871e+06 25800.9 722288 1.47844e+06 -25800.9 -174188 12431.8
88 3.04796e+06 -481854 -559060 -3.04796e+06 481854 -1.36835e+06 6.04263e+06 455756 689882 -6.04263e+06 -455756 1.13314e+06 -176190 26097.4 116964 176190 -26097.4 -12574.7 481854 3.04796e+06 1.36835e+06 -481854 3.55204e+06 -2.62858e+06 26097.4 730590 1.49544e+06 -26097.4 -176190 12574.7
89 3.08259e+06 -487329 -565413 -3.08259e+06 487329 -1.3839e+06 6.1113e+06 460935 697722 -6.1113e+06 -460935 1.14602e+06 -178192 26394 118294 178192 -26394 -12717.6 487329 3.08259e+06 1.3839e+06 -487329 3.59241e+06 -2.65845e+06 26394 738892 1.51243e+06 -26394 -178192 12717.6
90 3.11723e+06 -492805 -571766 -3.11723e+06 492805 -1.39945e+06 6.17997e+06 466114 705561 -6.17997e+06 -466114 1.1589e+06 -180194 26690.5 119623 180194 -26690.5 -12860.5 492805 3.11723e+06 1.39945e+06 -492805 3.63277e+06 -2.68832e+06 26690.5 747194 1.52942e+06 -26690.5 -180194 12860.5
91 3.15186e+06 -498281 -578119 -3.15186e+06 498281 -1.415e+06 6.24863e+06 471293 713401 -6.24863e+06 -471293 1.17177e+06 -182196 26987.1 120952 182196 -26987.1 -13003.4 498281 3.15186e+06 1.415e+06 -498281 3.67314e+06 -2.71819e+06 26987.1 755496 1.54642e+06 -26987.1 -182196 13003.4
92 3.1865e+06 -503756 -584472 -3.1865e+06 503756 -1.43055e+06 6.3173e+06 476472 721240 -6.3173e+06 -476472 1.18465e+06 -184199 27283.7 122281 184199 -27283.7 -13146.3 503756 3.1865e+06 1.43055e+06 -503756 3.7135e+06 -2.74806e+06 27283.7 763799 1.56341e+06 -27283.7 -184199 13146.3
93 3.22113e+06 -509232 -590825 -3.22113e+06 509232 -1.4461e+06 6.38597e+06 481652 729080 -6.38597e+06 -481652 1.19753e+06 -186201 27580.2 123610 186201 -27580.2 -13289.2 509232 3.22113e+06 1.4461e+06 -509232 3.75387e+06 -2.77793e+06 27580.2 772101 1.5804e+06 -27580.2 -186201 13289.2
94 3.25577e+06 -514707 -597178 -3.25577e+06 514707 -1.46165e+06 6.45463e+06 486831 736919 -6.45463e+06 -486831 1.2104e+06 -188203 27876.8 124939 188203 -27876.8 -13432.1 514707 3.25577e+06 1.46165e+06 -514707 3.79423e+06 -2.8078e+06 27876.8 780403 1.5974e+06 -27876.8 -188203 13432.1
95 3.29041e+06 -520183 -603531 -3.29041e+06 520183 -1.4772e+06 6.5233e+06 492010 744759 -6.5233e+06 -492010 1.22328e+06 -190205 28173.4 126268 190205 -28173.4 -13575 520183 3.29041e+06 1.4772e+06 -520183 3.83459e+06 -2.83767e+06 28173.4 788705 1.61439e+06 -28173.4 -190205 13575
96 3.32504e+06 -525659 -609884 -3.32504e+06 525659 -1.49275e+06 6.59197e+06 497189 752599 -6.59197e+06 -497189 1.23616e+06 -192207 28469.9 127597 192207 -28469.9 -13717.9 525659 3.32504e+06 1.49275e+06 -525659 3.87496e+06 -2.86754e+06 28469.9 797007 1.63138e+06 -28469.9 -192207 13717.9
97 3.35968e+06 -531134 -616237 -3.35968e+06 531134 -1.5083e+06 6.66063e+06 502368 760438 -6.66063e+06 -502368 1.24903e+06 -194209 28766.5 128927 194209 -28766.5 -13860.7 531134 3.35968e+06 1.5083e+06 -531134 3.91532e+06 -2.89741e+06 28766.5 805309 1.64838e+06 -28766.5 -194209 13860.7
98 3.39431e+06 -536610 -622590 -3.39431e+06 536610 -1.52385e+06 6.7293e+06 507547 768278 -6.7293e+06 -507547 1.26191e+06 -196211 29063 130256 196211 -29063 -14003.6 536610 3.39431e+06 1.52385e+06 -536610 3.95569e+06 -2.92728e+06 29063 813611 1.66537e+06 -29063 -196211 14003.6
99 3.42895e+06 -542085 -628942 -3.42895e+06 542085 -1.5394e+06 6.79796e+06 512726 776117 -6.79796e+06 -512726 1.27479e+06 -198214 29359.6 131585 198214 -29359.6 -14146.5 542085 3.42895e+06 1.5394e+06 -542085 3.99605e+06 -2.95715e+06 29359.6 821914 1.68236e+06 -29359.6 -198214 14146.5
100 3.46359e+06 -547561 -635295 -3.46359e+06 547561 -1.55495e+06 6.86663e+06 517905 783957 -6.86663e+06 -517905 1.28766e+06 -200216 29656.2 132914 200216 -29656.2 -14289.4 547561 3.46359e+06 1.55495e+06 -547561 4.03641e+06 -2.98702e+06 29656.2 830216 1.69936e+06 -29656.2 -200216 14289.4
