-1.35394e+06 -616992 -3.0545e+06 1.35394e+06 616992 -647450
-2.70788e+06 -1.23398e+06 -6.10901e+06 2.70788e+06 1.23398e+06 -1.2949e+06
-4.06182e+06 -1.85098e+06 -9.16351e+06 4.06182e+06 1.85098e+06 -1.94235e+06
-5.41575e+06 -2.46797e+06 -1.2218e+07 5.41575e+06 2.46797e+06 -2.5898e+06
-6.76969e+06 -3.08496e+06 -1.52725e+07 6.76969e+06 3.08496e+06 -3.23725e+06
-8.12363e+06 -3.70195e+06 -1.8327e+07 8.12363e+06 3.70195e+06 -3.8847e+06
-9.47757e+06 -4.31895e+06 -2.13815e+07 9.47757e+06 4.31895e+06 -4.53215e+06
-1.08315e+07 -4.93594e+06 -2.4436e+07 1.08315e+07 4.93594e+06 -5.1796e+06
-1.21854e+07 -5.55293e+06 -2.74905e+07 1.21854e+07 5.55293e+06 -5.82705e+06
-1.35394e+07 -6.16992e+06 -3.0545e+07 1.35394e+07 6.16992e+06 -6.4745e+06
