1.74623e-10 616992 -647450 -1.74623e-10 -616992 647450
3.49246e-10 1.23398e+06 -1.2949e+06 -3.49246e-10 -1.23398e+06 1.2949e+06
2.79397e-09 1.85098e+06 -1.94235e+06 -2.79397e-09 -1.85098e+06 1.94235e+06
1.04774e-09 2.46797e+06 -2.5898e+06 -1.04774e-09 -2.46797e+06 2.5898e+06
-5.93718e-09 3.08496e+06 -3.23725e+06 5.93718e-09 -3.08496e+06 3.23725e+06
-4.19095e-09 3.70195e+06 -3.8847e+06 4.19095e-09 -3.70195e+06 3.8847e+06
3.49246e-09 4.31895e+06 -4.53215e+06 -3.49246e-09 -4.31895e+06 4.53215e+06
0 4.93594e+06 -5.1796e+06 -0 -4.93594e+06 5.1796e+06
-1.39698e-09 5.55293e+06 -5.82705e+06 1.39698e-09 -5.55293e+06 5.82705e+06
6.28643e-09 6.16992e+06 -6.4745e+06 -6.28643e-09 -6.16992e+06 6.4745e+06
