-2.70788e+06 -616992 7.777e+06 2.70788e+06 616992 3.0545e+06
-5.41575e+06 -1.23398e+06 1.5554e+07 5.41575e+06 1.23398e+06 6.10901e+06
-8.12363e+06 -1.85098e+06 2.3331e+07 8.12363e+06 1.85098e+06 9.16351e+06
-1.08315e+07 -2.46797e+06 3.1108e+07 1.08315e+07 2.46797e+06 1.2218e+07
-1.35394e+07 -3.08496e+06 3.8885e+07 1.35394e+07 3.08496e+06 1.52725e+07
-1.62473e+07 -3.70195e+06 4.6662e+07 1.62473e+07 3.70195e+06 1.8327e+07
-1.89551e+07 -4.31895e+06 5.4439e+07 1.89551e+07 4.31895e+06 2.13815e+07
-2.1663e+07 -4.93594e+06 6.2216e+07 2.1663e+07 4.93594e+06 2.4436e+07
-2.43709e+07 -5.55293e+06 6.9993e+07 2.43709e+07 5.55293e+06 2.74905e+07
-2.70788e+07 -6.16992e+06 7.777e+07 2.70788e+07 6.16992e+06 3.0545e+07
