1 -0.000230906 0.00047393 -0.00412434 -0.000457775 0.000467085 0.00298561 1.33477e-05 0.000466863 -0.000269155 -2.73781e-05 -0.00455289 0.0025639 -8.89685e-07 0.00236149 -0.000893058
2 -0.000461811 0.000947859 -0.00824867 -0.000915551 0.00093417 0.00597123 2.66954e-05 0.000933725 -0.00053831 -5.47561e-05 -0.00910578 0.00512781 -1.77937e-06 0.00472298 -0.00178612
3 -0.000692717 0.00142179 -0.012373 -0.00137333 0.00140126 0.00895684 4.00432e-05 0.00140059 -0.000807465 -8.21342e-05 -0.0136587 0.00769171 -2.66905e-06 0.00708446 -0.00267918
4 -0.000923623 0.00189572 -0.0164973 -0.0018311 0.00186834 0.0119425 5.33909e-05 0.00186745 -0.00107662 -0.000109512 -0.0182116 0.0102556 -3.55874e-06 0.00944595 -0.00357223
5 -0.00115453 0.00236965 -0.0206217 -0.00228888 0.00233543 0.0149281 6.67386e-05 0.00233431 -0.00134577 -0.00013689 -0.0227645 0.0128195 -4.44842e-06 0.0118074 -0.00446529
6 -0.00138543 0.00284358 -0.024746 -0.00274665 0.00280251 0.0179137 8.00863e-05 0.00280118 -0.00161493 -0.000164268 -0.0273174 0.0153834 -5.33811e-06 0.0141689 -0.00535835
7 -0.00161634 0.00331751 -0.0288704 -0.00320443 0.0032696 0.0208993 9.3434e-05 0.00326804 -0.00188408 -0.000191646 -0.0318702 0.0179473 -6.22779e-06 0.0165304 -0.00625141
8 -0.00184725 0.00379144 -0.0329947 -0.0036622 0.00373668 0.0238849 0.000106782 0.0037349 -0.00215324 -0.000219024 -0.0364231 0.0205112 -7.11748e-06 0.0188919 -0.00714447
9 -0.00207815 0.00426537 -0.037119 -0.00411998 0.00420377 0.0268705 0.000120129 0.00420176 -0.00242239 -0.000246402 -0.040976 0.0230751 -8.00716e-06 0.0212534 -0.00803753
10 -0.00230906 0.0047393 -0.0412434 -0.00457775 0.00467085 0.0298561 0.000133477 0.00466863 -0.00269155 -0.000273781 -0.0455289 0.025639 -8.89685e-06 0.0236149 -0.00893058
11 -0.00253996 0.00521322 -0.0453677 -0.00503553 0.00513794 0.0328418 0.000146825 0.00513549 -0.0029607 -0.000301159 -0.0500818 0.0282029 -9.78653e-06 0.0259764 -0.00982364
12 -0.00277087 0.00568715 -0.049492 -0.0054933 0.00560502 0.0358274 0.000160173 0.00560235 -0.00322986 -0.000328537 -0.0546347 0.0307668 -1.06762e-05 0.0283379 -0.0107167
13 -0.00300177 0.00616108 -0.0536164 -0.00595108 0.00607211 0.038813 0.00017352 0.00606921 -0.00349901 -0.000355915 -0.0591876 0.0333307 -1.15659e-05 0.0306993 -0.0116098
14 -0.00323268 0.00663501 -0.0577407 -0.00640885 0.00653919 0.0417986 0.000186868 0.00653608 -0.00376817 -0.000383293 -0.0637405 0.0358946 -1.24556e-05 0.0330608 -0.0125028
15 -0.00346359 0.00710894 -0.061865 -0.00686663 0.00700628 0.0447842 0.000200216 0.00700294 -0.00403732 -0.000410671 -0.0682934 0.0384585 -1.33453e-05 0.0354223 -0.0133959
16 -0.00369449 0.00758287 -0.0659894 -0.00732441 0.00747336 0.0477698 0.000213564 0.0074698 -0.00430648 -0.000438049 -0.0728463 0.0410224 -1.4235e-05 0.0377838 -0.0142889
17 -0.0039254 0.0080568 -0.0701137 -0.00778218 0.00794045 0.0507554 0.000226911 0.00793666 -0.00457563 -0.000465427 -0.0773992 0.0435864 -1.51246e-05 0.0401453 -0.015182
18 -0.0041563 0.00853073 -0.0742381 -0.00823996 0.00840753 0.0537411 0.000240259 0.00840353 -0.00484479 -0.000492805 -0.0819521 0.0461503 -1.60143e-05 0.0425068 -0.0160751
19 -0.00438721 0.00900466 -0.0783624 -0.00869773 0.00887462 0.0567267 0.000253607 0.00887039 -0.00511394 -0.000520183 -0.0865049 0.0487142 -1.6904e-05 0.0448683 -0.0169681
20 -0.00461811 0.00947859 -0.0824867 -0.00915551 0.0093417 0.0597123 0.000266954 0.00933725 -0.0053831 -0.000547561 -0.0910578 0.0512781 -1.77937e-05 0.0472298 -0.0178612
21 -0.00484902 0.00995252 -0.0866111 -0.00961328 0.00980879 0.0626979 0.000280302 0.00980411 -0.00565225 -0.000574939 -0.0956107 0.053842 -1.86834e-05 0.0495912 -0.0187542
22 -0.00507993 0.0104264 -0.0907354 -0.0100711 0.0102759 0.0656835 0.00029365 0.010271 -0.00592141 -0.000602317 -0.100164 0.0564059 -1.95731e-05 0.0519527 -0.0196473
23 -0.00531083 0.0109004 -0.0948597 -0.0105288 0.010743 0.0686691 0.000306998 0.0107378 -0.00619056 -0.000629695 -0.104717 0.0589698 -2.04627e-05 0.0543142 -0.0205403
24 -0.00554174 0.0113743 -0.0989841 -0.0109866 0.01121 0.0716547 0.000320345 0.0112047 -0.00645972 -0.000657073 -0.109269 0.0615337 -2.13524e-05 0.0566757 -0.0214334
25 -0.00577264 0.0118482 -0.103108 -0.0114444 0.0116771 0.0746404 0.000333693 0.0116716 -0.00672887 -0.000684451 -0.113822 0.0640976 -2.22421e-05 0.0590372 -0.0223265
26 -0.00600355 0.0123222 -0.107233 -0.0119022 0.0121442 0.077626 0.000347041 0.0121384 -0.00699803 -0.000711829 -0.118375 0.0666615 -2.31318e-05 0.0613987 -0.0232195
27 -0.00623445 0.0127961 -0.111357 -0.0123599 0.0126113 0.0806116 0.000360388 0.0126053 -0.00726718 -0.000739207 -0.122928 0.0692254 -2.40215e-05 0.0637602 -0.0241126
28 -0.00646536 0.01327 -0.115481 -0.0128177 0.0130784 0.0835972 0.000373736 0.0130722 -0.00753634 -0.000766585 -0.127481 0.0717893 -2.49112e-05 0.0661217 -0.0250056
29 -0.00669627 0.013744 -0.119606 -0.0132755 0.0135455 0.0865828 0.000387084 0.013539 -0.00780549 -0.000793963 -0.132034 0.0743532 -2.58009e-05 0.0684832 -0.0258987
30 -0.00692717 0.0142179 -0.12373 -0.0137333 0.0140126 0.0895684 0.000400432 0.0140059 -0.00807465 -0.000821342 -0.136587 0.0769171 -2.66905e-05 0.0708446 -0.0267918
31 -0.00715808 0.0146918 -0.127854 -0.014191 0.0144796 0.092554 0.000413779 0.0144727 -0.0083438 -0.00084872 -0.14114 0.079481 -2.75802e-05 0.0732061 -0.0276848
32 -0.00738898 0.0151657 -0.131979 -0.0146488 0.0149467 0.0955396 0.000427127 0.0149396 -0.00861296 -0.000876098 -0.145693 0.0820449 -2.84699e-05 0.0755676 -0.0285779
33 -0.00761989 0.0156397 -0.136103 -0.0151066 0.0154138 0.0985253 0.000440475 0.0154065 -0.00888211 -0.000903476 -0.150245 0.0846088 -2.93596e-05 0.0779291 -0.0294709
34 -0.00785079 0.0161136 -0.140227 -0.0155644 0.0158809 0.101511 0.000453823 0.0158733 -0.00915127 -0.000930854 -0.154798 0.0871727 -3.02493e-05 0.0802906 -0.030364
35 -0.0080817 0.0165875 -0.144352 -0.0160221 0.016348 0.104496 0.00046717 0.0163402 -0.00942042 -0.000958232 -0.159351 0.0897366 -3.1139e-05 0.0826521 -0.031257
36 -0.00831261 0.0170615 -0.148476 -0.0164799 0.0168151 0.107482 0.000480518 0.0168071 -0.00968957 -0.00098561 -0.163904 0.0923005 -3.20287e-05 0.0850136 -0.0321501
37 -0.00854351 0.0175354 -0.1526 -0.0169377 0.0172821 0.110468 0.000493866 0.0172739 -0.00995873 -0.00101299 -0.168457 0.0948644 -3.29183e-05 0.0873751 -0.0330432
38 -0.00877442 0.0180093 -0.156725 -0.0173955 0.0177492 0.113453 0.000507213 0.0177408 -0.0102279 -0.00104037 -0.17301 0.0974283 -3.3808e-05 0.0897365 -0.0339362
39 -0.00900532 0.0184833 -0.160849 -0.0178532 0.0182163 0.116439 0.000520561 0.0182076 -0.010497 -0.00106774 -0.177563 0.0999922 -3.46977e-05 0.092098 -0.0348293
40 -0.00923623 0.0189572 -0.164973 -0.018311 0.0186834 0.119425 0.000533909 0.0186745 -0.0107662 -0.00109512 -0.182116 0.102556 -3.55874e-05 0.0944595 -0.0357223
41 -0.00946713 0.0194311 -0.169098 -0.0187688 0.0191505 0.12241 0.000547257 0.0191414 -0.0110353 -0.0011225 -0.186669 0.10512 -3.64771e-05 0.096821 -0.0366154
42 -0.00969804 0.019905 -0.173222 -0.0192266 0.0196176 0.125396 0.000560604 0.0196082 -0.0113045 -0.00114988 -0.191221 0.107684 -3.73668e-05 0.0991825 -0.0375085
43 -0.00992895 0.020379 -0.177346 -0.0196843 0.0200847 0.128381 0.000573952 0.0200751 -0.0115737 -0.00117726 -0.195774 0.110248 -3.82564e-05 0.101544 -0.0384015
44 -0.0101599 0.0208529 -0.181471 -0.0201421 0.0205517 0.131367 0.0005873 0.020542 -0.0118428 -0.00120463 -0.200327 0.112812 -3.91461e-05 0.103905 -0.0392946
45 -0.0103908 0.0213268 -0.185595 -0.0205999 0.0210188 0.134353 0.000600647 0.0210088 -0.012112 -0.00123201 -0.20488 0.115376 -4.00358e-05 0.106267 -0.0401876
46 -0.0106217 0.0218008 -0.189719 -0.0210577 0.0214859 0.137338 0.000613995 0.0214757 -0.0123811 -0.00125939 -0.209433 0.11794 -4.09255e-05 0.108628 -0.0410807
47 -0.0108526 0.0222747 -0.193844 -0.0215154 0.021953 0.140324 0.000627343 0.0219425 -0.0126503 -0.00128677 -0.213986 0.120503 -4.18152e-05 0.11099 -0.0419737
48 -0.0110835 0.0227486 -0.197968 -0.0219732 0.0224201 0.143309 0.000640691 0.0224094 -0.0129194 -0.00131415 -0.218539 0.123067 -4.27049e-05 0.113351 -0.0428668
49 -0.0113144 0.0232225 -0.202092 -0.022431 0.0228872 0.146295 0.000654038 0.0228763 -0.0131886 -0.00134152 -0.223092 0.125631 -4.35946e-05 0.115713 -0.0437599
50 -0.0115453 0.0236965 -0.206217 -0.0228888 0.0233543 0.149281 0.000667386 0.0233431 -0.0134577 -0.0013689 -0.227645 0.128195 -4.44842e-05 0.118074 -0.0446529
51 -0.0117762 0.0241704 -0.210341 -0.0233465 0.0238213 0.152266 0.000680734 0.02381 -0.0137269 -0.00139628 -0.232197 0.130759 -4.53739e-05 0.120436 -0.045546
52 -0.0120071 0.0246443 -0.214465 -0.0238043 0.0242884 0.155252 0.000694081 0.0242769 -0.0139961 -0.00142366 -0.23675 0.133323 -4.62636e-05 0.122797 -0.046439
53 -0.012238 0.0251183 -0.21859 -0.0242621 0.0247555 0.158238 0.000707429 0.0247437 -0.0142652 -0.00145104 -0.241303 0.135887 -4.71533e-05 0.125159 -0.0473321
54 -0.0124689 0.0255922 -0.222714 -0.0247199 0.0252226 0.161223 0.000720777 0.0252106 -0.0145344 -0.00147841 -0.245856 0.138451 -4.8043e-05 0.12752 -0.0482252
55 -0.0126998 0.0260661 -0.226838 -0.0251776 0.0256897 0.164209 0.000734125 0.0256774 -0.0148035 -0.00150579 -0.250409 0.141015 -4.89327e-05 0.129882 -0.0491182
56 -0.0129307 0.0265401 -0.230963 -0.0256354 0.0261568 0.167194 0.000747472 0.0261443 -0.0150727 -0.00153317 -0.254962 0.143579 -4.98223e-05 0.132243 -0.0500113
57 -0.0131616 0.027014 -0.235087 -0.0260932 0.0266238 0.17018 0.00076082 0.0266112 -0.0153418 -0.00156055 -0.259515 0.146142 -5.0712e-05 0.134605 -0.0509043
58 -0.0133925 0.0274879 -0.239212 -0.026551 0.0270909 0.173166 0.000774168 0.027078 -0.015611 -0.00158793 -0.264068 0.148706 -5.16017e-05 0.136966 -0.0517974
59 -0.0136234 0.0279618 -0.243336 -0.0270087 0.027558 0.176151 0.000787516 0.0275449 -0.0158801 -0.0016153 -0.268621 0.15127 -5.24914e-05 0.139328 -0.0526904
60 -0.0138543 0.0284358 -0.24746 -0.0274665 0.0280251 0.179137 0.000800863 0.0280118 -0.0161493 -0.00164268 -0.273174 0.153834 -5.33811e-05 0.141689 -0.0535835
61 -0.0140852 0.0289097 -0.251585 -0.0279243 0.0284922 0.182122 0.000814211 0.0284786 -0.0164184 -0.00167006 -0.277726 0.156398 -5.42708e-05 0.144051 -0.0544766
62 -0.0143162 0.0293836 -0.255709 -0.0283821 0.0289593 0.185108 0.000827559 0.0289455 -0.0166876 -0.00169744 -0.282279 0.158962 -5.51605e-05 0.146412 -0.0553696
63 -0.0145471 0.0298576 -0.259833 -0.0288398 0.0294264 0.188094 0.000840906 0.0294123 -0.0169568 -0.00172482 -0.286832 0.161526 -5.60501e-05 0.148774 -0.0562627
64 -0.014778 0.0303315 -0.263958 -0.0292976 0.0298934 0.191079 0.000854254 0.0298792 -0.0172259 -0.0017522 -0.291385 0.16409 -5.69398e-05 0.151135 -0.0571557
65 -0.0150089 0.0308054 -0.268082 -0.0297554 0.0303605 0.194065 0.000867602 0.0303461 -0.0174951 -0.00177957 -0.295938 0.166654 -5.78295e-05 0.153497 -0.0580488
66 -0.0152398 0.0312793 -0.272206 -0.0302132 0.0308276 0.197051 0.00088095 0.0308129 -0.0177642 -0.00180695 -0.300491 0.169218 -5.87192e-05 0.155858 -0.0589419
67 -0.0154707 0.0317533 -0.276331 -0.0306709 0.0312947 0.200036 0.000894297 0.0312798 -0.0180334 -0.00183433 -0.305044 0.171781 -5.96089e-05 0.15822 -0.0598349
68 -0.0157016 0.0322272 -0.280455 -0.0311287 0.0317618 0.203022 0.000907645 0.0317467 -0.0183025 -0.00186171 -0.309597 0.174345 -6.04986e-05 0.160581 -0.060728
69 -0.0159325 0.0327011 -0.284579 -0.0315865 0.0322289 0.206007 0.000920993 0.0322135 -0.0185717 -0.00188909 -0.31415 0.176909 -6.13882e-05 0.162943 -0.061621
70 -0.0161634 0.0331751 -0.288704 -0.0320443 0.032696 0.208993 0.00093434 0.0326804 -0.0188408 -0.00191646 -0.318702 0.179473 -6.22779e-05 0.165304 -0.0625141
71 -0.0163943 0.033649 -0.292828 -0.032502 0.033163 0.211979 0.000947688 0.0331472 -0.01911 -0.00194384 -0.323255 0.182037 -6.31676e-05 0.167666 -0.0634072
72 -0.0166252 0.0341229 -0.296952 -0.0329598 0.0336301 0.214964 0.000961036 0.0336141 -0.0193791 -0.00197122 -0.327808 0.184601 -6.40573e-05 0.170027 -0.0643002
73 -0.0168561 0.0345969 -0.301077 -0.0334176 0.0340972 0.21795 0.000974384 0.034081 -0.0196483 -0.0019986 -0.332361 0.187165 -6.4947e-05 0.172389 -0.0651933
74 -0.017087 0.0350708 -0.305201 -0.0338754 0.0345643 0.220935 0.000987731 0.0345478 -0.0199175 -0.00202598 -0.336914 0.189729 -6.58367e-05 0.17475 -0.0660863
75 -0.0173179 0.0355447 -0.309325 -0.0343332 0.0350314 0.223921 0.00100108 0.0350147 -0.0201866 -0.00205335 -0.341467 0.192293 -6.67264e-05 0.177112 -0.0669794
76 -0.0175488 0.0360186 -0.31345 -0.0347909 0.0354985 0.226907 0.00101443 0.0354816 -0.0204558 -0.00208073 -0.34602 0.194857 -6.7616e-05 0.179473 -0.0678724
77 -0.0177797 0.0364926 -0.317574 -0.0352487 0.0359655 0.229892 0.00102777 0.0359484 -0.0207249 -0.00210811 -0.350573 0.197421 -6.85057e-05 0.181835 -0.0687655
78 -0.0180106 0.0369665 -0.321698 -0.0357065 0.0364326 0.232878 0.00104112 0.0364153 -0.0209941 -0.00213549 -0.355126 0.199984 -6.93954e-05 0.184196 -0.0696586
79 -0.0182416 0.0374404 -0.325823 -0.0361643 0.0368997 0.235864 0.00105447 0.0368821 -0.0212632 -0.00216287 -0.359678 0.202548 -7.02851e-05 0.186558 -0.0705516
80 -0.0184725 0.0379144 -0.329947 -0.036622 0.0373668 0.238849 0.00106782 0.037349 -0.0215324 -0.00219024 -0.364231 0.205112 -7.11748e-05 0.188919 -0.0714447
81 -0.0187034 0.0383883 -0.334071 -0.0370798 0.0378339 0.241835 0.00108117 0.0378159 -0.0218015 -0.00221762 -0.368784 0.207676 -7.20645e-05 0.191281 -0.0723377
82 -0.0189343 0.0388622 -0.338196 -0.0375376 0.038301 0.24482 0.00109451 0.0382827 -0.0220707 -0.002245 -0.373337 0.21024 -7.29542e-05 0.193642 -0.0732308
83 -0.0191652 0.0393362 -0.34232 -0.0379954 0.0387681 0.247806 0.00110786 0.0387496 -0.0223399 -0.00227238 -0.37789 0.212804 -7.38438e-05 0.196004 -0.0741239
84 -0.0193961 0.0398101 -0.346444 -0.0384531 0.0392351 0.250792 0.00112121 0.0392165 -0.022609 -0.00229976 -0.382443 0.215368 -7.47335e-05 0.198365 -0.0750169
85 -0.019627 0.040284 -0.350569 -0.0389109 0.0397022 0.253777 0.00113456 0.0396833 -0.0228782 -0.00232713 -0.386996 0.217932 -7.56232e-05 0.200726 -0.07591
86 -0.0198579 0.0407579 -0.354693 -0.0393687 0.0401693 0.256763 0.0011479 0.0401502 -0.0231473 -0.00235451 -0.391549 0.220496 -7.65129e-05 0.203088 -0.076803
87 -0.0200888 0.0412319 -0.358817 -0.0398265 0.0406364 0.259748 0.00116125 0.040617 -0.0234165 -0.00238189 -0.396102 0.22306 -7.74026e-05 0.205449 -0.0776961
88 -0.0203197 0.0417058 -0.362942 -0.0402842 0.0411035 0.262734 0.0011746 0.0410839 -0.0236856 -0.00240927 -0.400654 0.225623 -7.82923e-05 0.207811 -0.0785891
89 -0.0205506 0.0421797 -0.367066 -0.040742 0.0415706 0.26572 0.00118795 0.0415508 -0.0239548 -0.00243665 -0.405207 0.228187 -7.91819e-05 0.210172 -0.0794822
90 -0.0207815 0.0426537 -0.37119 -0.0411998 0.0420377 0.268705 0.00120129 0.0420176 -0.0242239 -0.00246402 -0.40976 0.230751 -8.00716e-05 0.212534 -0.0803753
91 -0.0210124 0.0431276 -0.375315 -0.0416576 0.0425047 0.271691 0.00121464 0.0424845 -0.0244931 -0.0024914 -0.414313 0.233315 -8.09613e-05 0.214895 -0.0812683
92 -0.0212433 0.0436015 -0.379439 -0.0421153 0.0429718 0.274676 0.00122799 0.0429514 -0.0247622 -0.00251878 -0.418866 0.235879 -8.1851e-05 0.217257 -0.0821614
93 -0.0214742 0.0440754 -0.383563 -0.0425731 0.0434389 0.277662 0.00124134 0.0434182 -0.0250314 -0.00254616 -0.423419 0.238443 -8.27407e-05 0.219618 -0.0830544
94 -0.0217051 0.0445494 -0.387688 -0.0430309 0.043906 0.280648 0.00125469 0.0438851 -0.0253006 -0.00257354 -0.427972 0.241007 -8.36304e-05 0.22198 -0.0839475
95 -0.021936 0.0450233 -0.391812 -0.0434887 0.0443731 0.283633 0.00126803 0.0443519 -0.0255697 -0.00260091 -0.432525 0.243571 -8.45201e-05 0.224341 -0.0848406
96 -0.0221669 0.0454972 -0.395936 -0.0439464 0.0448402 0.286619 0.00128138 0.0448188 -0.0258389 -0.00262829 -0.437078 0.246135 -8.54097e-05 0.226703 -0.0857336
97 -0.0223979 0.0459712 -0.400061 -0.0444042 0.0453072 0.289605 0.00129473 0.0452857 -0.026108 -0.00265567 -0.441631 0.248699 -8.62994e-05 0.229064 -0.0866267
98 -0.0226288 0.0464451 -0.404185 -0.044862 0.0457743 0.29259 0.00130808 0.0457525 -0.0263772 -0.00268305 -0.446183 0.251262 -8.71891e-05 0.231426 -0.0875197
99 -0.0228597 0.046919 -0.408309 -0.0453198 0.0462414 0.295576 0.00132142 0.0462194 -0.0266463 -0.00271043 -0.450736 0.253826 -8.80788e-05 0.233787 -0.0884128
100 -0.0230906 0.047393 -0.412434 -0.0457775 0.0467085 0.298561 0.00133477 0.0466863 -0.0269155 -0.00273781 -0.455289 0.25639 -8.89685e-05 0.236149 -0.0893058
