1 2000 0 8333.33 2000 -8333.33 -9.09495e-13
2 2000 -9.09495e-13 8333.33 2000 -8333.33 9.09495e-13
3 2000 0 8333.33 2000 -8333.33 0
4 2000 9.09495e-13 8333.33 2000 -8333.33 0
5 2000 0 8333.33 2000 -8333.33 1.81899e-12
6 2000 0 8333.33 2000 -8333.33 0
7 2000 0 8333.33 2000 -8333.33 -1.81899e-12
8 2000 0 8333.33 2000 -8333.33 1.81899e-12
9 2000 0 8333.33 2000 -8333.33 -4.54747e-13
10 2000 0 8333.33 2000 -8333.33 -1.36424e-12
11 2000 0 8333.33 2000 -8333.33 0
12 2000 0 8333.33 2000 -8333.33 0
13 2000 0 8333.33 2000 -8333.33 0
14 2000 0 8333.33 2000 -8333.33 0
15 2000 0 8333.33 2000 -8333.33 0
16 2000 0 8333.33 2000 -8333.33 0
17 2000 0 8333.33 2000 -8333.33 0
18 2000 0 8333.33 2000 -8333.33 0
19 2000 0 8333.33 2000 -8333.33 0
20 2000 0 8333.33 2000 -8333.33 0
21 2000 0 8333.33 2000 -8333.33 0
22 2000 0 8333.33 2000 -8333.33 0
23 2000 0 8333.33 2000 -8333.33 0
24 2000 0 8333.33 2000 -8333.33 0
25 2000 0 8333.33 2000 -8333.33 0
26 2000 0 8333.33 2000 -8333.33 0
27 2000 0 8333.33 2000 -8333.33 0
28 2000 0 8333.33 2000 -8333.33 0
29 2000 0 8333.33 2000 -8333.33 0
30 2000 0 8333.33 2000 -8333.33 0
31 2000 0 8333.33 2000 -8333.33 0
32 2000 0 8333.33 2000 -8333.33 0
33 2000 0 8333.33 2000 -8333.33 0
34 2000 0 8333.33 2000 -8333.33 0
35 2000 0 8333.33 2000 -8333.33 0
36 2000 0 8333.33 2000 -8333.33 0
37 2000 0 8333.33 2000 -8333.33 0
38 2000 0 8333.33 2000 -8333.33 0
39 2000 0 8333.33 2000 -8333.33 0
40 2000 0 8333.33 2000 -8333.33 0
41 2000 0 8333.33 2000 -8333.33 0
42 2000 0 8333.33 2000 -8333.33 0
43 2000 0 8333.33 2000 -8333.33 0
44 2000 0 8333.33 2000 -8333.33 0
45 2000 0 8333.33 2000 -8333.33 0
46 2000 0 8333.33 2000 -8333.33 0
47 2000 0 8333.33 2000 -8333.33 0
48 2000 0 8333.33 2000 -8333.33 0
49 2000 0 8333.33 2000 -8333.33 0
50 2000 0 8333.33 2000 -8333.33 0
51 2000 0 8333.33 2000 -8333.33 0
52 2000 0 8333.33 2000 -8333.33 0
53 2000 0 8333.33 2000 -8333.33 0
54 2000 0 8333.33 2000 -8333.33 0
55 2000 0 8333.33 2000 -8333.33 0
56 2000 0 8333.33 2000 -8333.33 0
57 2000 0 8333.33 2000 -8333.33 0
58 2000 0 8333.33 2000 -8333.33 0
59 2000 0 8333.33 2000 -8333.33 0
60 2000 0 8333.33 2000 -8333.33 0
61 2000 0 8333.33 2000 -8333.33 0
62 2000 0 8333.33 2000 -8333.33 0
63 2000 0 8333.33 2000 -8333.33 0
64 2000 0 8333.33 2000 -8333.33 0
65 2000 0 8333.33 2000 -8333.33 0
66 2000 0 8333.33 2000 -8333.33 0
67 2000 0 8333.33 2000 -8333.33 0
68 2000 0 8333.33 2000 -8333.33 0
69 2000 0 8333.33 2000 -8333.33 0
70 2000 0 8333.33 2000 -8333.33 0
71 2000 0 8333.33 2000 -8333.33 0
72 2000 0 8333.33 2000 -8333.33 0
73 2000 0 8333.33 2000 -8333.33 0
74 2000 0 8333.33 2000 -8333.33 0
75 2000 0 8333.33 2000 -8333.33 0
76 2000 0 8333.33 2000 -8333.33 0
77 2000 0 8333.33 2000 -8333.33 0
78 2000 0 8333.33 2000 -8333.33 0
79 2000 0 8333.33 2000 -8333.33 0
80 2000 0 8333.33 2000 -8333.33 0
81 2000 0 8333.33 2000 -8333.33 0
82 2000 0 8333.33 2000 -8333.33 0
83 2000 0 8333.33 2000 -8333.33 0
84 2000 0 8333.33 2000 -8333.33 0
85 2000 0 8333.33 2000 -8333.33 0
86 2000 0 8333.33 2000 -8333.33 0
87 2000 0 8333.33 2000 -8333.33 0
88 2000 0 8333.33 2000 -8333.33 0
89 2000 0 8333.33 2000 -8333.33 0
90 2000 0 8333.33 2000 -8333.33 0
91 2000 0 8333.33 2000 -8333.33 0
92 2000 0 8333.33 2000 -8333.33 0
93 2000 0 8333.33 2000 -8333.33 0
94 2000 0 8333.33 2000 -8333.33 0
95 2000 0 8333.33 2000 -8333.33 0
96 2000 0 8333.33 2000 -8333.33 0
97 2000 0 8333.33 2000 -8333.33 0
98 2000 0 8333.33 2000 -8333.33 0
99 2000 0 8333.33 2000 -8333.33 0
100 2000 0 8333.33 2000 -8333.33 0
