1 3e-05 0.084375 -0.028125
2 3e-05 0.084375 -0.028125
3 3e-05 0.084375 -0.028125
4 3e-05 0.084375 -0.028125
5 3e-05 0.084375 -0.028125
6 3e-05 0.084375 -0.028125
7 3e-05 0.084375 -0.028125
8 3e-05 0.084375 -0.028125
9 3e-05 0.084375 -0.028125
10 3e-05 0.084375 -0.028125
11 3e-05 0.084375 -0.028125
12 3e-05 0.084375 -0.028125
13 3e-05 0.084375 -0.028125
14 3e-05 0.084375 -0.028125
15 3e-05 0.084375 -0.028125
16 3e-05 0.084375 -0.028125
17 3e-05 0.084375 -0.028125
18 3e-05 0.084375 -0.028125
19 3e-05 0.084375 -0.028125
20 3e-05 0.084375 -0.028125
21 3e-05 0.084375 -0.028125
22 3e-05 0.084375 -0.028125
23 3e-05 0.084375 -0.028125
24 3e-05 0.084375 -0.028125
25 3e-05 0.084375 -0.028125
26 3e-05 0.084375 -0.028125
27 3e-05 0.084375 -0.028125
28 3e-05 0.084375 -0.028125
29 3e-05 0.084375 -0.028125
30 3e-05 0.084375 -0.028125
31 3e-05 0.084375 -0.028125
32 3e-05 0.084375 -0.028125
33 3e-05 0.084375 -0.028125
34 3e-05 0.084375 -0.028125
35 3e-05 0.084375 -0.028125
36 3e-05 0.084375 -0.028125
37 3e-05 0.084375 -0.028125
38 3e-05 0.084375 -0.028125
39 3e-05 0.084375 -0.028125
40 3e-05 0.084375 -0.028125
41 3e-05 0.084375 -0.028125
42 3e-05 0.084375 -0.028125
43 3e-05 0.084375 -0.028125
44 3e-05 0.084375 -0.028125
45 3e-05 0.084375 -0.028125
46 3e-05 0.084375 -0.028125
47 3e-05 0.084375 -0.028125
48 3e-05 0.084375 -0.028125
49 3e-05 0.084375 -0.028125
50 3e-05 0.084375 -0.028125
51 3e-05 0.084375 -0.028125
52 3e-05 0.084375 -0.028125
53 3e-05 0.084375 -0.028125
54 3e-05 0.084375 -0.028125
55 3e-05 0.084375 -0.028125
56 3e-05 0.084375 -0.028125
57 3e-05 0.084375 -0.028125
58 3e-05 0.084375 -0.028125
59 3e-05 0.084375 -0.028125
60 3e-05 0.084375 -0.028125
61 3e-05 0.084375 -0.028125
62 3e-05 0.084375 -0.028125
63 3e-05 0.084375 -0.028125
64 3e-05 0.084375 -0.028125
65 3e-05 0.084375 -0.028125
66 3e-05 0.084375 -0.028125
67 3e-05 0.084375 -0.028125
68 3e-05 0.084375 -0.028125
69 3e-05 0.084375 -0.028125
70 3e-05 0.084375 -0.028125
71 3e-05 0.084375 -0.028125
72 3e-05 0.084375 -0.028125
73 3e-05 0.084375 -0.028125
74 3e-05 0.084375 -0.028125
75 3e-05 0.084375 -0.028125
76 3e-05 0.084375 -0.028125
77 3e-05 0.084375 -0.028125
78 3e-05 0.084375 -0.028125
79 3e-05 0.084375 -0.028125
80 3e-05 0.084375 -0.028125
81 3e-05 0.084375 -0.028125
82 3e-05 0.084375 -0.028125
83 3e-05 0.084375 -0.028125
84 3e-05 0.084375 -0.028125
85 3e-05 0.084375 -0.028125
86 3e-05 0.084375 -0.028125
87 3e-05 0.084375 -0.028125
88 3e-05 0.084375 -0.028125
89 3e-05 0.084375 -0.028125
90 3e-05 0.084375 -0.028125
91 3e-05 0.084375 -0.028125
92 3e-05 0.084375 -0.028125
93 3e-05 0.084375 -0.028125
94 3e-05 0.084375 -0.028125
95 3e-05 0.084375 -0.028125
96 3e-05 0.084375 -0.028125
97 3e-05 0.084375 -0.028125
98 3e-05 0.084375 -0.028125
99 3e-05 0.084375 -0.028125
100 3e-05 0.084375 -0.028125
