1 -2000 60000 180000 2000 0 -1.45519e-11
2 -2000 60000 180000 2000 1.09139e-11 -1.45519e-11
3 -2000 60000 180000 2000 0 -1.45519e-11
4 -2000 60000 180000 2000 1.09139e-11 -1.45519e-11
5 -2000 60000 180000 2000 0 -1.45519e-11
6 -2000 60000 180000 2000 1.09139e-11 -1.45519e-11
7 -2000 60000 180000 2000 0 -1.45519e-11
8 -2000 60000 180000 2000 1.09139e-11 -1.45519e-11
9 -2000 60000 180000 2000 0 -1.45519e-11
10 -2000 60000 180000 2000 1.09139e-11 -1.45519e-11
11 -2000 60000 180000 2000 0 -1.45519e-11
12 -2000 60000 180000 2000 1.09139e-11 -1.45519e-11
13 -2000 60000 180000 2000 0 -1.45519e-11
14 -2000 60000 180000 2000 1.09139e-11 -1.45519e-11
15 -2000 60000 180000 2000 0 -1.45519e-11
16 -2000 60000 180000 2000 1.09139e-11 -1.45519e-11
17 -2000 60000 180000 2000 0 -1.45519e-11
18 -2000 60000 180000 2000 1.09139e-11 -1.45519e-11
19 -2000 60000 180000 2000 0 -1.45519e-11
20 -2000 60000 180000 2000 1.09139e-11 -1.45519e-11
21 -2000 60000 180000 2000 0 -1.45519e-11
22 -2000 60000 180000 2000 1.09139e-11 -1.45519e-11
23 -2000 60000 180000 2000 0 -1.45519e-11
24 -2000 60000 180000 2000 1.09139e-11 -1.45519e-11
25 -2000 60000 180000 2000 0 -1.45519e-11
26 -2000 60000 180000 2000 1.09139e-11 -1.45519e-11
27 -2000 60000 180000 2000 0 -1.45519e-11
28 -2000 60000 180000 2000 1.09139e-11 -1.45519e-11
29 -2000 60000 180000 2000 0 -1.45519e-11
30 -2000 60000 180000 2000 1.09139e-11 -1.45519e-11
31 -2000 60000 180000 2000 0 -1.45519e-11
32 -2000 60000 180000 2000 1.09139e-11 -1.45519e-11
33 -2000 60000 180000 2000 0 -1.45519e-11
34 -2000 60000 180000 2000 1.09139e-11 -1.45519e-11
35 -2000 60000 180000 2000 0 -1.45519e-11
36 -2000 60000 180000 2000 1.09139e-11 -1.45519e-11
37 -2000 60000 180000 2000 0 -1.45519e-11
38 -2000 60000 180000 2000 1.09139e-11 -1.45519e-11
39 -2000 60000 180000 2000 0 -1.45519e-11
40 -2000 60000 180000 2000 1.09139e-11 -1.45519e-11
41 -2000 60000 180000 2000 0 -1.45519e-11
42 -2000 60000 180000 2000 1.09139e-11 -1.45519e-11
43 -2000 60000 180000 2000 0 -1.45519e-11
44 -2000 60000 180000 2000 1.09139e-11 -1.45519e-11
45 -2000 60000 180000 2000 0 -1.45519e-11
46 -2000 60000 180000 2000 1.09139e-11 -1.45519e-11
47 -2000 60000 180000 2000 0 -1.45519e-11
48 -2000 60000 180000 2000 1.09139e-11 -1.45519e-11
49 -2000 60000 180000 2000 0 -1.45519e-11
50 -2000 60000 180000 2000 1.09139e-11 -1.45519e-11
51 -2000 60000 180000 2000 0 -1.45519e-11
52 -2000 60000 180000 2000 1.09139e-11 -1.45519e-11
53 -2000 60000 180000 2000 0 -1.45519e-11
54 -2000 60000 180000 2000 1.09139e-11 -1.45519e-11
55 -2000 60000 180000 2000 0 -1.45519e-11
56 -2000 60000 180000 2000 1.09139e-11 -1.45519e-11
57 -2000 60000 180000 2000 0 -1.45519e-11
58 -2000 60000 180000 2000 1.09139e-11 -1.45519e-11
59 -2000 60000 180000 2000 0 -1.45519e-11
60 -2000 60000 180000 2000 1.09139e-11 -1.45519e-11
61 -2000 60000 180000 2000 0 -1.45519e-11
62 -2000 60000 180000 2000 1.09139e-11 -1.45519e-11
63 -2000 60000 180000 2000 0 -1.45519e-11
64 -2000 60000 180000 2000 1.09139e-11 -1.45519e-11
65 -2000 60000 180000 2000 0 -1.45519e-11
66 -2000 60000 180000 2000 1.09139e-11 -1.45519e-11
67 -2000 60000 180000 2000 0 -1.45519e-11
68 -2000 60000 180000 2000 1.09139e-11 -1.45519e-11
69 -2000 60000 180000 2000 0 -1.45519e-11
70 -2000 60000 180000 2000 1.09139e-11 -1.45519e-11
71 -2000 60000 180000 2000 0 -1.45519e-11
72 -2000 60000 180000 2000 1.09139e-11 -1.45519e-11
73 -2000 60000 180000 2000 0 -1.45519e-11
74 -2000 60000 180000 2000 1.09139e-11 -1.45519e-11
75 -2000 60000 180000 2000 0 -1.45519e-11
76 -2000 60000 180000 2000 1.09139e-11 -1.45519e-11
77 -2000 60000 180000 2000 0 -1.45519e-11
78 -2000 60000 180000 2000 1.09139e-11 -1.45519e-11
79 -2000 60000 180000 2000 0 -1.45519e-11
80 -2000 60000 180000 2000 1.09139e-11 -1.45519e-11
81 -2000 60000 180000 2000 0 -1.45519e-11
82 -2000 60000 180000 2000 1.09139e-11 -1.45519e-11
83 -2000 60000 180000 2000 0 -1.45519e-11
84 -2000 60000 180000 2000 1.09139e-11 -1.45519e-11
85 -2000 60000 180000 2000 0 -1.45519e-11
86 -2000 60000 180000 2000 1.09139e-11 -1.45519e-11
87 -2000 60000 180000 2000 0 -1.45519e-11
88 -2000 60000 180000 2000 1.09139e-11 -1.45519e-11
89 -2000 60000 180000 2000 0 -1.45519e-11
90 -2000 60000 180000 2000 1.09139e-11 -1.45519e-11
91 -2000 60000 180000 2000 0 -1.45519e-11
92 -2000 60000 180000 2000 1.09139e-11 -1.45519e-11
93 -2000 60000 180000 2000 0 -1.45519e-11
94 -2000 60000 180000 2000 1.09139e-11 -1.45519e-11
95 -2000 60000 180000 2000 0 -1.45519e-11
96 -2000 60000 180000 2000 1.09139e-11 -1.45519e-11
97 -2000 60000 180000 2000 0 -1.45519e-11
98 -2000 60000 180000 2000 1.09139e-11 -1.45519e-11
99 -2000 60000 180000 2000 0 -1.45519e-11
100 -2000 60000 180000 2000 1.09139e-11 -1.45519e-11
