1 -60000 -2000 180000 0 0 -1.45519e-11
2 -60000 -2000 180000 -1.09139e-11 0 -1.45519e-11
3 -60000 -2000 180000 0 0 -1.45519e-11
4 -60000 -2000 180000 -1.09139e-11 0 -1.45519e-11
5 -60000 -2000 180000 0 0 -1.45519e-11
6 -60000 -2000 180000 -1.09139e-11 0 -1.45519e-11
7 -60000 -2000 180000 0 0 -1.45519e-11
8 -60000 -2000 180000 -1.09139e-11 0 -1.45519e-11
9 -60000 -2000 180000 0 0 -1.45519e-11
10 -60000 -2000 180000 -1.09139e-11 0 -1.45519e-11
11 -60000 -2000 180000 0 0 -1.45519e-11
12 -60000 -2000 180000 -1.09139e-11 0 -1.45519e-11
13 -60000 -2000 180000 0 0 -1.45519e-11
14 -60000 -2000 180000 -1.09139e-11 0 -1.45519e-11
15 -60000 -2000 180000 0 0 -1.45519e-11
16 -60000 -2000 180000 -1.09139e-11 0 -1.45519e-11
17 -60000 -2000 180000 0 0 -1.45519e-11
18 -60000 -2000 180000 -1.09139e-11 0 -1.45519e-11
19 -60000 -2000 180000 0 0 -1.45519e-11
20 -60000 -2000 180000 -1.09139e-11 0 -1.45519e-11
21 -60000 -2000 180000 0 0 -1.45519e-11
22 -60000 -2000 180000 -1.09139e-11 0 -1.45519e-11
23 -60000 -2000 180000 0 0 -1.45519e-11
24 -60000 -2000 180000 -1.09139e-11 0 -1.45519e-11
25 -60000 -2000 180000 0 0 -1.45519e-11
26 -60000 -2000 180000 -1.09139e-11 0 -1.45519e-11
27 -60000 -2000 180000 0 0 -1.45519e-11
28 -60000 -2000 180000 -1.09139e-11 0 -1.45519e-11
29 -60000 -2000 180000 0 0 -1.45519e-11
30 -60000 -2000 180000 -1.09139e-11 0 -1.45519e-11
31 -60000 -2000 180000 0 0 -1.45519e-11
32 -60000 -2000 180000 -1.09139e-11 0 -1.45519e-11
33 -60000 -2000 180000 0 0 -1.45519e-11
34 -60000 -2000 180000 -1.09139e-11 0 -1.45519e-11
35 -60000 -2000 180000 0 0 -1.45519e-11
36 -60000 -2000 180000 -1.09139e-11 0 -1.45519e-11
37 -60000 -2000 180000 0 0 -1.45519e-11
38 -60000 -2000 180000 -1.09139e-11 0 -1.45519e-11
39 -60000 -2000 180000 0 0 -1.45519e-11
40 -60000 -2000 180000 -1.09139e-11 0 -1.45519e-11
41 -60000 -2000 180000 0 0 -1.45519e-11
42 -60000 -2000 180000 -1.09139e-11 0 -1.45519e-11
43 -60000 -2000 180000 0 0 -1.45519e-11
44 -60000 -2000 180000 -1.09139e-11 0 -1.45519e-11
45 -60000 -2000 180000 0 0 -1.45519e-11
46 -60000 -2000 180000 -1.09139e-11 0 -1.45519e-11
47 -60000 -2000 180000 0 0 -1.45519e-11
48 -60000 -2000 180000 -1.09139e-11 0 -1.45519e-11
49 -60000 -2000 180000 0 0 -1.45519e-11
50 -60000 -2000 180000 -1.09139e-11 0 -1.45519e-11
51 -60000 -2000 180000 0 0 -1.45519e-11
52 -60000 -2000 180000 -1.09139e-11 0 -1.45519e-11
53 -60000 -2000 180000 0 0 -1.45519e-11
54 -60000 -2000 180000 -1.09139e-11 0 -1.45519e-11
55 -60000 -2000 180000 0 0 -1.45519e-11
56 -60000 -2000 180000 -1.09139e-11 0 -1.45519e-11
57 -60000 -2000 180000 0 0 -1.45519e-11
58 -60000 -2000 180000 -1.09139e-11 0 -1.45519e-11
59 -60000 -2000 180000 0 0 -1.45519e-11
60 -60000 -2000 180000 -1.09139e-11 0 -1.45519e-11
61 -60000 -2000 180000 0 0 -1.45519e-11
62 -60000 -2000 180000 -1.09139e-11 0 -1.45519e-11
63 -60000 -2000 180000 0 0 -1.45519e-11
64 -60000 -2000 180000 -1.09139e-11 0 -1.45519e-11
65 -60000 -2000 180000 0 0 -1.45519e-11
66 -60000 -2000 180000 -1.09139e-11 0 -1.45519e-11
67 -60000 -2000 180000 0 0 -1.45519e-11
68 -60000 -2000 180000 -1.09139e-11 0 -1.45519e-11
69 -60000 -2000 180000 0 0 -1.45519e-11
70 -60000 -2000 180000 -1.09139e-11 0 -1.45519e-11
71 -60000 -2000 180000 0 0 -1.45519e-11
72 -60000 -2000 180000 -1.09139e-11 0 -1.45519e-11
73 -60000 -2000 180000 0 0 -1.45519e-11
74 -60000 -2000 180000 -1.09139e-11 0 -1.45519e-11
75 -60000 -2000 180000 0 0 -1.45519e-11
76 -60000 -2000 180000 -1.09139e-11 0 -1.45519e-11
77 -60000 -2000 180000 0 0 -1.45519e-11
78 -60000 -2000 180000 -1.09139e-11 0 -1.45519e-11
79 -60000 -2000 180000 0 0 -1.45519e-11
80 -60000 -2000 180000 -1.09139e-11 0 -1.45519e-11
81 -60000 -2000 180000 0 0 -1.45519e-11
82 -60000 -2000 180000 -1.09139e-11 0 -1.45519e-11
83 -60000 -2000 180000 0 0 -1.45519e-11
84 -60000 -2000 180000 -1.09139e-11 0 -1.45519e-11
85 -60000 -2000 180000 0 0 -1.45519e-11
86 -60000 -2000 180000 -1.09139e-11 0 -1.45519e-11
87 -60000 -2000 180000 0 0 -1.45519e-11
88 -60000 -2000 180000 -1.09139e-11 0 -1.45519e-11
89 -60000 -2000 180000 0 0 -1.45519e-11
90 -60000 -2000 180000 -1.09139e-11 0 -1.45519e-11
91 -60000 -2000 180000 0 0 -1.45519e-11
92 -60000 -2000 180000 -1.09139e-11 0 -1.45519e-11
93 -60000 -2000 180000 0 0 -1.45519e-11
94 -60000 -2000 180000 -1.09139e-11 0 -1.45519e-11
95 -60000 -2000 180000 0 0 -1.45519e-11
96 -60000 -2000 180000 -1.09139e-11 0 -1.45519e-11
97 -60000 -2000 180000 0 0 -1.45519e-11
98 -60000 -2000 180000 -1.09139e-11 0 -1.45519e-11
99 -60000 -2000 180000 0 0 -1.45519e-11
100 -60000 -2000 180000 -1.09139e-11 0 -1.45519e-11
