1 0 0 0 0.50625 3e-05 -0.1125
2 0 0 0 0.50625 3e-05 -0.1125
3 0 0 0 0.50625 3e-05 -0.1125
4 0 0 0 0.50625 3e-05 -0.1125
5 0 0 0 0.50625 3e-05 -0.1125
6 0 0 0 0.50625 3e-05 -0.1125
7 0 0 0 0.50625 3e-05 -0.1125
8 0 0 0 0.50625 3e-05 -0.1125
9 0 0 0 0.50625 3e-05 -0.1125
10 0 0 0 0.50625 3e-05 -0.1125
11 0 0 0 0.50625 3e-05 -0.1125
12 0 0 0 0.50625 3e-05 -0.1125
13 0 0 0 0.50625 3e-05 -0.1125
14 0 0 0 0.50625 3e-05 -0.1125
15 0 0 0 0.50625 3e-05 -0.1125
16 0 0 0 0.50625 3e-05 -0.1125
17 0 0 0 0.50625 3e-05 -0.1125
18 0 0 0 0.50625 3e-05 -0.1125
19 0 0 0 0.50625 3e-05 -0.1125
20 0 0 0 0.50625 3e-05 -0.1125
21 0 0 0 0.50625 3e-05 -0.1125
22 0 0 0 0.50625 3e-05 -0.1125
23 0 0 0 0.50625 3e-05 -0.1125
24 0 0 0 0.50625 3e-05 -0.1125
25 0 0 0 0.50625 3e-05 -0.1125
26 0 0 0 0.50625 3e-05 -0.1125
27 0 0 0 0.50625 3e-05 -0.1125
28 0 0 0 0.50625 3e-05 -0.1125
29 0 0 0 0.50625 3e-05 -0.1125
30 0 0 0 0.50625 3e-05 -0.1125
31 0 0 0 0.50625 3e-05 -0.1125
32 0 0 0 0.50625 3e-05 -0.1125
33 0 0 0 0.50625 3e-05 -0.1125
34 0 0 0 0.50625 3e-05 -0.1125
35 0 0 0 0.50625 3e-05 -0.1125
36 0 0 0 0.50625 3e-05 -0.1125
37 0 0 0 0.50625 3e-05 -0.1125
38 0 0 0 0.50625 3e-05 -0.1125
39 0 0 0 0.50625 3e-05 -0.1125
40 0 0 0 0.50625 3e-05 -0.1125
41 0 0 0 0.50625 3e-05 -0.1125
42 0 0 0 0.50625 3e-05 -0.1125
43 0 0 0 0.50625 3e-05 -0.1125
44 0 0 0 0.50625 3e-05 -0.1125
45 0 0 0 0.50625 3e-05 -0.1125
46 0 0 0 0.50625 3e-05 -0.1125
47 0 0 0 0.50625 3e-05 -0.1125
48 0 0 0 0.50625 3e-05 -0.1125
49 0 0 0 0.50625 3e-05 -0.1125
50 0 0 0 0.50625 3e-05 -0.1125
51 0 0 0 0.50625 3e-05 -0.1125
52 0 0 0 0.50625 3e-05 -0.1125
53 0 0 0 0.50625 3e-05 -0.1125
54 0 0 0 0.50625 3e-05 -0.1125
55 0 0 0 0.50625 3e-05 -0.1125
56 0 0 0 0.50625 3e-05 -0.1125
57 0 0 0 0.50625 3e-05 -0.1125
58 0 0 0 0.50625 3e-05 -0.1125
59 0 0 0 0.50625 3e-05 -0.1125
60 0 0 0 0.50625 3e-05 -0.1125
61 0 0 0 0.50625 3e-05 -0.1125
62 0 0 0 0.50625 3e-05 -0.1125
63 0 0 0 0.50625 3e-05 -0.1125
64 0 0 0 0.50625 3e-05 -0.1125
65 0 0 0 0.50625 3e-05 -0.1125
66 0 0 0 0.50625 3e-05 -0.1125
67 0 0 0 0.50625 3e-05 -0.1125
68 0 0 0 0.50625 3e-05 -0.1125
69 0 0 0 0.50625 3e-05 -0.1125
70 0 0 0 0.50625 3e-05 -0.1125
71 0 0 0 0.50625 3e-05 -0.1125
72 0 0 0 0.50625 3e-05 -0.1125
73 0 0 0 0.50625 3e-05 -0.1125
74 0 0 0 0.50625 3e-05 -0.1125
75 0 0 0 0.50625 3e-05 -0.1125
76 0 0 0 0.50625 3e-05 -0.1125
77 0 0 0 0.50625 3e-05 -0.1125
78 0 0 0 0.50625 3e-05 -0.1125
79 0 0 0 0.50625 3e-05 -0.1125
80 0 0 0 0.50625 3e-05 -0.1125
81 0 0 0 0.50625 3e-05 -0.1125
82 0 0 0 0.50625 3e-05 -0.1125
83 0 0 0 0.50625 3e-05 -0.1125
84 0 0 0 0.50625 3e-05 -0.1125
85 0 0 0 0.50625 3e-05 -0.1125
86 0 0 0 0.50625 3e-05 -0.1125
87 0 0 0 0.50625 3e-05 -0.1125
88 0 0 0 0.50625 3e-05 -0.1125
89 0 0 0 0.50625 3e-05 -0.1125
90 0 0 0 0.50625 3e-05 -0.1125
91 0 0 0 0.50625 3e-05 -0.1125
92 0 0 0 0.50625 3e-05 -0.1125
93 0 0 0 0.50625 3e-05 -0.1125
94 0 0 0 0.50625 3e-05 -0.1125
95 0 0 0 0.50625 3e-05 -0.1125
96 0 0 0 0.50625 3e-05 -0.1125
97 0 0 0 0.50625 3e-05 -0.1125
98 0 0 0 0.50625 3e-05 -0.1125
99 0 0 0 0.50625 3e-05 -0.1125
100 0 0 0 0.50625 3e-05 -0.1125
