1 -0.00260387 -8.27449e-05 8.27449e-05 0 -5.51633e-05 -5.51633e-05 -0.000397335 8.27449e-05 -8.27449e-05
2 -0.00520773 -0.00016549 0.00016549 0 -0.000110327 -0.000110327 -0.000794669 0.00016549 -0.00016549
3 -0.0078116 -0.000248235 0.000248235 0 -0.00016549 -0.00016549 -0.001192 0.000248235 -0.000248235
4 -0.0104155 -0.00033098 0.00033098 -2.1684e-19 -0.000220653 -0.000220653 -0.00158934 0.00033098 -0.00033098
5 -0.0130193 -0.000413725 0.000413725 0 -0.000275816 -0.000275816 -0.00198667 0.000413725 -0.000413725
6 -0.0156232 -0.00049647 0.00049647 0 -0.00033098 -0.00033098 -0.00238401 0.00049647 -0.00049647
7 -0.0182271 -0.000579214 0.000579214 0 -0.000386143 -0.000386143 -0.00278134 0.000579214 -0.000579214
8 -0.0208309 -0.000661959 0.000661959 0 -0.000441306 -0.000441306 -0.00317868 0.000661959 -0.000661959
9 -0.0234348 -0.000744704 0.000744704 0 -0.00049647 -0.00049647 -0.00357601 0.000744704 -0.000744704
10 -0.0260387 -0.000827449 0.000827449 0 -0.000551633 -0.000551633 -0.00397335 0.000827449 -0.000827449
