1 0 867.608 -661.959 -0 -867.608 661.959 0 -132.392 -661.959 0 132.392 -661.959 0 -132.392 661.959 0 132.392 -661.959
2 1.36424e-13 1735.22 -1323.92 -1.36424e-13 -1735.22 1323.92 0 -264.784 -1323.92 0 264.784 -1323.92 -1.36424e-13 -264.784 1323.92 1.36424e-13 264.784 -1323.92
3 0 2602.82 -1985.88 -0 -2602.82 1985.88 0 -397.176 -1985.88 0 397.176 -1985.88 0 -397.176 1985.88 0 397.176 -1985.88
4 -5.45697e-13 3470.43 -2647.84 5.45697e-13 -3470.43 2647.84 3.61256e-14 -529.568 -2647.84 -3.61256e-14 529.568 -2647.84 0 -529.568 2647.84 0 529.568 -2647.84
5 -5.45697e-13 4338.04 -3309.8 5.45697e-13 -4338.04 3309.8 0 -661.959 -3309.8 0 661.959 -3309.8 5.45697e-13 -661.959 3309.8 -5.45697e-13 661.959 -3309.8
6 0 5205.65 -3971.76 -0 -5205.65 3971.76 0 -794.351 -3971.76 0 794.351 -3971.76 0 -794.351 3971.76 0 794.351 -3971.76
7 0 6073.26 -4633.72 -0 -6073.26 4633.72 0 -926.743 -4633.72 0 926.743 -4633.72 0 -926.743 4633.72 0 926.743 -4633.72
8 0 6940.86 -5295.68 -0 -6940.86 5295.68 0 -1059.14 -5295.68 0 1059.14 -5295.68 0 -1059.14 5295.68 0 1059.14 -5295.68
9 0 7808.47 -5957.63 -0 -7808.47 5957.63 0 -1191.53 -5957.63 0 1191.53 -5957.63 0 -1191.53 5957.63 0 1191.53 -5957.63
10 0 8676.08 -6619.59 -0 -8676.08 6619.59 0 -1323.92 -6619.59 0 1323.92 -6619.59 0 -1323.92 6619.59 0 1323.92 -6619.59
