1 -867.608 -661.959 661.959 0 -661.959 -661.959 -132.392 661.959 -661.959
2 -1735.22 -1323.92 1323.92 0 -1323.92 -1323.92 -264.784 1323.92 -1323.92
3 -2602.82 -1985.88 1985.88 0 -1985.88 -1985.88 -397.176 1985.88 -1985.88
4 -3470.43 -2647.84 2647.84 -3.61256e-14 -2647.84 -2647.84 -529.568 2647.84 -2647.84
5 -4338.04 -3309.8 3309.8 0 -3309.8 -3309.8 -661.959 3309.8 -3309.8
6 -5205.65 -3971.76 3971.76 0 -3971.76 -3971.76 -794.351 3971.76 -3971.76
7 -6073.26 -4633.72 4633.72 0 -4633.72 -4633.72 -926.743 4633.72 -4633.72
8 -6940.86 -5295.68 5295.68 0 -5295.68 -5295.68 -1059.14 5295.68 -5295.68
9 -7808.47 -5957.63 5957.63 0 -5957.63 -5957.63 -1191.53 5957.63 -5957.63
10 -8676.08 -6619.59 6619.59 0 -6619.59 -6619.59 -1323.92 6619.59 -6619.59
