1 867.608 0 -661.959 -867.608 0 661.959 0 -132.392 -661.959 0 132.392 -661.959 132.392 0 661.959 -132.392 0 -661.959
2 1735.22 -1.36424e-13 -1323.92 -1735.22 1.36424e-13 1323.92 0 -264.784 -1323.92 0 264.784 -1323.92 264.784 -1.36424e-13 1323.92 -264.784 1.36424e-13 -1323.92
3 2602.82 0 -1985.88 -2602.82 0 1985.88 0 -397.176 -1985.88 0 397.176 -1985.88 397.176 0 1985.88 -397.176 0 -1985.88
4 3470.43 5.45697e-13 -2647.84 -3470.43 -5.45697e-13 2647.84 3.61256e-14 -529.568 -2647.84 -3.61256e-14 529.568 -2647.84 529.568 0 2647.84 -529.568 0 -2647.84
5 4338.04 5.45697e-13 -3309.8 -4338.04 -5.45697e-13 3309.8 0 -661.959 -3309.8 0 661.959 -3309.8 661.959 5.45697e-13 3309.8 -661.959 -5.45697e-13 -3309.8
6 5205.65 0 -3971.76 -5205.65 0 3971.76 0 -794.351 -3971.76 0 794.351 -3971.76 794.351 0 3971.76 -794.351 0 -3971.76
7 6073.26 0 -4633.72 -6073.26 0 4633.72 0 -926.743 -4633.72 0 926.743 -4633.72 926.743 0 4633.72 -926.743 0 -4633.72
8 6940.86 0 -5295.68 -6940.86 0 5295.68 0 -1059.14 -5295.68 0 1059.14 -5295.68 1059.14 0 5295.68 -1059.14 0 -5295.68
9 7808.47 0 -5957.63 -7808.47 0 5957.63 0 -1191.53 -5957.63 0 1191.53 -5957.63 1191.53 0 5957.63 -1191.53 0 -5957.63
10 8676.08 0 -6619.59 -8676.08 0 6619.59 0 -1323.92 -6619.59 0 1323.92 -6619.59 1323.92 0 6619.59 -1323.92 0 -6619.59
