1 0 867.608 0 -2.84217e-14 0 2.84217e-14 0 132.392
2 1.36424e-13 1735.22 -1.36424e-13 -1.7053e-13 -1.36424e-13 1.13687e-13 1.36424e-13 264.784
3 0 2602.82 0 5.68434e-14 0 0 0 397.176
4 -5.45697e-13 3470.43 5.81822e-13 -1.13687e-13 -3.61256e-14 0 0 529.568
5 -5.45697e-13 4338.04 5.45697e-13 2.27374e-13 5.45697e-13 0 -5.45697e-13 661.959
6 0 5205.65 0 1.13687e-13 0 0 0 794.351
7 0 6073.26 0 -5.68434e-13 0 5.68434e-13 0 926.743
8 0 6940.86 0 -2.27374e-13 0 0 0 1059.14
9 0 7808.47 0 -2.27374e-13 0 0 0 1191.53
10 0 8676.08 0 4.54747e-13 0 -2.27374e-13 0 1323.92
