1 0 0 -0.000413725 -0.00260387 -0.000413725 -0.000397335 0 0
2 0 0 -0.000827449 -0.00520773 -0.000827449 -0.000794669 0 0
3 0 0 -0.00124117 -0.0078116 -0.00124117 -0.001192 0 0
4 0 0 -0.0016549 -0.0104155 -0.0016549 -0.00158934 0 0
5 0 0 -0.00206862 -0.0130193 -0.00206862 -0.00198667 0 0
6 0 0 -0.00248235 -0.0156232 -0.00248235 -0.00238401 0 0
7 0 0 -0.00289607 -0.0182271 -0.00289607 -0.00278134 0 0
8 0 0 -0.0033098 -0.0208309 -0.0033098 -0.00317868 0 0
9 0 0 -0.00372352 -0.0234348 -0.00372352 -0.00357601 0 0
10 0 0 -0.00413725 -0.0260387 -0.00413725 -0.00397335 0 0
