1 -87224.8 -105537 53145.6 -1695.32 -53145.6 -68560.5 -12170.6 68560.5 -60083.8
2 -174450 -211074 106291 -3390.65 -106291 -137121 -24341.2 137121 -120168
3 -261674 -316611 159437 -5085.97 -159437 -205681 -36511.8 205681 -180252
4 -348899 -422148 212582 -6781.29 -212582 -274242 -48682.4 274242 -240335
5 -436124 -527685 265728 -8476.62 -265728 -342802 -60853 342802 -300419
6 -523349 -633222 318874 -10171.9 -318874 -411363 -73023.6 411363 -360503
7 -610574 -738758 372019 -11867.3 -372019 -479923 -85194.2 479923 -420587
8 -697799 -844295 425165 -13562.6 -425165 -548484 -97364.9 548484 -480671
9 -785023 -949832 478310 -15257.9 -478310 -617044 -109535 617044 -540755
10 -872248 -1.05537e+06 531456 -16953.2 -531456 -685605 -121706 685605 -600838
