1 -0.263085 -0.0110641 0.00887019 -0.010176 -0.00314423 -0.00699794 -0.0365264 0.00821686 -0.00786367
2 -0.52617 -0.0221281 0.0177404 -0.020352 -0.00628846 -0.0139959 -0.0730529 0.0164337 -0.0157273
3 -0.789254 -0.0331922 0.0266106 -0.030528 -0.00943269 -0.0209938 -0.109579 0.0246506 -0.023591
4 -1.05234 -0.0442562 0.0354808 -0.040704 -0.0125769 -0.0279918 -0.146106 0.0328675 -0.0314547
5 -1.31542 -0.0553203 0.044351 -0.0508801 -0.0157212 -0.0349897 -0.182632 0.0410843 -0.0393184
6 -1.57851 -0.0663843 0.0532212 -0.0610561 -0.0188654 -0.0419876 -0.219159 0.0493012 -0.047182
7 -1.84159 -0.0774484 0.0620914 -0.0712321 -0.0220096 -0.0489856 -0.255685 0.057518 -0.0550457
8 -2.10468 -0.0885124 0.0709616 -0.0814081 -0.0251538 -0.0559835 -0.292211 0.0657349 -0.0629094
9 -2.36776 -0.0995765 0.0798317 -0.0915841 -0.0282981 -0.0629815 -0.328738 0.0739518 -0.070773
10 -2.63085 -0.110641 0.0887019 -0.10176 -0.0314423 -0.0699794 -0.365264 0.0821686 -0.0786367
