1 1695.32 87829.4 -105537 -1695.32 -87829.4 53145.6 1695.32 -12170.6 -53145.6 -1695.32 12170.6 -68560.5 1695.32 -12170.6 68560.5 -1695.32 12170.6 -60083.8
2 3390.65 175659 -211074 -3390.65 -175659 106291 3390.65 -24341.2 -106291 -3390.65 24341.2 -137121 3390.65 -24341.2 137121 -3390.65 24341.2 -120168
3 5085.97 263488 -316611 -5085.97 -263488 159437 5085.97 -36511.8 -159437 -5085.97 36511.8 -205681 5085.97 -36511.8 205681 -5085.97 36511.8 -180252
4 6781.29 351318 -422148 -6781.29 -351318 212582 6781.29 -48682.4 -212582 -6781.29 48682.4 -274242 6781.29 -48682.4 274242 -6781.29 48682.4 -240335
5 8476.62 439147 -527685 -8476.62 -439147 265728 8476.62 -60853 -265728 -8476.62 60853 -342802 8476.62 -60853 342802 -8476.62 60853 -300419
6 10171.9 526976 -633222 -10171.9 -526976 318874 10171.9 -73023.6 -318874 -10171.9 73023.6 -411363 10171.9 -73023.6 411363 -10171.9 73023.6 -360503
7 11867.3 614806 -738758 -11867.3 -614806 372019 11867.3 -85194.2 -372019 -11867.3 85194.2 -479923 11867.3 -85194.2 479923 -11867.3 85194.2 -420587
8 13562.6 702635 -844295 -13562.6 -702635 425165 13562.6 -97364.9 -425165 -13562.6 97364.9 -548484 13562.6 -97364.9 548484 -13562.6 97364.9 -480671
9 15257.9 790465 -949832 -15257.9 -790465 478310 15257.9 -109535 -478310 -15257.9 109535 -617044 15257.9 -109535 617044 -15257.9 109535 -540755
10 16953.2 878294 -1.05537e+06 -16953.2 -878294 531456 16953.2 -121706 -531456 -16953.2 121706 -685605 16953.2 -121706 685605 -16953.2 121706 -600838
