1 87224.8 -10426.3 -105537 -87224.8 10426.3 53145.6 1695.32 -12170.6 -53145.6 -1695.32 12170.6 -68560.5 12170.6 1695.32 68560.5 -12170.6 -1695.32 -60083.8
2 174450 -20852.5 -211074 -174450 20852.5 106291 3390.65 -24341.2 -106291 -3390.65 24341.2 -137121 24341.2 3390.65 137121 -24341.2 -3390.65 -120168
3 261674 -31278.8 -316611 -261674 31278.8 159437 5085.97 -36511.8 -159437 -5085.97 36511.8 -205681 36511.8 5085.97 205681 -36511.8 -5085.97 -180252
4 348899 -41705 -422148 -348899 41705 212582 6781.29 -48682.4 -212582 -6781.29 48682.4 -274242 48682.4 6781.29 274242 -48682.4 -6781.29 -240335
5 436124 -52131.3 -527685 -436124 52131.3 265728 8476.62 -60853 -265728 -8476.62 60853 -342802 60853 8476.62 342802 -60853 -8476.62 -300419
6 523349 -62557.6 -633222 -523349 62557.6 318874 10171.9 -73023.6 -318874 -10171.9 73023.6 -411363 73023.6 10171.9 411363 -73023.6 -10171.9 -360503
7 610574 -72983.8 -738758 -610574 72983.8 372019 11867.3 -85194.2 -372019 -11867.3 85194.2 -479923 85194.2 11867.3 479923 -85194.2 -11867.3 -420587
8 697799 -83410.1 -844295 -697799 83410.1 425165 13562.6 -97364.9 -425165 -13562.6 97364.9 -548484 97364.9 13562.6 548484 -97364.9 -13562.6 -480671
9 785023 -93836.4 -949832 -785023 93836.4 478310 15257.9 -109535 -478310 -15257.9 109535 -617044 109535 15257.9 617044 -109535 -15257.9 -540755
10 872248 -104263 -1.05537e+06 -872248 104263 531456 16953.2 -121706 -531456 -16953.2 121706 -685605 121706 16953.2 685605 -121706 -16953.2 -600838
