1 1695.32 87829.4 1.02318e-11 1.45519e-11 8.41283e-12 -5.45697e-12 -1695.32 12170.6
2 3390.65 175659 4.22915e-11 2.91038e-11 1.36424e-12 -1.09139e-11 -3390.65 24341.2
3 5085.97 263488 2.45564e-11 -8.00355e-11 9.09495e-13 -1.45519e-11 -5085.97 36511.8
4 6781.29 351318 -2.91038e-11 6.54836e-11 4.27463e-11 -2.18279e-11 -6781.29 48682.4
5 8476.62 439147 -4.91127e-11 0 -4.00178e-11 -7.27596e-12 -8476.62 60853
6 10171.9 526976 2.00089e-11 7.27596e-11 1.63709e-11 -2.91038e-11 -10171.9 73023.6
7 11867.3 614806 -1.09139e-11 0 -5.45697e-11 1.45519e-11 -11867.3 85194.2
8 13562.6 702635 -6.36646e-11 1.16415e-10 2.00089e-11 -4.36557e-11 -13562.6 97364.9
9 15257.9 790465 7.45786e-11 1.45519e-11 1.27329e-11 1.45519e-11 -15257.9 109535
10 16953.2 878294 1.34605e-10 0 -8.00355e-11 1.45519e-11 -16953.2 121706
