1 0 13.1633 -26.3266 0 237.706 -81.6275
2 0 13.1633 -26.3266 0 237.706 -81.6275
3 0 13.1633 -26.3266 0 237.706 -81.6275
4 0 13.1633 -26.3266 0 237.706 -81.6275
5 0 13.1633 -26.3266 0 237.706 -81.6275
6 0 13.1633 -26.3266 0 237.706 -81.6275
7 0 13.1633 -26.3266 0 237.706 -81.6275
8 0 13.1633 -26.3266 0 237.706 -81.6275
9 0 13.1633 -26.3266 0 237.706 -81.6275
10 0 13.1633 -26.3266 0 237.706 -81.6275
11 0 13.1633 -26.3266 0 237.706 -81.6275
12 0 13.1633 -26.3266 0 237.706 -81.6275
13 0 13.1633 -26.3266 0 237.706 -81.6275
14 0 13.1633 -26.3266 0 237.706 -81.6275
15 0 13.1633 -26.3266 0 237.706 -81.6275
16 0 13.1633 -26.3266 0 237.706 -81.6275
17 0 13.1633 -26.3266 0 237.706 -81.6275
18 0 13.1633 -26.3266 0 237.706 -81.6275
19 0 13.1633 -26.3266 0 237.706 -81.6275
20 0 13.1633 -26.3266 0 237.706 -81.6275
21 0 13.1633 -26.3266 0 237.706 -81.6275
22 0 13.1633 -26.3266 0 237.706 -81.6275
23 0 13.1633 -26.3266 0 237.706 -81.6275
24 0 13.1633 -26.3266 0 237.706 -81.6275
25 0 13.1633 -26.3266 0 237.706 -81.6275
26 0 13.1633 -26.3266 0 237.706 -81.6275
27 0 13.1633 -26.3266 0 237.706 -81.6275
28 0 13.1633 -26.3266 0 237.706 -81.6275
29 0 13.1633 -26.3266 0 237.706 -81.6275
30 0 13.1633 -26.3266 0 237.706 -81.6275
31 0 13.1633 -26.3266 0 237.706 -81.6275
32 0 13.1633 -26.3266 0 237.706 -81.6275
33 0 13.1633 -26.3266 0 237.706 -81.6275
34 0 13.1633 -26.3266 0 237.706 -81.6275
35 0 13.1633 -26.3266 0 237.706 -81.6275
36 0 13.1633 -26.3266 0 237.706 -81.6275
37 0 13.1633 -26.3266 0 237.706 -81.6275
38 0 13.1633 -26.3266 0 237.706 -81.6275
39 0 13.1633 -26.3266 0 237.706 -81.6275
40 0 13.1633 -26.3266 0 237.706 -81.6275
41 0 13.1633 -26.3266 0 237.706 -81.6275
42 0 13.1633 -26.3266 0 237.706 -81.6275
43 0 13.1633 -26.3266 0 237.706 -81.6275
44 0 13.1633 -26.3266 0 237.706 -81.6275
45 0 13.1633 -26.3266 0 237.706 -81.6275
46 0 13.1633 -26.3266 0 237.706 -81.6275
47 0 13.1633 -26.3266 0 237.706 -81.6275
48 0 13.1633 -26.3266 0 237.706 -81.6275
49 0 13.1633 -26.3266 0 237.706 -81.6275
50 0 13.1633 -26.3266 0 237.706 -81.6275
51 0 13.1633 -26.3266 0 237.706 -81.6275
52 0 13.1633 -26.3266 0 237.706 -81.6275
53 0 13.1633 -26.3266 0 237.706 -81.6275
54 0 13.1633 -26.3266 0 237.706 -81.6275
55 0 13.1633 -26.3266 0 237.706 -81.6275
56 0 13.1633 -26.3266 0 237.706 -81.6275
57 0 13.1633 -26.3266 0 237.706 -81.6275
58 0 13.1633 -26.3266 0 237.706 -81.6275
59 0 13.1633 -26.3266 0 237.706 -81.6275
60 0 13.1633 -26.3266 0 237.706 -81.6275
61 0 13.1633 -26.3266 0 237.706 -81.6275
62 0 13.1633 -26.3266 0 237.706 -81.6275
63 0 13.1633 -26.3266 0 237.706 -81.6275
64 0 13.1633 -26.3266 0 237.706 -81.6275
65 0 13.1633 -26.3266 0 237.706 -81.6275
66 0 13.1633 -26.3266 0 237.706 -81.6275
67 0 13.1633 -26.3266 0 237.706 -81.6275
68 0 13.1633 -26.3266 0 237.706 -81.6275
69 0 13.1633 -26.3266 0 237.706 -81.6275
70 0 13.1633 -26.3266 0 237.706 -81.6275
71 0 13.1633 -26.3266 0 237.706 -81.6275
72 0 13.1633 -26.3266 0 237.706 -81.6275
73 0 13.1633 -26.3266 0 237.706 -81.6275
74 0 13.1633 -26.3266 0 237.706 -81.6275
75 0 13.1633 -26.3266 0 237.706 -81.6275
76 0 13.1633 -26.3266 0 237.706 -81.6275
77 0 13.1633 -26.3266 0 237.706 -81.6275
78 0 13.1633 -26.3266 0 237.706 -81.6275
79 0 13.1633 -26.3266 0 237.706 -81.6275
80 0 13.1633 -26.3266 0 237.706 -81.6275
81 0 13.1633 -26.3266 0 237.706 -81.6275
82 0 13.1633 -26.3266 0 237.706 -81.6275
83 0 13.1633 -26.3266 0 237.706 -81.6275
84 0 13.1633 -26.3266 0 237.706 -81.6275
85 0 13.1633 -26.3266 0 237.706 -81.6275
86 0 13.1633 -26.3266 0 237.706 -81.6275
87 0 13.1633 -26.3266 0 237.706 -81.6275
88 0 13.1633 -26.3266 0 237.706 -81.6275
89 0 13.1633 -26.3266 0 237.706 -81.6275
90 0 13.1633 -26.3266 0 237.706 -81.6275
91 0 13.1633 -26.3266 0 237.706 -81.6275
92 0 13.1633 -26.3266 0 237.706 -81.6275
93 0 13.1633 -26.3266 0 237.706 -81.6275
94 0 13.1633 -26.3266 0 237.706 -81.6275
95 0 13.1633 -26.3266 0 237.706 -81.6275
96 0 13.1633 -26.3266 0 237.706 -81.6275
97 0 13.1633 -26.3266 0 237.706 -81.6275
98 0 13.1633 -26.3266 0 237.706 -81.6275
99 0 13.1633 -26.3266 0 237.706 -81.6275
100 0 13.1633 -26.3266 0 237.706 -81.6275
