1 0 -5.15786e+06 0 0 6.00786e+06 7.45058e-09 0 -2.91038e-10 9.31323e-10
2 0 -5.15786e+06 0 0 6.00786e+06 -7.45058e-09 0 0 -2.79397e-09
3 0 -5.15786e+06 0 0 6.00786e+06 1.49012e-08 0 -1.16415e-10 2.79397e-09
4 0 -5.15786e+06 0 0 6.00786e+06 -1.49012e-08 0 5.82077e-11 -9.31323e-10
5 0 -5.15786e+06 0 0 6.00786e+06 -7.45058e-09 0 3.49246e-10 -1.21072e-08
6 0 -5.15786e+06 0 0 6.00786e+06 -7.45058e-09 0 0 -2.79397e-09
7 0 -5.15786e+06 0 0 6.00786e+06 1.49012e-08 0 -1.16415e-10 2.79397e-09
8 0 -5.15786e+06 0 0 6.00786e+06 -1.49012e-08 0 5.82077e-11 -9.31323e-10
9 0 -5.15786e+06 0 0 6.00786e+06 -7.45058e-09 0 3.49246e-10 -1.21072e-08
10 0 -5.15786e+06 0 0 6.00786e+06 -7.45058e-09 0 0 -2.79397e-09
11 0 -5.15786e+06 0 0 6.00786e+06 1.49012e-08 0 -1.16415e-10 2.79397e-09
12 0 -5.15786e+06 0 0 6.00786e+06 -1.49012e-08 0 5.82077e-11 -9.31323e-10
13 0 -5.15786e+06 0 0 6.00786e+06 -7.45058e-09 0 3.49246e-10 -1.21072e-08
14 0 -5.15786e+06 0 0 6.00786e+06 -7.45058e-09 0 0 -2.79397e-09
15 0 -5.15786e+06 0 0 6.00786e+06 1.49012e-08 0 -1.16415e-10 2.79397e-09
16 0 -5.15786e+06 0 0 6.00786e+06 -1.49012e-08 0 5.82077e-11 -9.31323e-10
17 0 -5.15786e+06 0 0 6.00786e+06 -7.45058e-09 0 3.49246e-10 -1.21072e-08
18 0 -5.15786e+06 0 0 6.00786e+06 -7.45058e-09 0 0 -2.79397e-09
19 0 -5.15786e+06 0 0 6.00786e+06 1.49012e-08 0 -1.16415e-10 2.79397e-09
20 0 -5.15786e+06 0 0 6.00786e+06 -1.49012e-08 0 5.82077e-11 -9.31323e-10
21 0 -5.15786e+06 0 0 6.00786e+06 -7.45058e-09 0 3.49246e-10 -1.21072e-08
22 0 -5.15786e+06 0 0 6.00786e+06 -7.45058e-09 0 0 -2.79397e-09
23 0 -5.15786e+06 0 0 6.00786e+06 1.49012e-08 0 -1.16415e-10 2.79397e-09
24 0 -5.15786e+06 0 0 6.00786e+06 -1.49012e-08 0 5.82077e-11 -9.31323e-10
25 0 -5.15786e+06 0 0 6.00786e+06 -7.45058e-09 0 3.49246e-10 -1.21072e-08
26 0 -5.15786e+06 0 0 6.00786e+06 -7.45058e-09 0 0 -2.79397e-09
27 0 -5.15786e+06 0 0 6.00786e+06 1.49012e-08 0 -1.16415e-10 2.79397e-09
28 0 -5.15786e+06 0 0 6.00786e+06 -1.49012e-08 0 5.82077e-11 -9.31323e-10
29 0 -5.15786e+06 0 0 6.00786e+06 -7.45058e-09 0 3.49246e-10 -1.21072e-08
30 0 -5.15786e+06 0 0 6.00786e+06 -7.45058e-09 0 0 -2.79397e-09
31 0 -5.15786e+06 0 0 6.00786e+06 1.49012e-08 0 -1.16415e-10 2.79397e-09
32 0 -5.15786e+06 0 0 6.00786e+06 -1.49012e-08 0 5.82077e-11 -9.31323e-10
33 0 -5.15786e+06 0 0 6.00786e+06 -7.45058e-09 0 3.49246e-10 -1.21072e-08
34 0 -5.15786e+06 0 0 6.00786e+06 -7.45058e-09 0 0 -2.79397e-09
35 0 -5.15786e+06 0 0 6.00786e+06 1.49012e-08 0 -1.16415e-10 2.79397e-09
36 0 -5.15786e+06 0 0 6.00786e+06 -1.49012e-08 0 5.82077e-11 -9.31323e-10
37 0 -5.15786e+06 0 0 6.00786e+06 -7.45058e-09 0 3.49246e-10 -1.21072e-08
38 0 -5.15786e+06 0 0 6.00786e+06 -7.45058e-09 0 0 -2.79397e-09
39 0 -5.15786e+06 0 0 6.00786e+06 1.49012e-08 0 -1.16415e-10 2.79397e-09
40 0 -5.15786e+06 0 0 6.00786e+06 -1.49012e-08 0 5.82077e-11 -9.31323e-10
41 0 -5.15786e+06 0 0 6.00786e+06 -7.45058e-09 0 3.49246e-10 -1.21072e-08
42 0 -5.15786e+06 0 0 6.00786e+06 -7.45058e-09 0 0 -2.79397e-09
43 0 -5.15786e+06 0 0 6.00786e+06 1.49012e-08 0 -1.16415e-10 2.79397e-09
44 0 -5.15786e+06 0 0 6.00786e+06 -1.49012e-08 0 5.82077e-11 -9.31323e-10
45 0 -5.15786e+06 0 0 6.00786e+06 -7.45058e-09 0 3.49246e-10 -1.21072e-08
46 0 -5.15786e+06 0 0 6.00786e+06 -7.45058e-09 0 0 -2.79397e-09
47 0 -5.15786e+06 0 0 6.00786e+06 1.49012e-08 0 -1.16415e-10 2.79397e-09
48 0 -5.15786e+06 0 0 6.00786e+06 -1.49012e-08 0 5.82077e-11 -9.31323e-10
49 0 -5.15786e+06 0 0 6.00786e+06 -7.45058e-09 0 3.49246e-10 -1.21072e-08
50 0 -5.15786e+06 0 0 6.00786e+06 -7.45058e-09 0 0 -2.79397e-09
51 0 -5.15786e+06 0 0 6.00786e+06 1.49012e-08 0 -1.16415e-10 2.79397e-09
52 0 -5.15786e+06 0 0 6.00786e+06 -1.49012e-08 0 5.82077e-11 -9.31323e-10
53 0 -5.15786e+06 0 0 6.00786e+06 -7.45058e-09 0 3.49246e-10 -1.21072e-08
54 0 -5.15786e+06 0 0 6.00786e+06 -7.45058e-09 0 0 -2.79397e-09
55 0 -5.15786e+06 0 0 6.00786e+06 1.49012e-08 0 -1.16415e-10 2.79397e-09
56 0 -5.15786e+06 0 0 6.00786e+06 -1.49012e-08 0 5.82077e-11 -9.31323e-10
57 0 -5.15786e+06 0 0 6.00786e+06 -7.45058e-09 0 3.49246e-10 -1.21072e-08
58 0 -5.15786e+06 0 0 6.00786e+06 -7.45058e-09 0 0 -2.79397e-09
59 0 -5.15786e+06 0 0 6.00786e+06 1.49012e-08 0 -1.16415e-10 2.79397e-09
60 0 -5.15786e+06 0 0 6.00786e+06 -1.49012e-08 0 5.82077e-11 -9.31323e-10
61 0 -5.15786e+06 0 0 6.00786e+06 -7.45058e-09 0 3.49246e-10 -1.21072e-08
62 0 -5.15786e+06 0 0 6.00786e+06 -7.45058e-09 0 0 -2.79397e-09
63 0 -5.15786e+06 0 0 6.00786e+06 1.49012e-08 0 -1.16415e-10 2.79397e-09
64 0 -5.15786e+06 0 0 6.00786e+06 -1.49012e-08 0 5.82077e-11 -9.31323e-10
65 0 -5.15786e+06 0 0 6.00786e+06 -7.45058e-09 0 3.49246e-10 -1.21072e-08
66 0 -5.15786e+06 0 0 6.00786e+06 -7.45058e-09 0 0 -2.79397e-09
67 0 -5.15786e+06 0 0 6.00786e+06 1.49012e-08 0 -1.16415e-10 2.79397e-09
68 0 -5.15786e+06 0 0 6.00786e+06 -1.49012e-08 0 5.82077e-11 -9.31323e-10
69 0 -5.15786e+06 0 0 6.00786e+06 -7.45058e-09 0 3.49246e-10 -1.21072e-08
70 0 -5.15786e+06 0 0 6.00786e+06 -7.45058e-09 0 0 -2.79397e-09
71 0 -5.15786e+06 0 0 6.00786e+06 1.49012e-08 0 -1.16415e-10 2.79397e-09
72 0 -5.15786e+06 0 0 6.00786e+06 -1.49012e-08 0 5.82077e-11 -9.31323e-10
73 0 -5.15786e+06 0 0 6.00786e+06 -7.45058e-09 0 3.49246e-10 -1.21072e-08
74 0 -5.15786e+06 0 0 6.00786e+06 -7.45058e-09 0 0 -2.79397e-09
75 0 -5.15786e+06 0 0 6.00786e+06 1.49012e-08 0 -1.16415e-10 2.79397e-09
76 0 -5.15786e+06 0 0 6.00786e+06 -1.49012e-08 0 5.82077e-11 -9.31323e-10
77 0 -5.15786e+06 0 0 6.00786e+06 -7.45058e-09 0 3.49246e-10 -1.21072e-08
78 0 -5.15786e+06 0 0 6.00786e+06 -7.45058e-09 0 0 -2.79397e-09
79 0 -5.15786e+06 0 0 6.00786e+06 1.49012e-08 0 -1.16415e-10 2.79397e-09
80 0 -5.15786e+06 0 0 6.00786e+06 -1.49012e-08 0 5.82077e-11 -9.31323e-10
81 0 -5.15786e+06 0 0 6.00786e+06 -7.45058e-09 0 3.49246e-10 -1.21072e-08
82 0 -5.15786e+06 0 0 6.00786e+06 -7.45058e-09 0 0 -2.79397e-09
83 0 -5.15786e+06 0 0 6.00786e+06 1.49012e-08 0 -1.16415e-10 2.79397e-09
84 0 -5.15786e+06 0 0 6.00786e+06 -1.49012e-08 0 5.82077e-11 -9.31323e-10
85 0 -5.15786e+06 0 0 6.00786e+06 -7.45058e-09 0 3.49246e-10 -1.21072e-08
86 0 -5.15786e+06 0 0 6.00786e+06 -7.45058e-09 0 0 -2.79397e-09
87 0 -5.15786e+06 0 0 6.00786e+06 1.49012e-08 0 -1.16415e-10 2.79397e-09
88 0 -5.15786e+06 0 0 6.00786e+06 -1.49012e-08 0 5.82077e-11 -9.31323e-10
89 0 -5.15786e+06 0 0 6.00786e+06 -7.45058e-09 0 3.49246e-10 -1.21072e-08
90 0 -5.15786e+06 0 0 6.00786e+06 -7.45058e-09 0 0 -2.79397e-09
91 0 -5.15786e+06 0 0 6.00786e+06 1.49012e-08 0 -1.16415e-10 2.79397e-09
92 0 -5.15786e+06 0 0 6.00786e+06 -1.49012e-08 0 5.82077e-11 -9.31323e-10
93 0 -5.15786e+06 0 0 6.00786e+06 -7.45058e-09 0 3.49246e-10 -1.21072e-08
94 0 -5.15786e+06 0 0 6.00786e+06 -7.45058e-09 0 0 -2.79397e-09
95 0 -5.15786e+06 0 0 6.00786e+06 1.49012e-08 0 -1.16415e-10 2.79397e-09
96 0 -5.15786e+06 0 0 6.00786e+06 -1.49012e-08 0 5.82077e-11 -9.31323e-10
97 0 -5.15786e+06 0 0 6.00786e+06 -7.45058e-09 0 3.49246e-10 -1.21072e-08
98 0 -5.15786e+06 0 0 6.00786e+06 -7.45058e-09 0 0 -2.79397e-09
99 0 -5.15786e+06 0 0 6.00786e+06 1.49012e-08 0 -1.16415e-10 2.79397e-09
100 0 -5.15786e+06 0 0 6.00786e+06 -1.49012e-08 0 5.82077e-11 -9.31323e-10
