1 0 0 13.1633 0 0 -26.3266 0 -21914.7 -345.66
2 0 0 13.1633 0 0 -26.3266 0 -21914.7 -345.66
3 0 0 13.1633 0 0 -26.3266 0 -21914.7 -345.66
4 0 0 13.1633 0 0 -26.3266 0 -21914.7 -345.66
5 0 0 13.1633 0 0 -26.3266 0 -21914.7 -345.66
6 0 0 13.1633 0 0 -26.3266 0 -21914.7 -345.66
7 0 0 13.1633 0 0 -26.3266 0 -21914.7 -345.66
8 0 0 13.1633 0 0 -26.3266 0 -21914.7 -345.66
9 0 0 13.1633 0 0 -26.3266 0 -21914.7 -345.66
10 0 0 13.1633 0 0 -26.3266 0 -21914.7 -345.66
11 0 0 13.1633 0 0 -26.3266 0 -21914.7 -345.66
12 0 0 13.1633 0 0 -26.3266 0 -21914.7 -345.66
13 0 0 13.1633 0 0 -26.3266 0 -21914.7 -345.66
14 0 0 13.1633 0 0 -26.3266 0 -21914.7 -345.66
15 0 0 13.1633 0 0 -26.3266 0 -21914.7 -345.66
16 0 0 13.1633 0 0 -26.3266 0 -21914.7 -345.66
17 0 0 13.1633 0 0 -26.3266 0 -21914.7 -345.66
18 0 0 13.1633 0 0 -26.3266 0 -21914.7 -345.66
19 0 0 13.1633 0 0 -26.3266 0 -21914.7 -345.66
20 0 0 13.1633 0 0 -26.3266 0 -21914.7 -345.66
21 0 0 13.1633 0 0 -26.3266 0 -21914.7 -345.66
22 0 0 13.1633 0 0 -26.3266 0 -21914.7 -345.66
23 0 0 13.1633 0 0 -26.3266 0 -21914.7 -345.66
24 0 0 13.1633 0 0 -26.3266 0 -21914.7 -345.66
25 0 0 13.1633 0 0 -26.3266 0 -21914.7 -345.66
26 0 0 13.1633 0 0 -26.3266 0 -21914.7 -345.66
27 0 0 13.1633 0 0 -26.3266 0 -21914.7 -345.66
28 0 0 13.1633 0 0 -26.3266 0 -21914.7 -345.66
29 0 0 13.1633 0 0 -26.3266 0 -21914.7 -345.66
30 0 0 13.1633 0 0 -26.3266 0 -21914.7 -345.66
31 0 0 13.1633 0 0 -26.3266 0 -21914.7 -345.66
32 0 0 13.1633 0 0 -26.3266 0 -21914.7 -345.66
33 0 0 13.1633 0 0 -26.3266 0 -21914.7 -345.66
34 0 0 13.1633 0 0 -26.3266 0 -21914.7 -345.66
35 0 0 13.1633 0 0 -26.3266 0 -21914.7 -345.66
36 0 0 13.1633 0 0 -26.3266 0 -21914.7 -345.66
37 0 0 13.1633 0 0 -26.3266 0 -21914.7 -345.66
38 0 0 13.1633 0 0 -26.3266 0 -21914.7 -345.66
39 0 0 13.1633 0 0 -26.3266 0 -21914.7 -345.66
40 0 0 13.1633 0 0 -26.3266 0 -21914.7 -345.66
41 0 0 13.1633 0 0 -26.3266 0 -21914.7 -345.66
42 0 0 13.1633 0 0 -26.3266 0 -21914.7 -345.66
43 0 0 13.1633 0 0 -26.3266 0 -21914.7 -345.66
44 0 0 13.1633 0 0 -26.3266 0 -21914.7 -345.66
45 0 0 13.1633 0 0 -26.3266 0 -21914.7 -345.66
46 0 0 13.1633 0 0 -26.3266 0 -21914.7 -345.66
47 0 0 13.1633 0 0 -26.3266 0 -21914.7 -345.66
48 0 0 13.1633 0 0 -26.3266 0 -21914.7 -345.66
49 0 0 13.1633 0 0 -26.3266 0 -21914.7 -345.66
50 0 0 13.1633 0 0 -26.3266 0 -21914.7 -345.66
51 0 0 13.1633 0 0 -26.3266 0 -21914.7 -345.66
52 0 0 13.1633 0 0 -26.3266 0 -21914.7 -345.66
53 0 0 13.1633 0 0 -26.3266 0 -21914.7 -345.66
54 0 0 13.1633 0 0 -26.3266 0 -21914.7 -345.66
55 0 0 13.1633 0 0 -26.3266 0 -21914.7 -345.66
56 0 0 13.1633 0 0 -26.3266 0 -21914.7 -345.66
57 0 0 13.1633 0 0 -26.3266 0 -21914.7 -345.66
58 0 0 13.1633 0 0 -26.3266 0 -21914.7 -345.66
59 0 0 13.1633 0 0 -26.3266 0 -21914.7 -345.66
60 0 0 13.1633 0 0 -26.3266 0 -21914.7 -345.66
61 0 0 13.1633 0 0 -26.3266 0 -21914.7 -345.66
62 0 0 13.1633 0 0 -26.3266 0 -21914.7 -345.66
63 0 0 13.1633 0 0 -26.3266 0 -21914.7 -345.66
64 0 0 13.1633 0 0 -26.3266 0 -21914.7 -345.66
65 0 0 13.1633 0 0 -26.3266 0 -21914.7 -345.66
66 0 0 13.1633 0 0 -26.3266 0 -21914.7 -345.66
67 0 0 13.1633 0 0 -26.3266 0 -21914.7 -345.66
68 0 0 13.1633 0 0 -26.3266 0 -21914.7 -345.66
69 0 0 13.1633 0 0 -26.3266 0 -21914.7 -345.66
70 0 0 13.1633 0 0 -26.3266 0 -21914.7 -345.66
71 0 0 13.1633 0 0 -26.3266 0 -21914.7 -345.66
72 0 0 13.1633 0 0 -26.3266 0 -21914.7 -345.66
73 0 0 13.1633 0 0 -26.3266 0 -21914.7 -345.66
74 0 0 13.1633 0 0 -26.3266 0 -21914.7 -345.66
75 0 0 13.1633 0 0 -26.3266 0 -21914.7 -345.66
76 0 0 13.1633 0 0 -26.3266 0 -21914.7 -345.66
77 0 0 13.1633 0 0 -26.3266 0 -21914.7 -345.66
78 0 0 13.1633 0 0 -26.3266 0 -21914.7 -345.66
79 0 0 13.1633 0 0 -26.3266 0 -21914.7 -345.66
80 0 0 13.1633 0 0 -26.3266 0 -21914.7 -345.66
81 0 0 13.1633 0 0 -26.3266 0 -21914.7 -345.66
82 0 0 13.1633 0 0 -26.3266 0 -21914.7 -345.66
83 0 0 13.1633 0 0 -26.3266 0 -21914.7 -345.66
84 0 0 13.1633 0 0 -26.3266 0 -21914.7 -345.66
85 0 0 13.1633 0 0 -26.3266 0 -21914.7 -345.66
86 0 0 13.1633 0 0 -26.3266 0 -21914.7 -345.66
87 0 0 13.1633 0 0 -26.3266 0 -21914.7 -345.66
88 0 0 13.1633 0 0 -26.3266 0 -21914.7 -345.66
89 0 0 13.1633 0 0 -26.3266 0 -21914.7 -345.66
90 0 0 13.1633 0 0 -26.3266 0 -21914.7 -345.66
91 0 0 13.1633 0 0 -26.3266 0 -21914.7 -345.66
92 0 0 13.1633 0 0 -26.3266 0 -21914.7 -345.66
93 0 0 13.1633 0 0 -26.3266 0 -21914.7 -345.66
94 0 0 13.1633 0 0 -26.3266 0 -21914.7 -345.66
95 0 0 13.1633 0 0 -26.3266 0 -21914.7 -345.66
96 0 0 13.1633 0 0 -26.3266 0 -21914.7 -345.66
97 0 0 13.1633 0 0 -26.3266 0 -21914.7 -345.66
98 0 0 13.1633 0 0 -26.3266 0 -21914.7 -345.66
99 0 0 13.1633 0 0 -26.3266 0 -21914.7 -345.66
100 0 0 13.1633 0 0 -26.3266 0 -21914.7 -345.66
