1 -37500 -12500 12500 0 0 -20000 -10000 32015.6 16007.8
2 -37500 -12500 12500 0 0 -20000 -10000 32015.6 16007.8
3 -37500 -12500 12500 0 0 -20000 -10000 32015.6 16007.8
4 -37500 -12500 12500 0 0 -20000 -10000 32015.6 16007.8
5 -37500 -12500 12500 0 0 -20000 -10000 32015.6 16007.8
6 -37500 -12500 12500 0 0 -20000 -10000 32015.6 16007.8
7 -37500 -12500 12500 0 0 -20000 -10000 32015.6 16007.8
8 -37500 -12500 12500 0 0 -20000 -10000 32015.6 16007.8
9 -37500 -12500 12500 0 0 -20000 -10000 32015.6 16007.8
10 -37500 -12500 12500 0 0 -20000 -10000 32015.6 16007.8
11 -37500 -12500 12500 0 0 -20000 -10000 32015.6 16007.8
12 -37500 -12500 12500 0 0 -20000 -10000 32015.6 16007.8
13 -37500 -12500 12500 0 0 -20000 -10000 32015.6 16007.8
14 -37500 -12500 12500 0 0 -20000 -10000 32015.6 16007.8
15 -37500 -12500 12500 0 0 -20000 -10000 32015.6 16007.8
16 -37500 -12500 12500 0 0 -20000 -10000 32015.6 16007.8
17 -37500 -12500 12500 0 0 -20000 -10000 32015.6 16007.8
18 -37500 -12500 12500 0 0 -20000 -10000 32015.6 16007.8
19 -37500 -12500 12500 0 0 -20000 -10000 32015.6 16007.8
20 -37500 -12500 12500 0 0 -20000 -10000 32015.6 16007.8
21 -37500 -12500 12500 0 0 -20000 -10000 32015.6 16007.8
22 -37500 -12500 12500 0 0 -20000 -10000 32015.6 16007.8
23 -37500 -12500 12500 0 0 -20000 -10000 32015.6 16007.8
24 -37500 -12500 12500 0 0 -20000 -10000 32015.6 16007.8
25 -37500 -12500 12500 0 0 -20000 -10000 32015.6 16007.8
26 -37500 -12500 12500 0 0 -20000 -10000 32015.6 16007.8
27 -37500 -12500 12500 0 0 -20000 -10000 32015.6 16007.8
28 -37500 -12500 12500 0 0 -20000 -10000 32015.6 16007.8
29 -37500 -12500 12500 0 0 -20000 -10000 32015.6 16007.8
30 -37500 -12500 12500 0 0 -20000 -10000 32015.6 16007.8
31 -37500 -12500 12500 0 0 -20000 -10000 32015.6 16007.8
32 -37500 -12500 12500 0 0 -20000 -10000 32015.6 16007.8
33 -37500 -12500 12500 0 0 -20000 -10000 32015.6 16007.8
34 -37500 -12500 12500 0 0 -20000 -10000 32015.6 16007.8
35 -37500 -12500 12500 0 0 -20000 -10000 32015.6 16007.8
36 -37500 -12500 12500 0 0 -20000 -10000 32015.6 16007.8
37 -37500 -12500 12500 0 0 -20000 -10000 32015.6 16007.8
38 -37500 -12500 12500 0 0 -20000 -10000 32015.6 16007.8
39 -37500 -12500 12500 0 0 -20000 -10000 32015.6 16007.8
40 -37500 -12500 12500 0 0 -20000 -10000 32015.6 16007.8
41 -37500 -12500 12500 0 0 -20000 -10000 32015.6 16007.8
42 -37500 -12500 12500 0 0 -20000 -10000 32015.6 16007.8
43 -37500 -12500 12500 0 0 -20000 -10000 32015.6 16007.8
44 -37500 -12500 12500 0 0 -20000 -10000 32015.6 16007.8
45 -37500 -12500 12500 0 0 -20000 -10000 32015.6 16007.8
46 -37500 -12500 12500 0 0 -20000 -10000 32015.6 16007.8
47 -37500 -12500 12500 0 0 -20000 -10000 32015.6 16007.8
48 -37500 -12500 12500 0 0 -20000 -10000 32015.6 16007.8
49 -37500 -12500 12500 0 0 -20000 -10000 32015.6 16007.8
50 -37500 -12500 12500 0 0 -20000 -10000 32015.6 16007.8
51 -37500 -12500 12500 0 0 -20000 -10000 32015.6 16007.8
52 -37500 -12500 12500 0 0 -20000 -10000 32015.6 16007.8
53 -37500 -12500 12500 0 0 -20000 -10000 32015.6 16007.8
54 -37500 -12500 12500 0 0 -20000 -10000 32015.6 16007.8
55 -37500 -12500 12500 0 0 -20000 -10000 32015.6 16007.8
56 -37500 -12500 12500 0 0 -20000 -10000 32015.6 16007.8
57 -37500 -12500 12500 0 0 -20000 -10000 32015.6 16007.8
58 -37500 -12500 12500 0 0 -20000 -10000 32015.6 16007.8
59 -37500 -12500 12500 0 0 -20000 -10000 32015.6 16007.8
60 -37500 -12500 12500 0 0 -20000 -10000 32015.6 16007.8
61 -37500 -12500 12500 0 0 -20000 -10000 32015.6 16007.8
62 -37500 -12500 12500 0 0 -20000 -10000 32015.6 16007.8
63 -37500 -12500 12500 0 0 -20000 -10000 32015.6 16007.8
64 -37500 -12500 12500 0 0 -20000 -10000 32015.6 16007.8
65 -37500 -12500 12500 0 0 -20000 -10000 32015.6 16007.8
66 -37500 -12500 12500 0 0 -20000 -10000 32015.6 16007.8
67 -37500 -12500 12500 0 0 -20000 -10000 32015.6 16007.8
68 -37500 -12500 12500 0 0 -20000 -10000 32015.6 16007.8
69 -37500 -12500 12500 0 0 -20000 -10000 32015.6 16007.8
70 -37500 -12500 12500 0 0 -20000 -10000 32015.6 16007.8
71 -37500 -12500 12500 0 0 -20000 -10000 32015.6 16007.8
72 -37500 -12500 12500 0 0 -20000 -10000 32015.6 16007.8
73 -37500 -12500 12500 0 0 -20000 -10000 32015.6 16007.8
74 -37500 -12500 12500 0 0 -20000 -10000 32015.6 16007.8
75 -37500 -12500 12500 0 0 -20000 -10000 32015.6 16007.8
76 -37500 -12500 12500 0 0 -20000 -10000 32015.6 16007.8
77 -37500 -12500 12500 0 0 -20000 -10000 32015.6 16007.8
78 -37500 -12500 12500 0 0 -20000 -10000 32015.6 16007.8
79 -37500 -12500 12500 0 0 -20000 -10000 32015.6 16007.8
80 -37500 -12500 12500 0 0 -20000 -10000 32015.6 16007.8
81 -37500 -12500 12500 0 0 -20000 -10000 32015.6 16007.8
82 -37500 -12500 12500 0 0 -20000 -10000 32015.6 16007.8
83 -37500 -12500 12500 0 0 -20000 -10000 32015.6 16007.8
84 -37500 -12500 12500 0 0 -20000 -10000 32015.6 16007.8
85 -37500 -12500 12500 0 0 -20000 -10000 32015.6 16007.8
86 -37500 -12500 12500 0 0 -20000 -10000 32015.6 16007.8
87 -37500 -12500 12500 0 0 -20000 -10000 32015.6 16007.8
88 -37500 -12500 12500 0 0 -20000 -10000 32015.6 16007.8
89 -37500 -12500 12500 0 0 -20000 -10000 32015.6 16007.8
90 -37500 -12500 12500 0 0 -20000 -10000 32015.6 16007.8
91 -37500 -12500 12500 0 0 -20000 -10000 32015.6 16007.8
92 -37500 -12500 12500 0 0 -20000 -10000 32015.6 16007.8
93 -37500 -12500 12500 0 0 -20000 -10000 32015.6 16007.8
94 -37500 -12500 12500 0 0 -20000 -10000 32015.6 16007.8
95 -37500 -12500 12500 0 0 -20000 -10000 32015.6 16007.8
96 -37500 -12500 12500 0 0 -20000 -10000 32015.6 16007.8
97 -37500 -12500 12500 0 0 -20000 -10000 32015.6 16007.8
98 -37500 -12500 12500 0 0 -20000 -10000 32015.6 16007.8
99 -37500 -12500 12500 0 0 -20000 -10000 32015.6 16007.8
100 -37500 -12500 12500 0 0 -20000 -10000 32015.6 16007.8
