1 37500 0 -37500 -0 12500 0 -12500 -0 -12500 -0 12500 0 -0 -0 0 0 -0 -0 0 0 0 20000 -0 -20000 0 10000 -0 -10000 25000 -20000 -25000 20000 -12500 10000 12500 -10000
2 37500 0 -37500 -0 12500 0 -12500 -0 -12500 -0 12500 0 -0 -0 0 0 -0 -0 0 0 0 20000 -0 -20000 0 10000 -0 -10000 25000 -20000 -25000 20000 -12500 10000 12500 -10000
3 37500 0 -37500 -0 12500 0 -12500 -0 -12500 -0 12500 0 -0 -0 0 0 -0 -0 0 0 0 20000 -0 -20000 0 10000 -0 -10000 25000 -20000 -25000 20000 -12500 10000 12500 -10000
4 37500 0 -37500 -0 12500 0 -12500 -0 -12500 -0 12500 0 -0 -0 0 0 -0 -0 0 0 0 20000 -0 -20000 0 10000 -0 -10000 25000 -20000 -25000 20000 -12500 10000 12500 -10000
5 37500 0 -37500 -0 12500 0 -12500 -0 -12500 -0 12500 0 -0 -0 0 0 -0 -0 0 0 0 20000 -0 -20000 0 10000 -0 -10000 25000 -20000 -25000 20000 -12500 10000 12500 -10000
6 37500 0 -37500 -0 12500 0 -12500 -0 -12500 -0 12500 0 -0 -0 0 0 -0 -0 0 0 0 20000 -0 -20000 0 10000 -0 -10000 25000 -20000 -25000 20000 -12500 10000 12500 -10000
7 37500 0 -37500 -0 12500 0 -12500 -0 -12500 -0 12500 0 -0 -0 0 0 -0 -0 0 0 0 20000 -0 -20000 0 10000 -0 -10000 25000 -20000 -25000 20000 -12500 10000 12500 -10000
8 37500 0 -37500 -0 12500 0 -12500 -0 -12500 -0 12500 0 -0 -0 0 0 -0 -0 0 0 0 20000 -0 -20000 0 10000 -0 -10000 25000 -20000 -25000 20000 -12500 10000 12500 -10000
9 37500 0 -37500 -0 12500 0 -12500 -0 -12500 -0 12500 0 -0 -0 0 0 -0 -0 0 0 0 20000 -0 -20000 0 10000 -0 -10000 25000 -20000 -25000 20000 -12500 10000 12500 -10000
10 37500 0 -37500 -0 12500 0 -12500 -0 -12500 -0 12500 0 -0 -0 0 0 -0 -0 0 0 0 20000 -0 -20000 0 10000 -0 -10000 25000 -20000 -25000 20000 -12500 10000 12500 -10000
11 37500 0 -37500 -0 12500 0 -12500 -0 -12500 -0 12500 0 -0 -0 0 0 -0 -0 0 0 0 20000 -0 -20000 0 10000 -0 -10000 25000 -20000 -25000 20000 -12500 10000 12500 -10000
12 37500 0 -37500 -0 12500 0 -12500 -0 -12500 -0 12500 0 -0 -0 0 0 -0 -0 0 0 0 20000 -0 -20000 0 10000 -0 -10000 25000 -20000 -25000 20000 -12500 10000 12500 -10000
13 37500 0 -37500 -0 12500 0 -12500 -0 -12500 -0 12500 0 -0 -0 0 0 -0 -0 0 0 0 20000 -0 -20000 0 10000 -0 -10000 25000 -20000 -25000 20000 -12500 10000 12500 -10000
14 37500 0 -37500 -0 12500 0 -12500 -0 -12500 -0 12500 0 -0 -0 0 0 -0 -0 0 0 0 20000 -0 -20000 0 10000 -0 -10000 25000 -20000 -25000 20000 -12500 10000 12500 -10000
15 37500 0 -37500 -0 12500 0 -12500 -0 -12500 -0 12500 0 -0 -0 0 0 -0 -0 0 0 0 20000 -0 -20000 0 10000 -0 -10000 25000 -20000 -25000 20000 -12500 10000 12500 -10000
16 37500 0 -37500 -0 12500 0 -12500 -0 -12500 -0 12500 0 -0 -0 0 0 -0 -0 0 0 0 20000 -0 -20000 0 10000 -0 -10000 25000 -20000 -25000 20000 -12500 10000 12500 -10000
17 37500 0 -37500 -0 12500 0 -12500 -0 -12500 -0 12500 0 -0 -0 0 0 -0 -0 0 0 0 20000 -0 -20000 0 10000 -0 -10000 25000 -20000 -25000 20000 -12500 10000 12500 -10000
18 37500 0 -37500 -0 12500 0 -12500 -0 -12500 -0 12500 0 -0 -0 0 0 -0 -0 0 0 0 20000 -0 -20000 0 10000 -0 -10000 25000 -20000 -25000 20000 -12500 10000 12500 -10000
19 37500 0 -37500 -0 12500 0 -12500 -0 -12500 -0 12500 0 -0 -0 0 0 -0 -0 0 0 0 20000 -0 -20000 0 10000 -0 -10000 25000 -20000 -25000 20000 -12500 10000 12500 -10000
20 37500 0 -37500 -0 12500 0 -12500 -0 -12500 -0 12500 0 -0 -0 0 0 -0 -0 0 0 0 20000 -0 -20000 0 10000 -0 -10000 25000 -20000 -25000 20000 -12500 10000 12500 -10000
21 37500 0 -37500 -0 12500 0 -12500 -0 -12500 -0 12500 0 -0 -0 0 0 -0 -0 0 0 0 20000 -0 -20000 0 10000 -0 -10000 25000 -20000 -25000 20000 -12500 10000 12500 -10000
22 37500 0 -37500 -0 12500 0 -12500 -0 -12500 -0 12500 0 -0 -0 0 0 -0 -0 0 0 0 20000 -0 -20000 0 10000 -0 -10000 25000 -20000 -25000 20000 -12500 10000 12500 -10000
23 37500 0 -37500 -0 12500 0 -12500 -0 -12500 -0 12500 0 -0 -0 0 0 -0 -0 0 0 0 20000 -0 -20000 0 10000 -0 -10000 25000 -20000 -25000 20000 -12500 10000 12500 -10000
24 37500 0 -37500 -0 12500 0 -12500 -0 -12500 -0 12500 0 -0 -0 0 0 -0 -0 0 0 0 20000 -0 -20000 0 10000 -0 -10000 25000 -20000 -25000 20000 -12500 10000 12500 -10000
25 37500 0 -37500 -0 12500 0 -12500 -0 -12500 -0 12500 0 -0 -0 0 0 -0 -0 0 0 0 20000 -0 -20000 0 10000 -0 -10000 25000 -20000 -25000 20000 -12500 10000 12500 -10000
26 37500 0 -37500 -0 12500 0 -12500 -0 -12500 -0 12500 0 -0 -0 0 0 -0 -0 0 0 0 20000 -0 -20000 0 10000 -0 -10000 25000 -20000 -25000 20000 -12500 10000 12500 -10000
27 37500 0 -37500 -0 12500 0 -12500 -0 -12500 -0 12500 0 -0 -0 0 0 -0 -0 0 0 0 20000 -0 -20000 0 10000 -0 -10000 25000 -20000 -25000 20000 -12500 10000 12500 -10000
28 37500 0 -37500 -0 12500 0 -12500 -0 -12500 -0 12500 0 -0 -0 0 0 -0 -0 0 0 0 20000 -0 -20000 0 10000 -0 -10000 25000 -20000 -25000 20000 -12500 10000 12500 -10000
29 37500 0 -37500 -0 12500 0 -12500 -0 -12500 -0 12500 0 -0 -0 0 0 -0 -0 0 0 0 20000 -0 -20000 0 10000 -0 -10000 25000 -20000 -25000 20000 -12500 10000 12500 -10000
30 37500 0 -37500 -0 12500 0 -12500 -0 -12500 -0 12500 0 -0 -0 0 0 -0 -0 0 0 0 20000 -0 -20000 0 10000 -0 -10000 25000 -20000 -25000 20000 -12500 10000 12500 -10000
31 37500 0 -37500 -0 12500 0 -12500 -0 -12500 -0 12500 0 -0 -0 0 0 -0 -0 0 0 0 20000 -0 -20000 0 10000 -0 -10000 25000 -20000 -25000 20000 -12500 10000 12500 -10000
32 37500 0 -37500 -0 12500 0 -12500 -0 -12500 -0 12500 0 -0 -0 0 0 -0 -0 0 0 0 20000 -0 -20000 0 10000 -0 -10000 25000 -20000 -25000 20000 -12500 10000 12500 -10000
33 37500 0 -37500 -0 12500 0 -12500 -0 -12500 -0 12500 0 -0 -0 0 0 -0 -0 0 0 0 20000 -0 -20000 0 10000 -0 -10000 25000 -20000 -25000 20000 -12500 10000 12500 -10000
34 37500 0 -37500 -0 12500 0 -12500 -0 -12500 -0 12500 0 -0 -0 0 0 -0 -0 0 0 0 20000 -0 -20000 0 10000 -0 -10000 25000 -20000 -25000 20000 -12500 10000 12500 -10000
35 37500 0 -37500 -0 12500 0 -12500 -0 -12500 -0 12500 0 -0 -0 0 0 -0 -0 0 0 0 20000 -0 -20000 0 10000 -0 -10000 25000 -20000 -25000 20000 -12500 10000 12500 -10000
36 37500 0 -37500 -0 12500 0 -12500 -0 -12500 -0 12500 0 -0 -0 0 0 -0 -0 0 0 0 20000 -0 -20000 0 10000 -0 -10000 25000 -20000 -25000 20000 -12500 10000 12500 -10000
37 37500 0 -37500 -0 12500 0 -12500 -0 -12500 -0 12500 0 -0 -0 0 0 -0 -0 0 0 0 20000 -0 -20000 0 10000 -0 -10000 25000 -20000 -25000 20000 -12500 10000 12500 -10000
38 37500 0 -37500 -0 12500 0 -12500 -0 -12500 -0 12500 0 -0 -0 0 0 -0 -0 0 0 0 20000 -0 -20000 0 10000 -0 -10000 25000 -20000 -25000 20000 -12500 10000 12500 -10000
39 37500 0 -37500 -0 12500 0 -12500 -0 -12500 -0 12500 0 -0 -0 0 0 -0 -0 0 0 0 20000 -0 -20000 0 10000 -0 -10000 25000 -20000 -25000 20000 -12500 10000 12500 -10000
40 37500 0 -37500 -0 12500 0 -12500 -0 -12500 -0 12500 0 -0 -0 0 0 -0 -0 0 0 0 20000 -0 -20000 0 10000 -0 -10000 25000 -20000 -25000 20000 -12500 10000 12500 -10000
41 37500 0 -37500 -0 12500 0 -12500 -0 -12500 -0 12500 0 -0 -0 0 0 -0 -0 0 0 0 20000 -0 -20000 0 10000 -0 -10000 25000 -20000 -25000 20000 -12500 10000 12500 -10000
42 37500 0 -37500 -0 12500 0 -12500 -0 -12500 -0 12500 0 -0 -0 0 0 -0 -0 0 0 0 20000 -0 -20000 0 10000 -0 -10000 25000 -20000 -25000 20000 -12500 10000 12500 -10000
43 37500 0 -37500 -0 12500 0 -12500 -0 -12500 -0 12500 0 -0 -0 0 0 -0 -0 0 0 0 20000 -0 -20000 0 10000 -0 -10000 25000 -20000 -25000 20000 -12500 10000 12500 -10000
44 37500 0 -37500 -0 12500 0 -12500 -0 -12500 -0 12500 0 -0 -0 0 0 -0 -0 0 0 0 20000 -0 -20000 0 10000 -0 -10000 25000 -20000 -25000 20000 -12500 10000 12500 -10000
45 37500 0 -37500 -0 12500 0 -12500 -0 -12500 -0 12500 0 -0 -0 0 0 -0 -0 0 0 0 20000 -0 -20000 0 10000 -0 -10000 25000 -20000 -25000 20000 -12500 10000 12500 -10000
46 37500 0 -37500 -0 12500 0 -12500 -0 -12500 -0 12500 0 -0 -0 0 0 -0 -0 0 0 0 20000 -0 -20000 0 10000 -0 -10000 25000 -20000 -25000 20000 -12500 10000 12500 -10000
47 37500 0 -37500 -0 12500 0 -12500 -0 -12500 -0 12500 0 -0 -0 0 0 -0 -0 0 0 0 20000 -0 -20000 0 10000 -0 -10000 25000 -20000 -25000 20000 -12500 10000 12500 -10000
48 37500 0 -37500 -0 12500 0 -12500 -0 -12500 -0 12500 0 -0 -0 0 0 -0 -0 0 0 0 20000 -0 -20000 0 10000 -0 -10000 25000 -20000 -25000 20000 -12500 10000 12500 -10000
49 37500 0 -37500 -0 12500 0 -12500 -0 -12500 -0 12500 0 -0 -0 0 0 -0 -0 0 0 0 20000 -0 -20000 0 10000 -0 -10000 25000 -20000 -25000 20000 -12500 10000 12500 -10000
50 37500 0 -37500 -0 12500 0 -12500 -0 -12500 -0 12500 0 -0 -0 0 0 -0 -0 0 0 0 20000 -0 -20000 0 10000 -0 -10000 25000 -20000 -25000 20000 -12500 10000 12500 -10000
51 37500 0 -37500 -0 12500 0 -12500 -0 -12500 -0 12500 0 -0 -0 0 0 -0 -0 0 0 0 20000 -0 -20000 0 10000 -0 -10000 25000 -20000 -25000 20000 -12500 10000 12500 -10000
52 37500 0 -37500 -0 12500 0 -12500 -0 -12500 -0 12500 0 -0 -0 0 0 -0 -0 0 0 0 20000 -0 -20000 0 10000 -0 -10000 25000 -20000 -25000 20000 -12500 10000 12500 -10000
53 37500 0 -37500 -0 12500 0 -12500 -0 -12500 -0 12500 0 -0 -0 0 0 -0 -0 0 0 0 20000 -0 -20000 0 10000 -0 -10000 25000 -20000 -25000 20000 -12500 10000 12500 -10000
54 37500 0 -37500 -0 12500 0 -12500 -0 -12500 -0 12500 0 -0 -0 0 0 -0 -0 0 0 0 20000 -0 -20000 0 10000 -0 -10000 25000 -20000 -25000 20000 -12500 10000 12500 -10000
55 37500 0 -37500 -0 12500 0 -12500 -0 -12500 -0 12500 0 -0 -0 0 0 -0 -0 0 0 0 20000 -0 -20000 0 10000 -0 -10000 25000 -20000 -25000 20000 -12500 10000 12500 -10000
56 37500 0 -37500 -0 12500 0 -12500 -0 -12500 -0 12500 0 -0 -0 0 0 -0 -0 0 0 0 20000 -0 -20000 0 10000 -0 -10000 25000 -20000 -25000 20000 -12500 10000 12500 -10000
57 37500 0 -37500 -0 12500 0 -12500 -0 -12500 -0 12500 0 -0 -0 0 0 -0 -0 0 0 0 20000 -0 -20000 0 10000 -0 -10000 25000 -20000 -25000 20000 -12500 10000 12500 -10000
58 37500 0 -37500 -0 12500 0 -12500 -0 -12500 -0 12500 0 -0 -0 0 0 -0 -0 0 0 0 20000 -0 -20000 0 10000 -0 -10000 25000 -20000 -25000 20000 -12500 10000 12500 -10000
59 37500 0 -37500 -0 12500 0 -12500 -0 -12500 -0 12500 0 -0 -0 0 0 -0 -0 0 0 0 20000 -0 -20000 0 10000 -0 -10000 25000 -20000 -25000 20000 -12500 10000 12500 -10000
60 37500 0 -37500 -0 12500 0 -12500 -0 -12500 -0 12500 0 -0 -0 0 0 -0 -0 0 0 0 20000 -0 -20000 0 10000 -0 -10000 25000 -20000 -25000 20000 -12500 10000 12500 -10000
61 37500 0 -37500 -0 12500 0 -12500 -0 -12500 -0 12500 0 -0 -0 0 0 -0 -0 0 0 0 20000 -0 -20000 0 10000 -0 -10000 25000 -20000 -25000 20000 -12500 10000 12500 -10000
62 37500 0 -37500 -0 12500 0 -12500 -0 -12500 -0 12500 0 -0 -0 0 0 -0 -0 0 0 0 20000 -0 -20000 0 10000 -0 -10000 25000 -20000 -25000 20000 -12500 10000 12500 -10000
63 37500 0 -37500 -0 12500 0 -12500 -0 -12500 -0 12500 0 -0 -0 0 0 -0 -0 0 0 0 20000 -0 -20000 0 10000 -0 -10000 25000 -20000 -25000 20000 -12500 10000 12500 -10000
64 37500 0 -37500 -0 12500 0 -12500 -0 -12500 -0 12500 0 -0 -0 0 0 -0 -0 0 0 0 20000 -0 -20000 0 10000 -0 -10000 25000 -20000 -25000 20000 -12500 10000 12500 -10000
65 37500 0 -37500 -0 12500 0 -12500 -0 -12500 -0 12500 0 -0 -0 0 0 -0 -0 0 0 0 20000 -0 -20000 0 10000 -0 -10000 25000 -20000 -25000 20000 -12500 10000 12500 -10000
66 37500 0 -37500 -0 12500 0 -12500 -0 -12500 -0 12500 0 -0 -0 0 0 -0 -0 0 0 0 20000 -0 -20000 0 10000 -0 -10000 25000 -20000 -25000 20000 -12500 10000 12500 -10000
67 37500 0 -37500 -0 12500 0 -12500 -0 -12500 -0 12500 0 -0 -0 0 0 -0 -0 0 0 0 20000 -0 -20000 0 10000 -0 -10000 25000 -20000 -25000 20000 -12500 10000 12500 -10000
68 37500 0 -37500 -0 12500 0 -12500 -0 -12500 -0 12500 0 -0 -0 0 0 -0 -0 0 0 0 20000 -0 -20000 0 10000 -0 -10000 25000 -20000 -25000 20000 -12500 10000 12500 -10000
69 37500 0 -37500 -0 12500 0 -12500 -0 -12500 -0 12500 0 -0 -0 0 0 -0 -0 0 0 0 20000 -0 -20000 0 10000 -0 -10000 25000 -20000 -25000 20000 -12500 10000 12500 -10000
70 37500 0 -37500 -0 12500 0 -12500 -0 -12500 -0 12500 0 -0 -0 0 0 -0 -0 0 0 0 20000 -0 -20000 0 10000 -0 -10000 25000 -20000 -25000 20000 -12500 10000 12500 -10000
71 37500 0 -37500 -0 12500 0 -12500 -0 -12500 -0 12500 0 -0 -0 0 0 -0 -0 0 0 0 20000 -0 -20000 0 10000 -0 -10000 25000 -20000 -25000 20000 -12500 10000 12500 -10000
72 37500 0 -37500 -0 12500 0 -12500 -0 -12500 -0 12500 0 -0 -0 0 0 -0 -0 0 0 0 20000 -0 -20000 0 10000 -0 -10000 25000 -20000 -25000 20000 -12500 10000 12500 -10000
73 37500 0 -37500 -0 12500 0 -12500 -0 -12500 -0 12500 0 -0 -0 0 0 -0 -0 0 0 0 20000 -0 -20000 0 10000 -0 -10000 25000 -20000 -25000 20000 -12500 10000 12500 -10000
74 37500 0 -37500 -0 12500 0 -12500 -0 -12500 -0 12500 0 -0 -0 0 0 -0 -0 0 0 0 20000 -0 -20000 0 10000 -0 -10000 25000 -20000 -25000 20000 -12500 10000 12500 -10000
75 37500 0 -37500 -0 12500 0 -12500 -0 -12500 -0 12500 0 -0 -0 0 0 -0 -0 0 0 0 20000 -0 -20000 0 10000 -0 -10000 25000 -20000 -25000 20000 -12500 10000 12500 -10000
76 37500 0 -37500 -0 12500 0 -12500 -0 -12500 -0 12500 0 -0 -0 0 0 -0 -0 0 0 0 20000 -0 -20000 0 10000 -0 -10000 25000 -20000 -25000 20000 -12500 10000 12500 -10000
77 37500 0 -37500 -0 12500 0 -12500 -0 -12500 -0 12500 0 -0 -0 0 0 -0 -0 0 0 0 20000 -0 -20000 0 10000 -0 -10000 25000 -20000 -25000 20000 -12500 10000 12500 -10000
78 37500 0 -37500 -0 12500 0 -12500 -0 -12500 -0 12500 0 -0 -0 0 0 -0 -0 0 0 0 20000 -0 -20000 0 10000 -0 -10000 25000 -20000 -25000 20000 -12500 10000 12500 -10000
79 37500 0 -37500 -0 12500 0 -12500 -0 -12500 -0 12500 0 -0 -0 0 0 -0 -0 0 0 0 20000 -0 -20000 0 10000 -0 -10000 25000 -20000 -25000 20000 -12500 10000 12500 -10000
80 37500 0 -37500 -0 12500 0 -12500 -0 -12500 -0 12500 0 -0 -0 0 0 -0 -0 0 0 0 20000 -0 -20000 0 10000 -0 -10000 25000 -20000 -25000 20000 -12500 10000 12500 -10000
81 37500 0 -37500 -0 12500 0 -12500 -0 -12500 -0 12500 0 -0 -0 0 0 -0 -0 0 0 0 20000 -0 -20000 0 10000 -0 -10000 25000 -20000 -25000 20000 -12500 10000 12500 -10000
82 37500 0 -37500 -0 12500 0 -12500 -0 -12500 -0 12500 0 -0 -0 0 0 -0 -0 0 0 0 20000 -0 -20000 0 10000 -0 -10000 25000 -20000 -25000 20000 -12500 10000 12500 -10000
83 37500 0 -37500 -0 12500 0 -12500 -0 -12500 -0 12500 0 -0 -0 0 0 -0 -0 0 0 0 20000 -0 -20000 0 10000 -0 -10000 25000 -20000 -25000 20000 -12500 10000 12500 -10000
84 37500 0 -37500 -0 12500 0 -12500 -0 -12500 -0 12500 0 -0 -0 0 0 -0 -0 0 0 0 20000 -0 -20000 0 10000 -0 -10000 25000 -20000 -25000 20000 -12500 10000 12500 -10000
85 37500 0 -37500 -0 12500 0 -12500 -0 -12500 -0 12500 0 -0 -0 0 0 -0 -0 0 0 0 20000 -0 -20000 0 10000 -0 -10000 25000 -20000 -25000 20000 -12500 10000 12500 -10000
86 37500 0 -37500 -0 12500 0 -12500 -0 -12500 -0 12500 0 -0 -0 0 0 -0 -0 0 0 0 20000 -0 -20000 0 10000 -0 -10000 25000 -20000 -25000 20000 -12500 10000 12500 -10000
87 37500 0 -37500 -0 12500 0 -12500 -0 -12500 -0 12500 0 -0 -0 0 0 -0 -0 0 0 0 20000 -0 -20000 0 10000 -0 -10000 25000 -20000 -25000 20000 -12500 10000 12500 -10000
88 37500 0 -37500 -0 12500 0 -12500 -0 -12500 -0 12500 0 -0 -0 0 0 -0 -0 0 0 0 20000 -0 -20000 0 10000 -0 -10000 25000 -20000 -25000 20000 -12500 10000 12500 -10000
89 37500 0 -37500 -0 12500 0 -12500 -0 -12500 -0 12500 0 -0 -0 0 0 -0 -0 0 0 0 20000 -0 -20000 0 10000 -0 -10000 25000 -20000 -25000 20000 -12500 10000 12500 -10000
90 37500 0 -37500 -0 12500 0 -12500 -0 -12500 -0 12500 0 -0 -0 0 0 -0 -0 0 0 0 20000 -0 -20000 0 10000 -0 -10000 25000 -20000 -25000 20000 -12500 10000 12500 -10000
91 37500 0 -37500 -0 12500 0 -12500 -0 -12500 -0 12500 0 -0 -0 0 0 -0 -0 0 0 0 20000 -0 -20000 0 10000 -0 -10000 25000 -20000 -25000 20000 -12500 10000 12500 -10000
92 37500 0 -37500 -0 12500 0 -12500 -0 -12500 -0 12500 0 -0 -0 0 0 -0 -0 0 0 0 20000 -0 -20000 0 10000 -0 -10000 25000 -20000 -25000 20000 -12500 10000 12500 -10000
93 37500 0 -37500 -0 12500 0 -12500 -0 -12500 -0 12500 0 -0 -0 0 0 -0 -0 0 0 0 20000 -0 -20000 0 10000 -0 -10000 25000 -20000 -25000 20000 -12500 10000 12500 -10000
94 37500 0 -37500 -0 12500 0 -12500 -0 -12500 -0 12500 0 -0 -0 0 0 -0 -0 0 0 0 20000 -0 -20000 0 10000 -0 -10000 25000 -20000 -25000 20000 -12500 10000 12500 -10000
95 37500 0 -37500 -0 12500 0 -12500 -0 -12500 -0 12500 0 -0 -0 0 0 -0 -0 0 0 0 20000 -0 -20000 0 10000 -0 -10000 25000 -20000 -25000 20000 -12500 10000 12500 -10000
96 37500 0 -37500 -0 12500 0 -12500 -0 -12500 -0 12500 0 -0 -0 0 0 -0 -0 0 0 0 20000 -0 -20000 0 10000 -0 -10000 25000 -20000 -25000 20000 -12500 10000 12500 -10000
97 37500 0 -37500 -0 12500 0 -12500 -0 -12500 -0 12500 0 -0 -0 0 0 -0 -0 0 0 0 20000 -0 -20000 0 10000 -0 -10000 25000 -20000 -25000 20000 -12500 10000 12500 -10000
98 37500 0 -37500 -0 12500 0 -12500 -0 -12500 -0 12500 0 -0 -0 0 0 -0 -0 0 0 0 20000 -0 -20000 0 10000 -0 -10000 25000 -20000 -25000 20000 -12500 10000 12500 -10000
99 37500 0 -37500 -0 12500 0 -12500 -0 -12500 -0 12500 0 -0 -0 0 0 -0 -0 0 0 0 20000 -0 -20000 0 10000 -0 -10000 25000 -20000 -25000 20000 -12500 10000 12500 -10000
100 37500 0 -37500 -0 12500 0 -12500 -0 -12500 -0 12500 0 -0 -0 0 0 -0 -0 0 0 0 20000 -0 -20000 0 10000 -0 -10000 25000 -20000 -25000 20000 -12500 10000 12500 -10000
