1 5475.61 34635.9 -6352.95 -5475.61 -34635.9 -15549.5 -5179.05 68666.3 7839.57 5179.05 -68666.3 12876.6 -296.562 -2002.16 1329.14 296.562 2002.16 -142.894 5475.61 34635.9 15549.5 -5475.61 40364.1 -29870.2 296.562 8302.16 16993.6 -296.562 -2002.16 142.894
2 10951.2 69271.7 -12705.9 -10951.2 -69271.7 -31099 -10358.1 137333 15679.1 10358.1 -137333 25753.3 -593.123 -4004.32 2658.28 593.123 4004.32 -285.789 10951.2 69271.7 31099 -10951.2 80728.3 -59740.4 593.123 16604.3 33987.2 -593.123 -4004.32 285.789
3 16426.8 103908 -19058.9 -16426.8 -103908 -46648.5 -15537.1 205999 23518.7 15537.1 -205999 38629.9 -889.685 -6006.47 3987.42 889.685 6006.47 -428.683 16426.8 103908 46648.5 -16426.8 121092 -89610.6 889.685 24906.5 50980.7 -889.685 -6006.47 428.683
4 21902.4 138543 -25411.8 -21902.4 -138543 -62197.9 -20716.2 274665 31358.3 20716.2 -274665 51506.5 -1186.25 -8008.63 5316.56 1186.25 8008.63 -571.577 21902.4 138543 62197.9 -21902.4 161457 -119481 1186.25 33208.6 67974.3 -1186.25 -8008.63 571.577
5 27378.1 173179 -31764.8 -27378.1 -173179 -77747.4 -25895.2 343332 39197.8 25895.2 -343332 64383.1 -1482.81 -10010.8 6645.7 1482.81 10010.8 -714.471 27378.1 173179 77747.4 -27378.1 201821 -149351 1482.81 41510.8 84967.9 -1482.81 -10010.8 714.471
6 32853.7 207815 -38117.7 -32853.7 -207815 -93296.9 -31074.3 411998 47037.4 31074.3 -411998 77259.8 -1779.37 -12012.9 7974.84 1779.37 12012.9 -857.366 32853.7 207815 93296.9 -32853.7 242185 -179221 1779.37 49812.9 101961 -1779.37 -12012.9 857.366
7 38329.3 242451 -44470.7 -38329.3 -242451 -108846 -36253.3 480664 54877 36253.3 -480664 90136.4 -2075.93 -14015.1 9303.98 2075.93 14015.1 -1000.26 38329.3 242451 108846 -38329.3 282549 -209091 2075.93 58115.1 118955 -2075.93 -14015.1 1000.26
8 43804.9 277087 -50823.6 -43804.9 -277087 -124396 -41432.4 549330 62716.5 41432.4 -549330 103013 -2372.49 -16017.3 10633.1 2372.49 16017.3 -1143.15 43804.9 277087 124396 -43804.9 322913 -238962 2372.49 66417.3 135949 -2372.49 -16017.3 1143.15
9 49280.5 311723 -57176.6 -49280.5 -311723 -139945 -46611.4 617997 70556.1 46611.4 -617997 115890 -2669.05 -18019.4 11962.3 2669.05 18019.4 -1286.05 49280.5 311723 139945 -49280.5 363277 -268832 2669.05 74719.4 152942 -2669.05 -18019.4 1286.05
10 54756.1 346359 -63529.5 -54756.1 -346359 -155495 -51790.5 686663 78395.7 51790.5 -686663 128766 -2965.62 -20021.6 13291.4 2965.62 20021.6 -1428.94 54756.1 346359 155495 -54756.1 403641 -298702 2965.62 83021.6 169936 -2965.62 -20021.6 1428.94
11 60231.7 380994 -69882.5 -60231.7 -380994 -171044 -56969.5 755329 86235.2 56969.5 -755329 141643 -3262.18 -22023.7 14620.5 3262.18 22023.7 -1571.84 60231.7 380994 171044 -60231.7 444006 -328572 3262.18 91323.7 186929 -3262.18 -22023.7 1571.84
12 65707.3 415630 -76235.5 -65707.3 -415630 -186594 -62148.6 823996 94074.8 62148.6 -823996 154520 -3558.74 -24025.9 15949.7 3558.74 24025.9 -1714.73 65707.3 415630 186594 -65707.3 484370 -358442 3558.74 99625.9 203923 -3558.74 -24025.9 1714.73
13 71182.9 450266 -82588.4 -71182.9 -450266 -202143 -67327.6 892662 101914 67327.6 -892662 167396 -3855.3 -26028.1 17278.8 3855.3 26028.1 -1857.63 71182.9 450266 202143 -71182.9 524734 -388313 3855.3 107928 220917 -3855.3 -26028.1 1857.63
14 76658.5 484902 -88941.4 -76658.5 -484902 -217693 -72506.7 961328 109754 72506.7 -961328 180273 -4151.86 -28030.2 18608 4151.86 28030.2 -2000.52 76658.5 484902 217693 -76658.5 565098 -418183 4151.86 116230 237910 -4151.86 -28030.2 2000.52
15 82134.2 519538 -95294.3 -82134.2 -519538 -233242 -77685.7 1.02999e+06 117594 77685.7 -1.02999e+06 193149 -4448.42 -30032.4 19937.1 4448.42 30032.4 -2143.41 82134.2 519538 233242 -82134.2 605462 -448053 4448.42 124532 254904 -4448.42 -30032.4 2143.41
16 87609.8 554174 -101647 -87609.8 -554174 -248792 -82864.8 1.09866e+06 125433 82864.8 -1.09866e+06 206026 -4744.99 -32034.5 21266.2 4744.99 32034.5 -2286.31 87609.8 554174 248792 -87609.8 645826 -477923 4744.99 132835 271897 -4744.99 -32034.5 2286.31
17 93085.4 588810 -108000 -93085.4 -588810 -264341 -88043.8 1.16733e+06 133273 88043.8 -1.16733e+06 218903 -5041.55 -34036.7 22595.4 5041.55 34036.7 -2429.2 93085.4 588810 264341 -93085.4 686190 -507794 5041.55 141137 288891 -5041.55 -34036.7 2429.2
18 98561 623445 -114353 -98561 -623445 -279891 -93222.9 1.23599e+06 141112 93222.9 -1.23599e+06 231779 -5338.11 -36038.8 23924.5 5338.11 36038.8 -2572.1 98561 623445 279891 -98561 726555 -537664 5338.11 149439 305884 -5338.11 -36038.8 2572.1
19 104037 658081 -120706 -104037 -658081 -295440 -98401.9 1.30466e+06 148952 98401.9 -1.30466e+06 244656 -5634.67 -38041 25253.7 5634.67 38041 -2714.99 104037 658081 295440 -104037 766919 -567534 5634.67 157741 322878 -5634.67 -38041 2714.99
20 109512 692717 -127059 -109512 -692717 -310990 -103581 1.37333e+06 156791 103581 -1.37333e+06 257533 -5931.23 -40043.2 26582.8 5931.23 40043.2 -2857.89 109512 692717 310990 -109512 807283 -597404 5931.23 166043 339872 -5931.23 -40043.2 2857.89
21 114988 727353 -133412 -114988 -727353 -326539 -108760 1.44199e+06 164631 108760 -1.44199e+06 270409 -6227.79 -42045.3 27912 6227.79 42045.3 -3000.78 114988 727353 326539 -114988 847647 -627274 6227.79 174345 356865 -6227.79 -42045.3 3000.78
22 120463 761989 -139765 -120463 -761989 -342089 -113939 1.51066e+06 172470 113939 -1.51066e+06 283286 -6524.35 -44047.5 29241.1 6524.35 44047.5 -3143.67 120463 761989 342089 -120463 888011 -657145 6524.35 182647 373859 -6524.35 -44047.5 3143.67
23 125939 796625 -146118 -125939 -796625 -357638 -119118 1.57932e+06 180310 119118 -1.57932e+06 296162 -6820.92 -46049.6 30570.2 6820.92 46049.6 -3286.57 125939 796625 357638 -125939 928375 -687015 6820.92 190950 390852 -6820.92 -46049.6 3286.57
24 131415 831261 -152471 -131415 -831261 -373188 -124297 1.64799e+06 188150 124297 -1.64799e+06 309039 -7117.48 -48051.8 31899.4 7117.48 48051.8 -3429.46 131415 831261 373188 -131415 968739 -716885 7117.48 199252 407846 -7117.48 -48051.8 3429.46
25 136890 865896 -158824 -136890 -865896 -388737 -129476 1.71666e+06 195989 129476 -1.71666e+06 321916 -7414.04 -50054 33228.5 7414.04 50054 -3572.36 136890 865896 388737 -136890 1.0091e+06 -746755 7414.04 207554 424840 -7414.04 -50054 3572.36
26 142366 900532 -165177 -142366 -900532 -404287 -134655 1.78532e+06 203829 134655 -1.78532e+06 334792 -7710.6 -52056.1 34557.7 7710.6 52056.1 -3715.25 142366 900532 404287 -142366 1.04947e+06 -776625 7710.6 215856 441833 -7710.6 -52056.1 3715.25
27 147841 935168 -171530 -147841 -935168 -419836 -139834 1.85399e+06 211668 139834 -1.85399e+06 347669 -8007.16 -54058.3 35886.8 8007.16 54058.3 -3858.15 147841 935168 419836 -147841 1.08983e+06 -806496 8007.16 224158 458827 -8007.16 -54058.3 3858.15
28 153317 969804 -177883 -153317 -969804 -435386 -145013 1.92266e+06 219508 145013 -1.92266e+06 360546 -8303.72 -56060.4 37215.9 8303.72 56060.4 -4001.04 153317 969804 435386 -153317 1.1302e+06 -836366 8303.72 232460 475820 -8303.72 -56060.4 4001.04
29 158793 1.00444e+06 -184236 -158793 -1.00444e+06 -450935 -150192 1.99132e+06 227347 150192 -1.99132e+06 373422 -8600.29 -58062.6 38545.1 8600.29 58062.6 -4143.93 158793 1.00444e+06 450935 -158793 1.17056e+06 -866236 8600.29 240763 492814 -8600.29 -58062.6 4143.93
30 164268 1.03908e+06 -190589 -164268 -1.03908e+06 -466485 -155371 2.05999e+06 235187 155371 -2.05999e+06 386299 -8896.85 -60064.7 39874.2 8896.85 60064.7 -4286.83 164268 1.03908e+06 466485 -164268 1.21092e+06 -896106 8896.85 249065 509807 -8896.85 -60064.7 4286.83
31 169744 1.07371e+06 -196942 -169744 -1.07371e+06 -482034 -160551 2.12866e+06 243027 160551 -2.12866e+06 399175 -9193.41 -62066.9 41203.4 9193.41 62066.9 -4429.72 169744 1.07371e+06 482034 -169744 1.25129e+06 -925976 9193.41 257367 526801 -9193.41 -62066.9 4429.72
32 175220 1.10835e+06 -203295 -175220 -1.10835e+06 -497584 -165730 2.19732e+06 250866 165730 -2.19732e+06 412052 -9489.97 -64069.1 42532.5 9489.97 64069.1 -4572.62 175220 1.10835e+06 497584 -175220 1.29165e+06 -955847 9489.97 265669 543795 -9489.97 -64069.1 4572.62
33 180695 1.14298e+06 -209647 -180695 -1.14298e+06 -513133 -170909 2.26599e+06 258706 170909 -2.26599e+06 424929 -9786.53 -66071.2 43861.6 9786.53 66071.2 -4715.51 180695 1.14298e+06 513133 -180695 1.33202e+06 -985717 9786.53 273971 560788 -9786.53 -66071.2 4715.51
34 186171 1.17762e+06 -216000 -186171 -1.17762e+06 -528683 -176088 2.33465e+06 266545 176088 -2.33465e+06 437805 -10083.1 -68073.4 45190.8 10083.1 68073.4 -4858.41 186171 1.17762e+06 528683 -186171 1.37238e+06 -1.01559e+06 10083.1 282273 577782 -10083.1 -68073.4 4858.41
35 191646 1.21225e+06 -222353 -191646 -1.21225e+06 -544232 -181267 2.40332e+06 274385 181267 -2.40332e+06 450682 -10379.7 -70075.5 46519.9 10379.7 70075.5 -5001.3 191646 1.21225e+06 544232 -191646 1.41275e+06 -1.04546e+06 10379.7 290576 594775 -10379.7 -70075.5 5001.3
36 197122 1.24689e+06 -228706 -197122 -1.24689e+06 -559781 -186446 2.47199e+06 282224 186446 -2.47199e+06 463559 -10676.2 -72077.7 47849.1 10676.2 72077.7 -5144.19 197122 1.24689e+06 559781 -197122 1.45311e+06 -1.07533e+06 10676.2 298878 611769 -10676.2 -72077.7 5144.19
37 202598 1.28153e+06 -235059 -202598 -1.28153e+06 -575331 -191625 2.54065e+06 290064 191625 -2.54065e+06 476435 -10972.8 -74079.9 49178.2 10972.8 74079.9 -5287.09 202598 1.28153e+06 575331 -202598 1.49347e+06 -1.1052e+06 10972.8 307180 628762 -10972.8 -74079.9 5287.09
38 208073 1.31616e+06 -241412 -208073 -1.31616e+06 -590880 -196804 2.60932e+06 297904 196804 -2.60932e+06 489312 -11269.3 -76082 50507.3 11269.3 76082 -5429.98 208073 1.31616e+06 590880 -208073 1.53384e+06 -1.13507e+06 11269.3 315482 645756 -11269.3 -76082 5429.98
39 213549 1.3508e+06 -247765 -213549 -1.3508e+06 -606430 -201983 2.67799e+06 305743 201983 -2.67799e+06 502188 -11565.9 -78084.2 51836.5 11565.9 78084.2 -5572.88 213549 1.3508e+06 606430 -213549 1.5742e+06 -1.16494e+06 11565.9 323784 662750 -11565.9 -78084.2 5572.88
40 219024 1.38543e+06 -254118 -219024 -1.38543e+06 -621979 -207162 2.74665e+06 313583 207162 -2.74665e+06 515065 -11862.5 -80086.3 53165.6 11862.5 80086.3 -5715.77 219024 1.38543e+06 621979 -219024 1.61457e+06 -1.19481e+06 11862.5 332086 679743 -11862.5 -80086.3 5715.77
41 224500 1.42007e+06 -260471 -224500 -1.42007e+06 -637529 -212341 2.81532e+06 321422 212341 -2.81532e+06 527942 -12159 -82088.5 54494.8 12159 82088.5 -5858.67 224500 1.42007e+06 637529 -224500 1.65493e+06 -1.22468e+06 12159 340388 696737 -12159 -82088.5 5858.67
42 229976 1.45471e+06 -266824 -229976 -1.45471e+06 -653078 -217520 2.88398e+06 329262 217520 -2.88398e+06 540818 -12455.6 -84090.6 55823.9 12455.6 84090.6 -6001.56 229976 1.45471e+06 653078 -229976 1.69529e+06 -1.25455e+06 12455.6 348691 713730 -12455.6 -84090.6 6001.56
43 235451 1.48934e+06 -273177 -235451 -1.48934e+06 -668628 -222699 2.95265e+06 337101 222699 -2.95265e+06 553695 -12752.1 -86092.8 57153 12752.1 86092.8 -6144.45 235451 1.48934e+06 668628 -235451 1.73566e+06 -1.28442e+06 12752.1 356993 730724 -12752.1 -86092.8 6144.45
44 240927 1.52398e+06 -279530 -240927 -1.52398e+06 -684177 -227878 3.02132e+06 344941 227878 -3.02132e+06 566572 -13048.7 -88095 58482.2 13048.7 88095 -6287.35 240927 1.52398e+06 684177 -240927 1.77602e+06 -1.31429e+06 13048.7 365295 747718 -13048.7 -88095 6287.35
45 246402 1.55861e+06 -285883 -246402 -1.55861e+06 -699727 -233057 3.08998e+06 352781 233057 -3.08998e+06 579448 -13345.3 -90097.1 59811.3 13345.3 90097.1 -6430.24 246402 1.55861e+06 699727 -246402 1.81639e+06 -1.34416e+06 13345.3 373597 764711 -13345.3 -90097.1 6430.24
46 251878 1.59325e+06 -292236 -251878 -1.59325e+06 -715276 -238236 3.15865e+06 360620 238236 -3.15865e+06 592325 -13641.8 -92099.3 61140.5 13641.8 92099.3 -6573.14 251878 1.59325e+06 715276 -251878 1.85675e+06 -1.37403e+06 13641.8 381899 781705 -13641.8 -92099.3 6573.14
47 257354 1.62789e+06 -298589 -257354 -1.62789e+06 -730826 -243415 3.22732e+06 368460 243415 -3.22732e+06 605201 -13938.4 -94101.4 62469.6 13938.4 94101.4 -6716.03 257354 1.62789e+06 730826 -257354 1.89711e+06 -1.4039e+06 13938.4 390201 798698 -13938.4 -94101.4 6716.03
48 262829 1.66252e+06 -304942 -262829 -1.66252e+06 -746375 -248594 3.29598e+06 376299 248594 -3.29598e+06 618078 -14235 -96103.6 63798.7 14235 96103.6 -6858.93 262829 1.66252e+06 746375 -262829 1.93748e+06 -1.43377e+06 14235 398504 815692 -14235 -96103.6 6858.93
49 268305 1.69716e+06 -311295 -268305 -1.69716e+06 -761925 -253773 3.36465e+06 384139 253773 -3.36465e+06 630955 -14531.5 -98105.7 65127.9 14531.5 98105.7 -7001.82 268305 1.69716e+06 761925 -268305 1.97784e+06 -1.46364e+06 14531.5 406806 832685 -14531.5 -98105.7 7001.82
50 273781 1.73179e+06 -317648 -273781 -1.73179e+06 -777474 -258952 3.43332e+06 391978 258952 -3.43332e+06 643831 -14828.1 -100108 66457 14828.1 100108 -7144.71 273781 1.73179e+06 777474 -273781 2.01821e+06 -1.49351e+06 14828.1 415108 849679 -14828.1 -100108 7144.71
51 279256 1.76643e+06 -324001 -279256 -1.76643e+06 -793024 -264131 3.50198e+06 399818 264131 -3.50198e+06 656708 -15124.6 -102110 67786.2 15124.6 102110 -7287.61 279256 1.76643e+06 793024 -279256 2.05857e+06 -1.52338e+06 15124.6 423410 866673 -15124.6 -102110 7287.61
52 284732 1.80106e+06 -330354 -284732 -1.80106e+06 -808573 -269311 3.57065e+06 407658 269311 -3.57065e+06 669585 -15421.2 -104112 69115.3 15421.2 104112 -7430.5 284732 1.80106e+06 808573 -284732 2.09894e+06 -1.55325e+06 15421.2 431712 883666 -15421.2 -104112 7430.5
53 290207 1.8357e+06 -336707 -290207 -1.8357e+06 -824123 -274490 3.63931e+06 415497 274490 -3.63931e+06 682461 -15717.8 -106114 70444.5 15717.8 106114 -7573.4 290207 1.8357e+06 824123 -290207 2.1393e+06 -1.58312e+06 15717.8 440014 900660 -15717.8 -106114 7573.4
54 295683 1.87034e+06 -343060 -295683 -1.87034e+06 -839672 -279669 3.70798e+06 423337 279669 -3.70798e+06 695338 -16014.3 -108117 71773.6 16014.3 108117 -7716.29 295683 1.87034e+06 839672 -295683 2.17966e+06 -1.61299e+06 16014.3 448317 917653 -16014.3 -108117 7716.29
55 301159 1.90497e+06 -349412 -301159 -1.90497e+06 -855222 -284848 3.77665e+06 431176 284848 -3.77665e+06 708214 -16310.9 -110119 73102.7 16310.9 110119 -7859.18 301159 1.90497e+06 855222 -301159 2.22003e+06 -1.64286e+06 16310.9 456619 934647 -16310.9 -110119 7859.18
56 306634 1.93961e+06 -355765 -306634 -1.93961e+06 -870771 -290027 3.84531e+06 439016 290027 -3.84531e+06 721091 -16607.4 -112121 74431.9 16607.4 112121 -8002.08 306634 1.93961e+06 870771 -306634 2.26039e+06 -1.67273e+06 16607.4 464921 951640 -16607.4 -112121 8002.08
57 312110 1.97424e+06 -362118 -312110 -1.97424e+06 -886321 -295206 3.91398e+06 446855 295206 -3.91398e+06 733968 -16904 -114123 75761 16904 114123 -8144.97 312110 1.97424e+06 886321 -312110 2.30076e+06 -1.7026e+06 16904 473223 968634 -16904 -114123 8144.97
58 317585 2.00888e+06 -368471 -317585 -2.00888e+06 -901870 -300385 3.98265e+06 454695 300385 -3.98265e+06 746844 -17200.6 -116125 77090.2 17200.6 116125 -8287.87 317585 2.00888e+06 901870 -317585 2.34112e+06 -1.73247e+06 17200.6 481525 985628 -17200.6 -116125 8287.87
59 323061 2.04352e+06 -374824 -323061 -2.04352e+06 -917420 -305564 4.05131e+06 462535 305564 -4.05131e+06 759721 -17497.1 -118127 78419.3 17497.1 118127 -8430.76 323061 2.04352e+06 917420 -323061 2.38148e+06 -1.76234e+06 17497.1 489827 1.00262e+06 -17497.1 -118127 8430.76
60 328537 2.07815e+06 -381177 -328537 -2.07815e+06 -932969 -310743 4.11998e+06 470374 310743 -4.11998e+06 772598 -17793.7 -120129 79748.4 17793.7 120129 -8573.66 328537 2.07815e+06 932969 -328537 2.42185e+06 -1.79221e+06 17793.7 498129 1.01961e+06 -17793.7 -120129 8573.66
61 334012 2.11279e+06 -387530 -334012 -2.11279e+06 -948519 -315922 4.18864e+06 478214 315922 -4.18864e+06 785474 -18090.3 -122132 81077.6 18090.3 122132 -8716.55 334012 2.11279e+06 948519 -334012 2.46221e+06 -1.82208e+06 18090.3 506432 1.03661e+06 -18090.3 -122132 8716.55
62 339488 2.14742e+06 -393883 -339488 -2.14742e+06 -964068 -321101 4.25731e+06 486053 321101 -4.25731e+06 798351 -18386.8 -124134 82406.7 18386.8 124134 -8859.44 339488 2.14742e+06 964068 -339488 2.50258e+06 -1.85195e+06 18386.8 514734 1.0536e+06 -18386.8 -124134 8859.44
63 344963 2.18206e+06 -400236 -344963 -2.18206e+06 -979618 -326280 4.32598e+06 493893 326280 -4.32598e+06 811227 -18683.4 -126136 83735.9 18683.4 126136 -9002.34 344963 2.18206e+06 979618 -344963 2.54294e+06 -1.88182e+06 18683.4 523036 1.0706e+06 -18683.4 -126136 9002.34
64 350439 2.21669e+06 -406589 -350439 -2.21669e+06 -995167 -331459 4.39464e+06 501732 331459 -4.39464e+06 824104 -18979.9 -128138 85065 18979.9 128138 -9145.23 350439 2.21669e+06 995167 -350439 2.58331e+06 -1.91169e+06 18979.9 531338 1.08759e+06 -18979.9 -128138 9145.23
65 355915 2.25133e+06 -412942 -355915 -2.25133e+06 -1.01072e+06 -336638 4.46331e+06 509572 336638 -4.46331e+06 836981 -19276.5 -130140 86394.1 19276.5 130140 -9288.13 355915 2.25133e+06 1.01072e+06 -355915 2.62367e+06 -1.94156e+06 19276.5 539640 1.10458e+06 -19276.5 -130140 9288.13
66 361390 2.28597e+06 -419295 -361390 -2.28597e+06 -1.02627e+06 -341817 4.53198e+06 517411 341817 -4.53198e+06 849857 -19573.1 -132142 87723.3 19573.1 132142 -9431.02 361390 2.28597e+06 1.02627e+06 -361390 2.66403e+06 -1.97143e+06 19573.1 547942 1.12158e+06 -19573.1 -132142 9431.02
67 366866 2.3206e+06 -425648 -366866 -2.3206e+06 -1.04182e+06 -346996 4.60064e+06 525251 346996 -4.60064e+06 862734 -19869.6 -134145 89052.4 19869.6 134145 -9573.92 366866 2.3206e+06 1.04182e+06 -366866 2.7044e+06 -2.0013e+06 19869.6 556245 1.13857e+06 -19869.6 -134145 9573.92
68 372341 2.35524e+06 -432001 -372341 -2.35524e+06 -1.05737e+06 -352175 4.66931e+06 533091 352175 -4.66931e+06 875611 -20166.2 -136147 90381.6 20166.2 136147 -9716.81 372341 2.35524e+06 1.05737e+06 -372341 2.74476e+06 -2.03117e+06 20166.2 564547 1.15556e+06 -20166.2 -136147 9716.81
69 377817 2.38987e+06 -438354 -377817 -2.38987e+06 -1.07291e+06 -357354 4.73797e+06 540930 357354 -4.73797e+06 888487 -20462.7 -138149 91710.7 20462.7 138149 -9859.7 377817 2.38987e+06 1.07291e+06 -377817 2.78513e+06 -2.06104e+06 20462.7 572849 1.17256e+06 -20462.7 -138149 9859.7
70 383293 2.42451e+06 -444707 -383293 -2.42451e+06 -1.08846e+06 -362533 4.80664e+06 548770 362533 -4.80664e+06 901364 -20759.3 -140151 93039.8 20759.3 140151 -10002.6 383293 2.42451e+06 1.08846e+06 -383293 2.82549e+06 -2.09091e+06 20759.3 581151 1.18955e+06 -20759.3 -140151 10002.6
71 388768 2.45915e+06 -451060 -388768 -2.45915e+06 -1.10401e+06 -367712 4.87531e+06 556609 367712 -4.87531e+06 914240 -21055.9 -142153 94369 21055.9 142153 -10145.5 388768 2.45915e+06 1.10401e+06 -388768 2.86585e+06 -2.12078e+06 21055.9 589453 1.20654e+06 -21055.9 -142153 10145.5
72 394244 2.49378e+06 -457413 -394244 -2.49378e+06 -1.11956e+06 -372891 4.94397e+06 564449 372891 -4.94397e+06 927117 -21352.4 -144155 95698.1 21352.4 144155 -10288.4 394244 2.49378e+06 1.11956e+06 -394244 2.90622e+06 -2.15065e+06 21352.4 597755 1.22354e+06 -21352.4 -144155 10288.4
73 399720 2.52842e+06 -463766 -399720 -2.52842e+06 -1.13511e+06 -378071 5.01264e+06 572288 378071 -5.01264e+06 939994 -21649 -146158 97027.3 21649 146158 -10431.3 399720 2.52842e+06 1.13511e+06 -399720 2.94658e+06 -2.18053e+06 21649 606058 1.24053e+06 -21649 -146158 10431.3
74 405195 2.56305e+06 -470119 -405195 -2.56305e+06 -1.15066e+06 -383250 5.08131e+06 580128 383250 -5.08131e+06 952870 -21945.6 -148160 98356.4 21945.6 148160 -10574.2 405195 2.56305e+06 1.15066e+06 -405195 2.98695e+06 -2.2104e+06 21945.6 614360 1.25752e+06 -21945.6 -148160 10574.2
75 410671 2.59769e+06 -476472 -410671 -2.59769e+06 -1.16621e+06 -388429 5.14997e+06 587968 388429 -5.14997e+06 965747 -22242.1 -150162 99685.5 22242.1 150162 -10717.1 410671 2.59769e+06 1.16621e+06 -410671 3.02731e+06 -2.24027e+06 22242.1 622662 1.27452e+06 -22242.1 -150162 10717.1
76 416146 2.63233e+06 -482825 -416146 -2.63233e+06 -1.18176e+06 -393608 5.21864e+06 595807 393608 -5.21864e+06 978624 -22538.7 -152164 101015 22538.7 152164 -10860 416146 2.63233e+06 1.18176e+06 -416146 3.06767e+06 -2.27014e+06 22538.7 630964 1.29151e+06 -22538.7 -152164 10860
77 421622 2.66696e+06 -489177 -421622 -2.66696e+06 -1.19731e+06 -398787 5.28731e+06 603647 398787 -5.28731e+06 991500 -22835.2 -154166 102344 22835.2 154166 -11002.9 421622 2.66696e+06 1.19731e+06 -421622 3.10804e+06 -2.30001e+06 22835.2 639266 1.30851e+06 -22835.2 -154166 11002.9
78 427098 2.7016e+06 -495530 -427098 -2.7016e+06 -1.21286e+06 -403966 5.35597e+06 611486 403966 -5.35597e+06 1.00438e+06 -23131.8 -156168 103673 23131.8 156168 -11145.8 427098 2.7016e+06 1.21286e+06 -427098 3.1484e+06 -2.32988e+06 23131.8 647568 1.3255e+06 -23131.8 -156168 11145.8
79 432573 2.73623e+06 -501883 -432573 -2.73623e+06 -1.22841e+06 -409145 5.42464e+06 619326 409145 -5.42464e+06 1.01725e+06 -23428.4 -158170 105002 23428.4 158170 -11288.6 432573 2.73623e+06 1.22841e+06 -432573 3.18877e+06 -2.35975e+06 23428.4 655870 1.34249e+06 -23428.4 -158170 11288.6
80 438049 2.77087e+06 -508236 -438049 -2.77087e+06 -1.24396e+06 -414324 5.4933e+06 627165 414324 -5.4933e+06 1.03013e+06 -23724.9 -160173 106331 23724.9 160173 -11431.5 438049 2.77087e+06 1.24396e+06 -438049 3.22913e+06 -2.38962e+06 23724.9 664173 1.35949e+06 -23724.9 -160173 11431.5
81 443524 2.8055e+06 -514589 -443524 -2.8055e+06 -1.25951e+06 -419503 5.56197e+06 635005 419503 -5.56197e+06 1.04301e+06 -24021.5 -162175 107660 24021.5 162175 -11574.4 443524 2.8055e+06 1.25951e+06 -443524 3.2695e+06 -2.41949e+06 24021.5 672475 1.37648e+06 -24021.5 -162175 11574.4
82 449000 2.84014e+06 -520942 -449000 -2.84014e+06 -1.27506e+06 -424682 5.63064e+06 642845 424682 -5.63064e+06 1.05588e+06 -24318.1 -164177 108990 24318.1 164177 -11717.3 449000 2.84014e+06 1.27506e+06 -449000 3.30986e+06 -2.44936e+06 24318.1 680777 1.39347e+06 -24318.1 -164177 11717.3
83 454476 2.87478e+06 -527295 -454476 -2.87478e+06 -1.29061e+06 -429861 5.6993e+06 650684 429861 -5.6993e+06 1.06876e+06 -24614.6 -166179 110319 24614.6 166179 -11860.2 454476 2.87478e+06 1.29061e+06 -454476 3.35022e+06 -2.47923e+06 24614.6 689079 1.41047e+06 -24614.6 -166179 11860.2
84 459951 2.90941e+06 -533648 -459951 -2.90941e+06 -1.30616e+06 -435040 5.76797e+06 658524 435040 -5.76797e+06 1.08164e+06 -24911.2 -168181 111648 24911.2 168181 -12003.1 459951 2.90941e+06 1.30616e+06 -459951 3.39059e+06 -2.5091e+06 24911.2 697381 1.42746e+06 -24911.2 -168181 12003.1
85 465427 2.94405e+06 -540001 -465427 -2.94405e+06 -1.32171e+06 -440219 5.83664e+06 666363 440219 -5.83664e+06 1.09451e+06 -25207.7 -170183 112977 25207.7 170183 -12146 465427 2.94405e+06 1.32171e+06 -465427 3.43095e+06 -2.53897e+06 25207.7 705683 1.44445e+06 -25207.7 -170183 12146
86 470902 2.97868e+06 -546354 -470902 -2.97868e+06 -1.33726e+06 -445398 5.9053e+06 674203 445398 -5.9053e+06 1.10739e+06 -25504.3 -172186 114306 25504.3 172186 -12288.9 470902 2.97868e+06 1.33726e+06 -470902 3.47132e+06 -2.56884e+06 25504.3 713986 1.46145e+06 -25504.3 -172186 12288.9
87 476378 3.01332e+06 -552707 -476378 -3.01332e+06 -1.35281e+06 -450577 5.97397e+06 682042 450577 -5.97397e+06 1.12027e+06 -25800.9 -174188 115635 25800.9 174188 -12431.8 476378 3.01332e+06 1.35281e+06 -476378 3.51168e+06 -2.59871e+06 25800.9 722288 1.47844e+06 -25800.9 -174188 12431.8
88 481854 3.04796e+06 -559060 -481854 -3.04796e+06 -1.36835e+06 -455756 6.04263e+06 689882 455756 -6.04263e+06 1.13314e+06 -26097.4 -176190 116964 26097.4 176190 -12574.7 481854 3.04796e+06 1.36835e+06 -481854 3.55204e+06 -2.62858e+06 26097.4 730590 1.49544e+06 -26097.4 -176190 12574.7
89 487329 3.08259e+06 -565413 -487329 -3.08259e+06 -1.3839e+06 -460935 6.1113e+06 697722 460935 -6.1113e+06 1.14602e+06 -26394 -178192 118294 26394 178192 -12717.6 487329 3.08259e+06 1.3839e+06 -487329 3.59241e+06 -2.65845e+06 26394 738892 1.51243e+06 -26394 -178192 12717.6
90 492805 3.11723e+06 -571766 -492805 -3.11723e+06 -1.39945e+06 -466114 6.17997e+06 705561 466114 -6.17997e+06 1.1589e+06 -26690.5 -180194 119623 26690.5 180194 -12860.5 492805 3.11723e+06 1.39945e+06 -492805 3.63277e+06 -2.68832e+06 26690.5 747194 1.52942e+06 -26690.5 -180194 12860.5
91 498281 3.15186e+06 -578119 -498281 -3.15186e+06 -1.415e+06 -471293 6.24863e+06 713401 471293 -6.24863e+06 1.17177e+06 -26987.1 -182196 120952 26987.1 182196 -13003.4 498281 3.15186e+06 1.415e+06 -498281 3.67314e+06 -2.71819e+06 26987.1 755496 1.54642e+06 -26987.1 -182196 13003.4
92 503756 3.1865e+06 -584472 -503756 -3.1865e+06 -1.43055e+06 -476472 6.3173e+06 721240 476472 -6.3173e+06 1.18465e+06 -27283.7 -184199 122281 27283.7 184199 -13146.3 503756 3.1865e+06 1.43055e+06 -503756 3.7135e+06 -2.74806e+06 27283.7 763799 1.56341e+06 -27283.7 -184199 13146.3
93 509232 3.22113e+06 -590825 -509232 -3.22113e+06 -1.4461e+06 -481652 6.38597e+06 729080 481652 -6.38597e+06 1.19753e+06 -27580.2 -186201 123610 27580.2 186201 -13289.2 509232 3.22113e+06 1.4461e+06 -509232 3.75387e+06 -2.77793e+06 27580.2 772101 1.5804e+06 -27580.2 -186201 13289.2
94 514707 3.25577e+06 -597178 -514707 -3.25577e+06 -1.46165e+06 -486831 6.45463e+06 736919 486831 -6.45463e+06 1.2104e+06 -27876.8 -188203 124939 27876.8 188203 -13432.1 514707 3.25577e+06 1.46165e+06 -514707 3.79423e+06 -2.8078e+06 27876.8 780403 1.5974e+06 -27876.8 -188203 13432.1
95 520183 3.29041e+06 -603531 -520183 -3.29041e+06 -1.4772e+06 -492010 6.5233e+06 744759 492010 -6.5233e+06 1.22328e+06 -28173.4 -190205 126268 28173.4 190205 -13575 520183 3.29041e+06 1.4772e+06 -520183 3.83459e+06 -2.83767e+06 28173.4 788705 1.61439e+06 -28173.4 -190205 13575
96 525659 3.32504e+06 -609884 -525659 -3.32504e+06 -1.49275e+06 -497189 6.59197e+06 752599 497189 -6.59197e+06 1.23616e+06 -28469.9 -192207 127597 28469.9 192207 -13717.9 525659 3.32504e+06 1.49275e+06 -525659 3.87496e+06 -2.86754e+06 28469.9 797007 1.63138e+06 -28469.9 -192207 13717.9
97 531134 3.35968e+06 -616237 -531134 -3.35968e+06 -1.5083e+06 -502368 6.66063e+06 760438 502368 -6.66063e+06 1.24903e+06 -28766.5 -194209 128927 28766.5 194209 -13860.7 531134 3.35968e+06 1.5083e+06 -531134 3.91532e+06 -2.89741e+06 28766.5 805309 1.64838e+06 -28766.5 -194209 13860.7
98 536610 3.39431e+06 -622590 -536610 -3.39431e+06 -1.52385e+06 -507547 6.7293e+06 768278 507547 -6.7293e+06 1.26191e+06 -29063 -196211 130256 29063 196211 -14003.6 536610 3.39431e+06 1.52385e+06 -536610 3.95569e+06 -2.92728e+06 29063 813611 1.66537e+06 -29063 -196211 14003.6
99 542085 3.42895e+06 -628942 -542085 -3.42895e+06 -1.5394e+06 -512726 6.79796e+06 776117 512726 -6.79796e+06 1.27479e+06 -29359.6 -198214 131585 29359.6 198214 -14146.5 542085 3.42895e+06 1.5394e+06 -542085 3.99605e+06 -2.95715e+06 29359.6 821914 1.68236e+06 -29359.6 -198214 14146.5
100 547561 3.46359e+06 -635295 -547561 -3.46359e+06 -1.55495e+06 -517905 6.86663e+06 783957 517905 -6.86663e+06 1.28766e+06 -29656.2 -200216 132914 29656.2 200216 -14289.4 547561 3.46359e+06 1.55495e+06 -547561 4.03641e+06 -2.98702e+06 29656.2 830216 1.69936e+06 -29656.2 -200216 14289.4
