1 5475.61 34635.9 -6352.95 -5179.05 68666.3 7839.57 -296.562 -2002.16 1329.14 -2.09184e-11 -7.27596e-12 -1.27329e-11 -1.08002e-12 -2.36469e-11 -7.27596e-12 -3.75167e-11 2.50111e-12 -1.81899e-12
2 10951.2 69271.7 -12705.9 -10358.1 137333 15679.1 -593.123 -4004.32 2658.28 -2.36469e-11 0 -7.27596e-12 -1.24942e-10 -3.63798e-11 7.27596e-12 8.81073e-11 1.81899e-12 -4.77485e-12
3 16426.8 103908 -19058.9 -15537.1 205999 23518.7 -889.685 -6006.47 3987.42 1.41881e-10 -2.91038e-11 -2.18279e-11 -3.48336e-10 -2.18279e-11 1.45519e-11 1.42563e-10 -2.72848e-12 6.36646e-12
4 21902.4 138543 -25411.8 -20716.2 274665 31358.3 -1186.25 -8008.63 5316.56 -2.54659e-11 0 -1.45519e-11 6.11635e-11 0 0 -9.20863e-11 -7.27596e-12 6.36646e-12
5 27378.1 173179 -31764.8 -25895.2 343332 39197.8 -1482.81 -10010.8 6645.7 -2.07365e-10 0 0 1.79625e-10 -5.82077e-11 -2.91038e-11 -3.9563e-11 1.09139e-11 -2.72848e-11
6 32853.7 207815 -38117.7 -31074.3 411998 47037.4 -1779.37 -12012.9 7974.84 -2.91038e-11 0 1.45519e-11 2.41698e-10 2.18279e-11 0 -2.71484e-10 -1.09139e-11 1.72804e-11
7 38329.3 242451 -44470.7 -36253.3 480664 54877 -2075.93 -14015.1 9303.98 -2.03727e-10 5.82077e-11 5.82077e-11 6.63931e-10 4.36557e-11 1.16415e-10 -5.07043e-10 -1.09139e-11 -1.81899e-12
8 43804.9 277087 -50823.6 -41432.4 549330 62716.5 -2372.49 -16017.3 10633.1 -3.63798e-11 0 -1.01863e-10 1.36879e-10 -4.36557e-11 -1.45519e-10 -1.59616e-10 1.81899e-12 9.09495e-13
9 49280.5 311723 -57176.6 -46611.4 617997 70556.1 -2669.05 -18019.4 11962.3 1.38243e-10 -5.82077e-11 0 -3.75621e-10 1.01863e-10 5.82077e-11 1.72804e-10 -1.09139e-11 1.45519e-11
10 54756.1 346359 -63529.5 -51790.5 686663 78395.7 -2965.62 -20021.6 13291.4 3.12866e-10 5.82077e-11 2.91038e-11 -3.10138e-10 -1.30967e-10 -2.91038e-11 -5.91172e-11 4.36557e-11 -4.72937e-11
11 60231.7 380994 -69882.5 -56969.5 755329 86235.2 -3262.18 -22023.7 14620.5 -2.32831e-10 0 0 4.53838e-10 2.91038e-11 5.82077e-11 -2.90129e-10 -3.63798e-11 5.82077e-11
12 65707.3 415630 -76235.5 -62148.6 823996 94074.8 -3558.74 -24025.9 15949.7 6.40284e-10 0 -2.91038e-11 -1.32786e-09 -2.91038e-11 -5.82077e-11 6.28461e-10 3.27418e-11 -6.18456e-11
13 71182.9 450266 -82588.4 -67327.6 892662 101914 -3855.3 -26028.1 17278.8 1.45519e-10 5.82077e-11 5.82077e-11 -5.71163e-10 1.45519e-11 2.91038e-11 4.01542e-10 -2.91038e-11 4.91127e-11
14 76658.5 484902 -88941.4 -72506.7 961328 109754 -4151.86 -28030.2 18608 2.91038e-10 -5.82077e-11 8.73115e-11 -5.27507e-10 -5.82077e-11 8.73115e-11 1.54614e-10 0 -1.27329e-11
15 82134.2 519538 -95294.3 -77685.7 1.02999e+06 117594 -4448.42 -30032.4 19937.1 -2.32831e-10 -5.82077e-11 -5.82077e-11 2.43745e-10 -1.45519e-11 -8.73115e-11 -6.36646e-11 -2.54659e-11 2.72848e-11
16 87609.8 554174 -101647 -82864.8 1.09866e+06 125433 -4744.99 -32034.5 21266.2 -4.36557e-11 0 0 3.02862e-10 -1.45519e-10 -1.16415e-10 -3.11957e-10 7.63976e-11 -1.0732e-10
17 93085.4 588810 -108000 -88043.8 1.16733e+06 133273 -5041.55 -34036.7 22595.4 -5.52973e-10 1.16415e-10 1.16415e-10 2.23008e-09 -1.16415e-10 5.82077e-11 -1.69894e-09 -5.09317e-11 6.36646e-11
18 98561 623445 -114353 -93222.9 1.23599e+06 141112 -5338.11 -36038.8 23924.5 2.91038e-10 -1.16415e-10 -5.82077e-11 -7.22139e-10 -8.73115e-11 0 3.65617e-10 1.45519e-11 1.09139e-11
19 104037 658081 -120706 -98401.9 1.30466e+06 148952 -5634.67 -38041 25253.7 -2.47383e-10 1.16415e-10 -5.82077e-11 3.45608e-11 1.45519e-10 1.16415e-10 1.30058e-10 -5.09317e-11 5.82077e-11
20 109512 692717 -127059 -103581 1.37333e+06 156791 -5931.23 -40043.2 26582.8 -7.71252e-10 0 5.82077e-11 8.05812e-10 -3.20142e-10 -1.16415e-10 -9.45874e-11 1.16415e-10 -1.41881e-10
21 114988 727353 -133412 -108760 1.44199e+06 164631 -6227.79 -42045.3 27912 1.01863e-10 -1.16415e-10 0 1.65528e-10 5.82077e-11 -5.82077e-11 -3.21961e-10 -2.91038e-11 5.09317e-11
22 120463 761989 -139765 -113939 1.51066e+06 172470 -6524.35 -44047.5 29241.1 -4.36557e-10 1.16415e-10 -5.82077e-11 9.51331e-10 -2.03727e-10 5.82077e-11 -5.60249e-10 -2.18279e-11 3.27418e-11
23 125939 796625 -146118 -119118 1.57932e+06 180310 -6820.92 -46049.6 30570.2 4.22006e-10 0 -5.82077e-11 2.97405e-10 1.45519e-10 -5.82077e-11 -8.05812e-10 2.91038e-11 -5.45697e-11
24 131415 831261 -152471 -124297 1.64799e+06 188150 -7117.48 -48051.8 31899.4 -8.73115e-11 0 0 1.0541e-09 0 5.82077e-11 -1.0341e-09 -7.27596e-12 1.45519e-11
25 136890 865896 -158824 -129476 1.71666e+06 195989 -7414.04 -50054 33228.5 7.567e-10 0 -1.16415e-10 -1.88447e-09 -5.82077e-11 5.82077e-11 1.04956e-09 -1.45519e-11 2.91038e-11
26 142366 900532 -165177 -134655 1.78532e+06 203829 -7710.6 -52056.1 34557.7 2.91038e-10 1.16415e-10 1.16415e-10 -1.14233e-09 2.32831e-10 5.82077e-11 8.16726e-10 -2.91038e-11 2.91038e-11
27 147841 935168 -171530 -139834 1.85399e+06 211668 -8007.16 -54058.3 35886.8 -2.32831e-10 -1.16415e-10 5.82077e-11 1.91267e-09 -5.82077e-11 5.82077e-11 -1.73804e-09 -2.18279e-11 7.27596e-12
28 153317 969804 -177883 -145013 1.92266e+06 219508 -8303.72 -56060.4 37215.9 6.40284e-10 1.16415e-10 1.16415e-10 -9.96806e-10 0 0 3.45608e-10 1.01863e-10 -1.09139e-10
29 158793 1.00444e+06 -184236 -150192 1.99132e+06 227347 -8600.29 -58062.6 38545.1 0 -1.16415e-10 -2.32831e-10 -2.54659e-10 -2.32831e-10 -1.16415e-10 1.16415e-10 -7.27596e-12 2.54659e-11
30 164268 1.03908e+06 -190589 -155371 2.05999e+06 235187 -8896.85 -60064.7 39874.2 9.60426e-10 -1.16415e-10 -5.82077e-11 -8.51287e-10 4.94765e-10 5.82077e-11 -1.18234e-10 -1.01863e-10 1.30967e-10
31 169744 1.07371e+06 -196942 -160551 2.12866e+06 243027 -9193.41 -62066.9 41203.4 4.36557e-10 2.32831e-10 0 -1.65528e-10 5.82077e-11 -2.32831e-10 -3.81988e-10 8.73115e-11 -6.54836e-11
32 175220 1.10835e+06 -203295 -165730 2.19732e+06 250866 -9489.97 -64069.1 42532.5 -2.91038e-11 0 1.16415e-10 6.63931e-10 -2.91038e-10 -2.32831e-10 -6.02085e-10 1.23691e-10 -1.78261e-10
33 180695 1.14298e+06 -209647 -170909 2.26599e+06 258706 -9786.53 -66071.2 43861.6 -6.40284e-10 0 -1.74623e-10 -9.3678e-10 5.82077e-11 1.16415e-10 1.46429e-09 -5.82077e-11 1.16415e-10
34 186171 1.17762e+06 -216000 -176088 2.33465e+06 266545 -10083.1 -68073.4 45190.8 -1.13505e-09 0 -1.16415e-10 4.46016e-09 -3.49246e-10 -1.16415e-10 -3.39787e-09 7.27596e-11 -6.18456e-11
35 191646 1.21225e+06 -222353 -181267 2.40332e+06 274385 -10379.7 -70075.5 46519.9 -2.91038e-10 -2.32831e-10 -1.16415e-10 3.86535e-09 1.74623e-10 0 -3.6398e-09 -4.36557e-11 4.72937e-11
36 197122 1.24689e+06 -228706 -186446 2.47199e+06 282224 -10676.2 -72077.7 47849.1 5.82077e-10 0 -1.16415e-10 -1.44428e-09 -1.74623e-10 0 7.42148e-10 1.45519e-11 3.63798e-11
37 202598 1.28153e+06 -235059 -191625 2.54065e+06 290064 -10972.8 -74079.9 49178.2 1.42609e-09 0 0 -2.04091e-09 3.49246e-10 -2.32831e-10 5.23869e-10 7.27596e-11 -1.16415e-10
38 208073 1.31616e+06 -241412 -196804 2.60932e+06 297904 -11269.3 -76082 50507.3 -4.36557e-10 2.32831e-10 2.32831e-10 9.82254e-11 -1.74623e-10 5.82077e-10 2.98314e-10 -1.30967e-10 1.89175e-10
39 213549 1.3508e+06 -247765 -201983 2.67799e+06 305743 -11565.9 -78084.2 51836.5 3.7835e-10 0 -1.16415e-10 -4.98403e-10 -3.49246e-10 -4.65661e-10 7.45786e-11 1.74623e-10 -2.11003e-10
40 219024 1.38543e+06 -254118 -207162 2.74665e+06 313583 -11862.5 -80086.3 53165.6 1.28057e-09 0 0 -1.18234e-09 -5.82077e-11 0 -1.72804e-10 4.36557e-11 -6.54836e-11
41 224500 1.42007e+06 -260471 -212341 2.81532e+06 321422 -12159 -82088.5 54494.8 -6.69388e-10 0 0 9.85892e-10 -2.32831e-10 2.32831e-10 -3.91083e-10 -1.16415e-10 1.81899e-10
42 229976 1.45471e+06 -266824 -217520 2.88398e+06 329262 -12455.6 -84090.6 55823.9 2.61934e-10 -2.32831e-10 1.16415e-10 3.6016e-10 4.65661e-10 -3.49246e-10 -6.33008e-10 1.01863e-10 -1.30967e-10
43 235451 1.48934e+06 -273177 -222699 2.95265e+06 337101 -12752.1 -86092.8 57153 -1.71713e-09 2.32831e-10 -1.16415e-10 2.5575e-09 -1.16415e-10 4.65661e-10 -8.78572e-10 -8.73115e-11 5.09317e-11
44 240927 1.52398e+06 -279530 -227878 3.02132e+06 344941 -13048.7 -88095 58482.2 -8.14907e-10 0 1.16415e-10 1.87356e-09 5.82077e-11 0 -1.10958e-09 -7.27596e-11 1.45519e-10
45 246402 1.55861e+06 -285883 -233057 3.08998e+06 352781 -13345.3 -90097.1 59811.3 2.91038e-11 0 -1.16415e-10 1.24783e-09 -3.49246e-10 -1.16415e-10 -1.35879e-09 7.27596e-11 -8.00355e-11
46 251878 1.59325e+06 -292236 -238236 3.15865e+06 360620 -13641.8 -92099.3 61140.5 9.02219e-10 0 1.16415e-10 6.23913e-10 2.91038e-10 0 -1.59707e-09 1.45519e-11 -8.00355e-11
47 257354 1.62789e+06 -298589 -243415 3.22732e+06 368460 -13938.4 -94101.4 62469.6 -1.04774e-09 -2.32831e-10 -2.32831e-10 -1.86265e-09 2.32831e-10 0 2.82125e-09 0 -2.91038e-11
48 262829 1.66252e+06 -304942 -248594 3.29598e+06 376299 -14235 -96103.6 63798.7 -1.74623e-10 2.32831e-10 -1.16415e-10 -2.57569e-09 -1.16415e-10 -2.32831e-10 2.58115e-09 2.91038e-11 7.27596e-12
49 268305 1.69716e+06 -311295 -253773 3.36465e+06 384139 -14531.5 -98105.7 65127.9 -1.97906e-09 0 3.49246e-10 4.30555e-09 -2.91038e-10 2.32831e-10 -2.26464e-09 -5.82077e-11 1.09139e-10
50 273781 1.73179e+06 -317648 -258952 3.43332e+06 391978 -14828.1 -100108 66457 -1.22236e-09 0 -2.32831e-10 -9.74978e-10 -2.32831e-10 1.16415e-10 2.09729e-09 8.73115e-11 -1.96451e-10
51 279256 1.76643e+06 -324001 -264131 3.50198e+06 399818 -15124.6 -102110 67786.2 -3.49246e-10 0 0 3.02498e-09 4.65661e-10 1.16415e-10 -2.73576e-09 -2.91038e-11 8.00355e-11
52 284732 1.80106e+06 -330354 -269311 3.57065e+06 407658 -15421.2 -104112 69115.3 -2.21189e-09 0 0 5.19321e-09 4.65661e-10 0 -2.97041e-09 -1.16415e-10 1.01863e-10
53 290207 1.8357e+06 -336707 -274490 3.63931e+06 415497 -15717.8 -106114 70444.5 1.39698e-09 0 1.16415e-10 -2.91038e-09 0 0 1.39153e-09 -7.27596e-11 1.52795e-10
54 295683 1.87034e+06 -343060 -279669 3.70798e+06 423337 -16014.3 -108117 71773.6 -4.65661e-10 0 -1.16415e-10 3.88354e-09 -2.91038e-10 -4.65661e-10 -3.46517e-09 1.45519e-10 -2.18279e-10
55 301159 1.90497e+06 -349412 -284848 3.77665e+06 431176 -16310.9 -110119 73102.7 4.07454e-10 0 1.16415e-10 -1.36788e-09 8.14907e-10 2.32831e-10 9.1859e-10 -5.82077e-11 6.54836e-11
56 306634 1.93961e+06 -355765 -290027 3.84531e+06 439016 -16607.4 -112121 74431.9 1.33878e-09 2.32831e-10 6.98492e-10 -1.99361e-09 -3.49246e-10 5.82077e-10 6.91216e-10 1.01863e-10 -1.09139e-10
57 312110 1.97424e+06 -362118 -295206 3.91398e+06 446855 -16904 -114123 75761 -6.98492e-10 0 -3.49246e-10 4.74392e-09 -3.49246e-10 -9.31323e-10 -4.1473e-09 3.20142e-10 -4.58385e-10
58 317585 2.00888e+06 -368471 -300385 3.98265e+06 454695 -17200.6 -116125 77090.2 1.74623e-10 2.32831e-10 4.65661e-10 -4.51109e-10 -3.49246e-10 3.49246e-10 2.61934e-10 -1.60071e-10 2.32831e-10
59 323061 2.04352e+06 -374824 -305564 4.05131e+06 462535 -17497.1 -118127 78419.3 1.04774e-09 -2.32831e-10 -1.16415e-10 -1.07684e-09 4.65661e-10 -2.32831e-10 3.63798e-12 -1.30967e-10 1.01863e-10
60 328537 2.07815e+06 -381177 -310743 4.11998e+06 470374 -17793.7 -120129 79748.4 1.86265e-09 0 -1.16415e-10 -1.64437e-09 5.82077e-10 5.82077e-10 -2.65572e-10 -1.60071e-10 1.89175e-10
61 334012 2.11279e+06 -387530 -315922 4.18864e+06 478214 -18090.3 -122132 81077.6 -5.82077e-11 4.65661e-10 -2.32831e-10 3.52884e-10 -3.49246e-10 -6.98492e-10 -4.83851e-10 1.89175e-10 -2.54659e-10
62 339488 2.14742e+06 -393883 -321101 4.25731e+06 486053 -18386.8 -124134 82406.7 8.73115e-10 -4.65661e-10 0 -1.56433e-10 2.91038e-10 2.32831e-10 -7.09406e-10 -2.91038e-11 9.45874e-11
63 344963 2.18206e+06 -400236 -326280 4.32598e+06 493893 -18683.4 -126136 83735.9 1.74623e-09 4.65661e-10 0 -8.98581e-10 0 -4.65661e-10 -9.7134e-10 1.30967e-10 -2.98314e-10
64 350439 2.21669e+06 -406589 -331459 4.39464e+06 501732 -18979.9 -128138 85065 -5.82077e-11 0 2.32831e-10 -3.29965e-09 -2.32831e-10 0 3.45608e-09 -1.16415e-10 1.89175e-10
65 355915 2.25133e+06 -412942 -336638 4.46331e+06 509572 -19276.5 -130140 86394.1 7.567e-10 0 2.32831e-10 6.43922e-10 -2.32831e-10 6.98492e-10 -1.47338e-09 -1.45519e-10 1.96451e-10
66 361390 2.28597e+06 -419295 -341817 4.53198e+06 517411 -19573.1 -132142 87723.3 1.5134e-09 0 -3.49246e-10 1.81899e-11 6.98492e-10 -4.65661e-10 -1.67711e-09 2.61934e-10 -2.91038e-10
67 366866 2.3206e+06 -425648 -346996 4.60064e+06 525251 -19869.6 -134145 89052.4 2.44472e-09 0 5.82077e-10 -5.17684e-09 -1.16415e-10 4.65661e-10 2.74667e-09 2.91038e-11 9.45874e-11
68 372341 2.35524e+06 -432001 -352175 4.66931e+06 533091 -20166.2 -136147 90381.6 -2.15368e-09 0 0 8.92032e-09 -3.49246e-10 -9.31323e-10 -6.71571e-09 1.45519e-10 -8.00355e-11
69 377817 2.38987e+06 -438354 -357354 4.73797e+06 540930 -20462.7 -138149 91710.7 -1.45519e-09 0 2.32831e-10 -8.98581e-10 -1.16415e-10 4.65661e-10 2.23736e-09 0 9.45874e-11
70 383293 2.42451e+06 -444707 -362533 4.80664e+06 548770 -20759.3 -140151 93039.8 -5.82077e-10 0 -6.98492e-10 7.6725e-09 2.32831e-10 -4.65661e-10 -7.2323e-09 -1.16415e-10 7.27596e-11
71 388768 2.45915e+06 -451060 -367712 4.87531e+06 556609 -21055.9 -142153 94369 2.32831e-10 0 0 -2.15005e-09 1.16415e-10 4.65661e-10 1.76442e-09 1.16415e-10 -2.32831e-10
72 394244 2.49378e+06 -457413 -372891 4.94397e+06 564449 -21352.4 -144155 95698.1 -4.36557e-09 0 0 1.20672e-08 -4.65661e-10 -4.65661e-10 -7.66886e-09 -8.73115e-11 1.60071e-10
73 399720 2.52842e+06 -463766 -378071 5.01264e+06 572288 -21649 -146158 97027.3 2.03727e-09 4.65661e-10 2.32831e-10 -3.39787e-09 4.65661e-10 4.65661e-10 1.29148e-09 2.91038e-11 -1.60071e-10
74 405195 2.56305e+06 -470119 -383250 5.08131e+06 580128 -21945.6 -148160 98356.4 -2.67755e-09 -4.65661e-10 -2.32831e-10 1.44792e-09 6.98492e-10 -4.65661e-10 1.1205e-09 5.82077e-11 5.82077e-11
75 410671 2.59769e+06 -476472 -388429 5.14997e+06 587968 -22242.1 -150162 99685.5 3.7835e-09 4.65661e-10 2.32831e-10 -4.64934e-09 -1.16415e-09 2.32831e-10 8.62201e-10 8.73115e-11 -2.18279e-10
76 416146 2.63233e+06 -482825 -393608 5.21864e+06 595807 -22538.7 -152164 101015 -8.73115e-10 -4.65661e-10 0 1.96451e-10 4.65661e-10 -2.32831e-10 6.51198e-10 -2.91038e-10 6.25732e-10
77 421622 2.66696e+06 -489177 -398787 5.28731e+06 603647 -22835.2 -154166 102344 5.82077e-11 4.65661e-10 6.98492e-10 -3.12866e-10 -6.98492e-10 6.98492e-10 3.45608e-10 0 -1.01863e-10
78 427098 2.7016e+06 -495530 -403966 5.35597e+06 611486 -23131.8 -156168 103673 -4.77303e-09 0 -2.32831e-10 4.53292e-09 4.65661e-10 0 1.34605e-10 1.74623e-10 -3.34694e-10
79 432573 2.73623e+06 -501883 -409145 5.42464e+06 619326 -23428.4 -158170 105002 1.68802e-09 -4.65661e-10 -6.98492e-10 -1.68075e-09 9.31323e-10 -6.98492e-10 -7.63976e-11 -5.82077e-11 1.01863e-10
80 438049 2.77087e+06 -508236 -414324 5.4933e+06 627165 -23724.9 -160173 106331 2.50293e-09 4.65661e-10 2.32831e-10 -2.36469e-09 -1.04774e-09 0 -3.56522e-10 1.74623e-10 -1.60071e-10
81 443524 2.8055e+06 -514589 -419503 5.56197e+06 635005 -24021.5 -162175 107660 -2.15368e-09 0 -2.32831e-10 2.65572e-09 5.82077e-10 2.32831e-10 -5.27507e-10 -2.32831e-10 2.76486e-10
82 449000 2.84014e+06 -520942 -424682 5.63064e+06 642845 -24318.1 -164177 108990 -1.28057e-09 0 2.32831e-10 1.97178e-09 -6.98492e-10 0 -8.07631e-10 8.73115e-11 -5.82077e-11
83 454476 2.87478e+06 -527295 -429861 5.6993e+06 650684 -24614.6 -166179 110319 -4.07454e-10 -4.65661e-10 -6.98492e-10 1.34605e-09 1.16415e-09 -4.65661e-10 -1.01136e-09 -1.16415e-10 -1.45519e-11
84 459951 2.90941e+06 -533648 -435040 5.76797e+06 658524 -24911.2 -168181 111648 -5.18048e-09 0 0 6.25005e-09 1.16415e-10 -2.32831e-10 -1.28784e-09 1.74623e-10 -1.89175e-10
85 465427 2.94405e+06 -540001 -440219 5.83664e+06 666363 -25207.7 -170183 112977 -4.13274e-09 0 0 5.62432e-09 -4.65661e-10 -2.32831e-10 -1.437e-09 2.03727e-10 -1.89175e-10
86 470902 2.97868e+06 -546354 -445398 5.9053e+06 674203 -25504.3 -172186 114306 -3.37604e-09 4.65661e-10 2.32831e-10 5.115e-09 -2.32831e-10 9.31323e-10 -1.71713e-09 -1.45519e-10 2.03727e-10
87 476378 3.01332e+06 -552707 -450577 5.97397e+06 682042 -25800.9 -174188 115635 -2.38651e-09 -4.65661e-10 2.32831e-10 4.37285e-09 -9.31323e-10 -2.32831e-10 -1.94268e-09 -5.82077e-11 1.16415e-10
88 481854 3.04796e+06 -559060 -455756 6.04263e+06 689882 -26097.4 -176190 116964 -1.74623e-09 4.65661e-10 -2.32831e-10 3.80533e-09 1.16415e-10 2.32831e-10 -2.21917e-09 -8.73115e-11 1.60071e-10
89 487329 3.08259e+06 -565413 -460935 6.1113e+06 697722 -26394 -178192 118294 -8.14907e-10 -4.65661e-10 -2.32831e-10 3.17959e-09 2.32831e-10 0 -2.42289e-09 1.16415e-10 -5.82077e-11
90 492805 3.11723e+06 -571766 -466114 6.17997e+06 705561 -26690.5 -180194 119623 5.82077e-11 4.65661e-10 -2.32831e-10 -6.75573e-09 -6.98492e-10 -2.32831e-10 6.59566e-09 5.82077e-11 -2.91038e-11
91 498281 3.15186e+06 -578119 -471293 6.24863e+06 713401 -26987.1 -182196 120952 9.31323e-10 0 0 -7.43967e-09 5.82077e-10 -2.32831e-10 6.35555e-09 5.82077e-11 -1.74623e-10
92 503756 3.1865e+06 -584472 -476472 6.3173e+06 721240 -27283.7 -184199 122281 -3.66708e-09 0 2.32831e-10 6.89397e-09 5.82077e-10 2.32831e-10 -3.11047e-09 0 1.45519e-11
93 509232 3.22113e+06 -590825 -481652 6.38597e+06 729080 -27580.2 -186201 123610 2.61934e-09 0 -2.32831e-10 6.22094e-10 2.32831e-10 4.65661e-10 -3.38332e-09 -2.03727e-10 3.92902e-10
94 514707 3.25577e+06 -597178 -486831 6.45463e+06 736919 -27876.8 -188203 124939 -1.97906e-09 -4.65661e-10 0 5.5843e-09 3.49246e-10 0 -3.60887e-09 1.74623e-10 -1.89175e-10
95 520183 3.29041e+06 -603531 -492010 6.5233e+06 744759 -28173.4 -190205 126268 -1.10595e-09 0 0 4.84215e-09 0 -6.98492e-10 -3.84171e-09 -1.16415e-10 8.73115e-11
96 525659 3.32504e+06 -609884 -497189 6.59197e+06 752599 -28469.9 -192207 127597 -1.16415e-10 4.65661e-10 4.65661e-10 4.21642e-09 -2.32831e-10 0 -4.11455e-09 2.03727e-10 -1.74623e-10
97 531134 3.35968e+06 -616237 -502368 6.66063e+06 760438 -28766.5 -194209 128927 6.98492e-10 0 2.32831e-10 3.64889e-09 0 4.65661e-10 -4.32556e-09 -2.32831e-10 2.91038e-11
98 536610 3.39431e+06 -622590 -507547 6.7293e+06 768278 -29063 -196211 130256 1.39698e-09 0 4.65661e-10 3.13958e-09 -5.82077e-10 4.65661e-10 -4.55111e-09 0 1.89175e-10
99 542085 3.42895e+06 -628942 -512726 6.79796e+06 776117 -29359.6 -198214 131585 2.21189e-09 0 -6.98492e-10 -6.91216e-09 5.82077e-10 -4.65661e-10 4.48563e-09 2.91038e-11 -4.36557e-11
100 547561 3.46359e+06 -635295 -517905 6.86663e+06 783957 -29656.2 -200216 132914 -2.21189e-09 0 -2.32831e-10 7.30142e-09 -4.65661e-10 2.32831e-10 -5.0095e-09 1.45519e-10 -5.82077e-11
