1 -1.39235e-05 1.73265e-05 1.05206e-05 -1.39235e-05 -9.375e-05 -0.000100556 4.16667e-05 -9.07454e-06 3.25921e-05 -0.00025 -8.33333e-05 1.81491e-05 -6.51842e-05 -0.00025
2 -2.7847e-05 3.4653e-05 2.10411e-05 -2.7847e-05 -0.0001875 -0.000201112 8.33333e-05 -1.81491e-05 6.51842e-05 -0.0005 -0.000166667 3.62982e-05 -0.000130368 -0.0005
3 -4.17706e-05 5.19794e-05 3.15617e-05 -4.17706e-05 -0.00028125 -0.000301668 0.000125 -2.72236e-05 9.77764e-05 -0.00075 -0.00025 5.44473e-05 -0.000195553 -0.00075
4 -5.56941e-05 6.93059e-05 4.20823e-05 -5.56941e-05 -0.000375 -0.000402224 0.000166667 -3.62982e-05 0.000130368 -0.001 -0.000333333 7.25963e-05 -0.000260737 -0.001
5 -6.96176e-05 8.66324e-05 5.26028e-05 -6.96176e-05 -0.00046875 -0.00050278 0.000208333 -4.53727e-05 0.000162961 -0.00125 -0.000416667 9.07454e-05 -0.000325921 -0.00125
6 -8.35411e-05 0.000103959 6.31234e-05 -8.35411e-05 -0.0005625 -0.000603335 0.00025 -5.44473e-05 0.000195553 -0.0015 -0.0005 0.000108895 -0.000391105 -0.0015
7 -9.74647e-05 0.000121285 7.3644e-05 -9.74647e-05 -0.00065625 -0.000703891 0.000291667 -6.35218e-05 0.000228145 -0.00175 -0.000583333 0.000127044 -0.00045629 -0.00175
8 -0.000111388 0.000138612 8.41646e-05 -0.000111388 -0.00075 -0.000804447 0.000333333 -7.25963e-05 0.000260737 -0.002 -0.000666667 0.000145193 -0.000521474 -0.002
9 -0.000125312 0.000155938 9.46851e-05 -0.000125312 -0.00084375 -0.000905003 0.000375 -8.16709e-05 0.000293329 -0.00225 -0.00075 0.000163342 -0.000586658 -0.00225
10 -0.000139235 0.000173265 0.000105206 -0.000139235 -0.0009375 -0.00100556 0.000416667 -9.07454e-05 0.000325921 -0.0025 -0.000833333 0.000181491 -0.000651842 -0.0025
11 -0.000153159 0.000190591 0.000115726 -0.000153159 -0.00103125 -0.00110611 0.000458333 -9.982e-05 0.000358513 -0.00275 -0.000916667 0.00019964 -0.000717027 -0.00275
12 -0.000167082 0.000207918 0.000126247 -0.000167082 -0.001125 -0.00120667 0.0005 -0.000108895 0.000391105 -0.003 -0.001 0.000217789 -0.000782211 -0.003
13 -0.000181006 0.000225244 0.000136767 -0.000181006 -0.00121875 -0.00130723 0.000541667 -0.000117969 0.000423698 -0.00325 -0.00108333 0.000235938 -0.000847395 -0.00325
14 -0.000194929 0.000242571 0.000147288 -0.000194929 -0.0013125 -0.00140778 0.000583333 -0.000127044 0.00045629 -0.0035 -0.00116667 0.000254087 -0.000912579 -0.0035
15 -0.000208853 0.000259897 0.000157809 -0.000208853 -0.00140625 -0.00150834 0.000625 -0.000136118 0.000488882 -0.00375 -0.00125 0.000272236 -0.000977764 -0.00375
16 -0.000222776 0.000277224 0.000168329 -0.000222776 -0.0015 -0.00160889 0.000666667 -0.000145193 0.000521474 -0.004 -0.00133333 0.000290385 -0.00104295 -0.004
17 -0.0002367 0.00029455 0.00017885 -0.0002367 -0.00159375 -0.00170945 0.000708333 -0.000154267 0.000554066 -0.00425 -0.00141667 0.000308534 -0.00110813 -0.00425
18 -0.000250623 0.000311877 0.00018937 -0.000250623 -0.0016875 -0.00181001 0.00075 -0.000163342 0.000586658 -0.0045 -0.0015 0.000326684 -0.00117332 -0.0045
19 -0.000264547 0.000329203 0.000199891 -0.000264547 -0.00178125 -0.00191056 0.000791667 -0.000172416 0.00061925 -0.00475 -0.00158333 0.000344833 -0.0012385 -0.00475
20 -0.00027847 0.00034653 0.000210411 -0.00027847 -0.001875 -0.00201112 0.000833333 -0.000181491 0.000651842 -0.005 -0.00166667 0.000362982 -0.00130368 -0.005
21 -0.000292394 0.000363856 0.000220932 -0.000292394 -0.00196875 -0.00211167 0.000875 -0.000190565 0.000684435 -0.00525 -0.00175 0.000381131 -0.00136887 -0.00525
22 -0.000306318 0.000381182 0.000231453 -0.000306318 -0.0020625 -0.00221223 0.000916667 -0.00019964 0.000717027 -0.0055 -0.00183333 0.00039928 -0.00143405 -0.0055
23 -0.000320241 0.000398509 0.000241973 -0.000320241 -0.00215625 -0.00231279 0.000958333 -0.000208715 0.000749619 -0.00575 -0.00191667 0.000417429 -0.00149924 -0.00575
24 -0.000334165 0.000415835 0.000252494 -0.000334165 -0.00225 -0.00241334 0.001 -0.000217789 0.000782211 -0.006 -0.002 0.000435578 -0.00156442 -0.006
25 -0.000348088 0.000433162 0.000263014 -0.000348088 -0.00234375 -0.0025139 0.00104167 -0.000226864 0.000814803 -0.00625 -0.00208333 0.000453727 -0.00162961 -0.00625
26 -0.000362012 0.000450488 0.000273535 -0.000362012 -0.0024375 -0.00261445 0.00108333 -0.000235938 0.000847395 -0.0065 -0.00216667 0.000471876 -0.00169479 -0.0065
27 -0.000375935 0.000467815 0.000284055 -0.000375935 -0.00253125 -0.00271501 0.001125 -0.000245013 0.000879987 -0.00675 -0.00225 0.000490025 -0.00175997 -0.00675
28 -0.000389859 0.000485141 0.000294576 -0.000389859 -0.002625 -0.00281557 0.00116667 -0.000254087 0.000912579 -0.007 -0.00233333 0.000508174 -0.00182516 -0.007
29 -0.000403782 0.000502468 0.000305097 -0.000403782 -0.00271875 -0.00291612 0.00120833 -0.000263162 0.000945172 -0.00725 -0.00241667 0.000526324 -0.00189034 -0.00725
30 -0.000417706 0.000519794 0.000315617 -0.000417706 -0.0028125 -0.00301668 0.00125 -0.000272236 0.000977764 -0.0075 -0.0025 0.000544473 -0.00195553 -0.0075
31 -0.000431629 0.000537121 0.000326138 -0.000431629 -0.00290625 -0.00311723 0.00129167 -0.000281311 0.00101036 -0.00775 -0.00258333 0.000562622 -0.00202071 -0.00775
32 -0.000445553 0.000554447 0.000336658 -0.000445553 -0.003 -0.00321779 0.00133333 -0.000290385 0.00104295 -0.008 -0.00266667 0.000580771 -0.0020859 -0.008
33 -0.000459476 0.000571774 0.000347179 -0.000459476 -0.00309375 -0.00331834 0.001375 -0.00029946 0.00107554 -0.00825 -0.00275 0.00059892 -0.00215108 -0.00825
34 -0.0004734 0.0005891 0.000357699 -0.0004734 -0.0031875 -0.0034189 0.00141667 -0.000308534 0.00110813 -0.0085 -0.00283333 0.000617069 -0.00221626 -0.0085
35 -0.000487323 0.000606427 0.00036822 -0.000487323 -0.00328125 -0.00351946 0.00145833 -0.000317609 0.00114072 -0.00875 -0.00291667 0.000635218 -0.00228145 -0.00875
36 -0.000501247 0.000623753 0.00037874 -0.000501247 -0.003375 -0.00362001 0.0015 -0.000326684 0.00117332 -0.009 -0.003 0.000653367 -0.00234663 -0.009
37 -0.00051517 0.00064108 0.000389261 -0.00051517 -0.00346875 -0.00372057 0.00154167 -0.000335758 0.00120591 -0.00925 -0.00308333 0.000671516 -0.00241182 -0.00925
38 -0.000529094 0.000658406 0.000399782 -0.000529094 -0.0035625 -0.00382112 0.00158333 -0.000344833 0.0012385 -0.0095 -0.00316667 0.000689665 -0.002477 -0.0095
39 -0.000543017 0.000675733 0.000410302 -0.000543017 -0.00365625 -0.00392168 0.001625 -0.000353907 0.00127109 -0.00975 -0.00325 0.000707814 -0.00254219 -0.00975
40 -0.000556941 0.000693059 0.000420823 -0.000556941 -0.00375 -0.00402224 0.00166667 -0.000362982 0.00130368 -0.01 -0.00333333 0.000725963 -0.00260737 -0.01
41 -0.000570864 0.000710386 0.000431343 -0.000570864 -0.00384375 -0.00412279 0.00170833 -0.000372056 0.00133628 -0.01025 -0.00341667 0.000744113 -0.00267255 -0.01025
42 -0.000584788 0.000727712 0.000441864 -0.000584788 -0.0039375 -0.00422335 0.00175 -0.000381131 0.00136887 -0.0105 -0.0035 0.000762262 -0.00273774 -0.0105
43 -0.000598711 0.000745039 0.000452384 -0.000598711 -0.00403125 -0.0043239 0.00179167 -0.000390205 0.00140146 -0.01075 -0.00358333 0.000780411 -0.00280292 -0.01075
44 -0.000612635 0.000762365 0.000462905 -0.000612635 -0.004125 -0.00442446 0.00183333 -0.00039928 0.00143405 -0.011 -0.00366667 0.00079856 -0.00286811 -0.011
45 -0.000626559 0.000779691 0.000473426 -0.000626559 -0.00421875 -0.00452502 0.001875 -0.000408354 0.00146665 -0.01125 -0.00375 0.000816709 -0.00293329 -0.01125
46 -0.000640482 0.000797018 0.000483946 -0.000640482 -0.0043125 -0.00462557 0.00191667 -0.000417429 0.00149924 -0.0115 -0.00383333 0.000834858 -0.00299848 -0.0115
47 -0.000654406 0.000814344 0.000494467 -0.000654406 -0.00440625 -0.00472613 0.00195833 -0.000426504 0.00153183 -0.01175 -0.00391667 0.000853007 -0.00306366 -0.01175
48 -0.000668329 0.000831671 0.000504987 -0.000668329 -0.0045 -0.00482668 0.002 -0.000435578 0.00156442 -0.012 -0.004 0.000871156 -0.00312884 -0.012
49 -0.000682253 0.000848997 0.000515508 -0.000682253 -0.00459375 -0.00492724 0.00204167 -0.000444653 0.00159701 -0.01225 -0.00408333 0.000889305 -0.00319403 -0.01225
50 -0.000696176 0.000866324 0.000526028 -0.000696176 -0.0046875 -0.0050278 0.00208333 -0.000453727 0.00162961 -0.0125 -0.00416667 0.000907454 -0.00325921 -0.0125
51 -0.0007101 0.00088365 0.000536549 -0.0007101 -0.00478125 -0.00512835 0.002125 -0.000462802 0.0016622 -0.01275 -0.00425 0.000925603 -0.0033244 -0.01275
52 -0.000724023 0.000900977 0.00054707 -0.000724023 -0.004875 -0.00522891 0.00216667 -0.000471876 0.00169479 -0.013 -0.00433333 0.000943753 -0.00338958 -0.013
53 -0.000737947 0.000918303 0.00055759 -0.000737947 -0.00496875 -0.00532946 0.00220833 -0.000480951 0.00172738 -0.01325 -0.00441667 0.000961902 -0.00345477 -0.01325
54 -0.00075187 0.00093563 0.000568111 -0.00075187 -0.0050625 -0.00543002 0.00225 -0.000490025 0.00175997 -0.0135 -0.0045 0.000980051 -0.00351995 -0.0135
55 -0.000765794 0.000952956 0.000578631 -0.000765794 -0.00515625 -0.00553057 0.00229167 -0.0004991 0.00179257 -0.01375 -0.00458333 0.0009982 -0.00358513 -0.01375
56 -0.000779717 0.000970283 0.000589152 -0.000779717 -0.00525 -0.00563113 0.00233333 -0.000508174 0.00182516 -0.014 -0.00466667 0.00101635 -0.00365032 -0.014
57 -0.000793641 0.000987609 0.000599672 -0.000793641 -0.00534375 -0.00573169 0.002375 -0.000517249 0.00185775 -0.01425 -0.00475 0.0010345 -0.0037155 -0.01425
58 -0.000807564 0.00100494 0.000610193 -0.000807564 -0.0054375 -0.00583224 0.00241667 -0.000526324 0.00189034 -0.0145 -0.00483333 0.00105265 -0.00378069 -0.0145
59 -0.000821488 0.00102226 0.000620714 -0.000821488 -0.00553125 -0.0059328 0.00245833 -0.000535398 0.00192294 -0.01475 -0.00491667 0.0010708 -0.00384587 -0.01475
60 -0.000835411 0.00103959 0.000631234 -0.000835411 -0.005625 -0.00603335 0.0025 -0.000544473 0.00195553 -0.015 -0.005 0.00108895 -0.00391105 -0.015
61 -0.000849335 0.00105692 0.000641755 -0.000849335 -0.00571875 -0.00613391 0.00254167 -0.000553547 0.00198812 -0.01525 -0.00508333 0.00110709 -0.00397624 -0.01525
62 -0.000863258 0.00107424 0.000652275 -0.000863258 -0.0058125 -0.00623447 0.00258333 -0.000562622 0.00202071 -0.0155 -0.00516667 0.00112524 -0.00404142 -0.0155
63 -0.000877182 0.00109157 0.000662796 -0.000877182 -0.00590625 -0.00633502 0.002625 -0.000571696 0.0020533 -0.01575 -0.00525 0.00114339 -0.00410661 -0.01575
64 -0.000891105 0.00110889 0.000673316 -0.000891105 -0.006 -0.00643558 0.00266667 -0.000580771 0.0020859 -0.016 -0.00533333 0.00116154 -0.00417179 -0.016
65 -0.000905029 0.00112622 0.000683837 -0.000905029 -0.00609375 -0.00653613 0.00270833 -0.000589845 0.00211849 -0.01625 -0.00541667 0.00117969 -0.00423698 -0.01625
66 -0.000918953 0.00114355 0.000694358 -0.000918953 -0.0061875 -0.00663669 0.00275 -0.00059892 0.00215108 -0.0165 -0.0055 0.00119784 -0.00430216 -0.0165
67 -0.000932876 0.00116087 0.000704878 -0.000932876 -0.00628125 -0.00673725 0.00279167 -0.000607994 0.00218367 -0.01675 -0.00558333 0.00121599 -0.00436734 -0.01675
68 -0.0009468 0.0011782 0.000715399 -0.0009468 -0.006375 -0.0068378 0.00283333 -0.000617069 0.00221626 -0.017 -0.00566667 0.00123414 -0.00443253 -0.017
69 -0.000960723 0.00119553 0.000725919 -0.000960723 -0.00646875 -0.00693836 0.002875 -0.000626144 0.00224886 -0.01725 -0.00575 0.00125229 -0.00449771 -0.01725
70 -0.000974647 0.00121285 0.00073644 -0.000974647 -0.0065625 -0.00703891 0.00291667 -0.000635218 0.00228145 -0.0175 -0.00583333 0.00127044 -0.0045629 -0.0175
71 -0.00098857 0.00123018 0.00074696 -0.00098857 -0.00665625 -0.00713947 0.00295833 -0.000644293 0.00231404 -0.01775 -0.00591667 0.00128859 -0.00462808 -0.01775
72 -0.00100249 0.00124751 0.000757481 -0.00100249 -0.00675 -0.00724003 0.003 -0.000653367 0.00234663 -0.018 -0.006 0.00130673 -0.00469327 -0.018
73 -0.00101642 0.00126483 0.000768002 -0.00101642 -0.00684375 -0.00734058 0.00304167 -0.000662442 0.00237922 -0.01825 -0.00608333 0.00132488 -0.00475845 -0.01825
74 -0.00103034 0.00128216 0.000778522 -0.00103034 -0.0069375 -0.00744114 0.00308333 -0.000671516 0.00241182 -0.0185 -0.00616667 0.00134303 -0.00482363 -0.0185
75 -0.00104426 0.00129949 0.000789043 -0.00104426 -0.00703125 -0.00754169 0.003125 -0.000680591 0.00244441 -0.01875 -0.00625 0.00136118 -0.00488882 -0.01875
76 -0.00105819 0.00131681 0.000799563 -0.00105819 -0.007125 -0.00764225 0.00316667 -0.000689665 0.002477 -0.019 -0.00633333 0.00137933 -0.004954 -0.019
77 -0.00107211 0.00133414 0.000810084 -0.00107211 -0.00721875 -0.0077428 0.00320833 -0.00069874 0.00250959 -0.01925 -0.00641667 0.00139748 -0.00501919 -0.01925
78 -0.00108603 0.00135147 0.000820604 -0.00108603 -0.0073125 -0.00784336 0.00325 -0.000707814 0.00254219 -0.0195 -0.0065 0.00141563 -0.00508437 -0.0195
79 -0.00109996 0.00136879 0.000831125 -0.00109996 -0.00740625 -0.00794392 0.00329167 -0.000716889 0.00257478 -0.01975 -0.00658333 0.00143378 -0.00514956 -0.01975
80 -0.00111388 0.00138612 0.000841646 -0.00111388 -0.0075 -0.00804447 0.00333333 -0.000725963 0.00260737 -0.02 -0.00666667 0.00145193 -0.00521474 -0.02
81 -0.00112781 0.00140344 0.000852166 -0.00112781 -0.00759375 -0.00814503 0.003375 -0.000735038 0.00263996 -0.02025 -0.00675 0.00147008 -0.00527992 -0.02025
82 -0.00114173 0.00142077 0.000862687 -0.00114173 -0.0076875 -0.00824558 0.00341667 -0.000744113 0.00267255 -0.0205 -0.00683333 0.00148823 -0.00534511 -0.0205
83 -0.00115565 0.0014381 0.000873207 -0.00115565 -0.00778125 -0.00834614 0.00345833 -0.000753187 0.00270515 -0.02075 -0.00691667 0.00150637 -0.00541029 -0.02075
84 -0.00116958 0.00145542 0.000883728 -0.00116958 -0.007875 -0.0084467 0.0035 -0.000762262 0.00273774 -0.021 -0.007 0.00152452 -0.00547548 -0.021
85 -0.0011835 0.00147275 0.000894248 -0.0011835 -0.00796875 -0.00854725 0.00354167 -0.000771336 0.00277033 -0.02125 -0.00708333 0.00154267 -0.00554066 -0.02125
86 -0.00119742 0.00149008 0.000904769 -0.00119742 -0.0080625 -0.00864781 0.00358333 -0.000780411 0.00280292 -0.0215 -0.00716667 0.00156082 -0.00560585 -0.0215
87 -0.00121135 0.0015074 0.00091529 -0.00121135 -0.00815625 -0.00874836 0.003625 -0.000789485 0.00283551 -0.02175 -0.00725 0.00157897 -0.00567103 -0.02175
88 -0.00122527 0.00152473 0.00092581 -0.00122527 -0.00825 -0.00884892 0.00366667 -0.00079856 0.00286811 -0.022 -0.00733333 0.00159712 -0.00573621 -0.022
89 -0.00123919 0.00154206 0.000936331 -0.00123919 -0.00834375 -0.00894948 0.00370833 -0.000807634 0.0029007 -0.02225 -0.00741667 0.00161527 -0.0058014 -0.02225
90 -0.00125312 0.00155938 0.000946851 -0.00125312 -0.0084375 -0.00905003 0.00375 -0.000816709 0.00293329 -0.0225 -0.0075 0.00163342 -0.00586658 -0.0225
91 -0.00126704 0.00157671 0.000957372 -0.00126704 -0.00853125 -0.00915059 0.00379167 -0.000825783 0.00296588 -0.02275 -0.00758333 0.00165157 -0.00593177 -0.02275
92 -0.00128096 0.00159404 0.000967892 -0.00128096 -0.008625 -0.00925114 0.00383333 -0.000834858 0.00299848 -0.023 -0.00766667 0.00166972 -0.00599695 -0.023
93 -0.00129489 0.00161136 0.000978413 -0.00129489 -0.00871875 -0.0093517 0.003875 -0.000843933 0.00303107 -0.02325 -0.00775 0.00168787 -0.00606213 -0.02325
94 -0.00130881 0.00162869 0.000988934 -0.00130881 -0.0088125 -0.00945226 0.00391667 -0.000853007 0.00306366 -0.0235 -0.00783333 0.00170601 -0.00612732 -0.0235
95 -0.00132273 0.00164602 0.000999454 -0.00132273 -0.00890625 -0.00955281 0.00395833 -0.000862082 0.00309625 -0.02375 -0.00791667 0.00172416 -0.0061925 -0.02375
96 -0.00133666 0.00166334 0.00100997 -0.00133666 -0.009 -0.00965337 0.004 -0.000871156 0.00312884 -0.024 -0.008 0.00174231 -0.00625769 -0.024
97 -0.00135058 0.00168067 0.0010205 -0.00135058 -0.00909375 -0.00975392 0.00404167 -0.000880231 0.00316144 -0.02425 -0.00808333 0.00176046 -0.00632287 -0.02425
98 -0.00136451 0.00169799 0.00103102 -0.00136451 -0.0091875 -0.00985448 0.00408333 -0.000889305 0.00319403 -0.0245 -0.00816667 0.00177861 -0.00638806 -0.0245
99 -0.00137843 0.00171532 0.00104154 -0.00137843 -0.00928125 -0.00995503 0.004125 -0.00089838 0.00322662 -0.02475 -0.00825 0.00179676 -0.00645324 -0.02475
100 -0.00139235 0.00173265 0.00105206 -0.00139235 -0.009375 -0.0100556 0.00416667 -0.000907454 0.00325921 -0.025 -0.00833333 0.00181491 -0.00651842 -0.025
101 -0.00140628 0.00174997 0.00106258 -0.00140628 -0.00946875 -0.0101561 0.00420833 -0.000916529 0.0032918 -0.02525 -0.00841667 0.00183306 -0.00658361 -0.02525
102 -0.0014202 0.0017673 0.0010731 -0.0014202 -0.0095625 -0.0102567 0.00425 -0.000925603 0.0033244 -0.0255 -0.0085 0.00185121 -0.00664879 -0.0255
103 -0.00143412 0.00178463 0.00108362 -0.00143412 -0.00965625 -0.0103573 0.00429167 -0.000934678 0.00335699 -0.02575 -0.00858333 0.00186936 -0.00671398 -0.02575
104 -0.00144805 0.00180195 0.00109414 -0.00144805 -0.00975 -0.0104578 0.00433333 -0.000943753 0.00338958 -0.026 -0.00866667 0.00188751 -0.00677916 -0.026
105 -0.00146197 0.00181928 0.00110466 -0.00146197 -0.00984375 -0.0105584 0.004375 -0.000952827 0.00342217 -0.02625 -0.00875 0.00190565 -0.00684435 -0.02625
106 -0.00147589 0.00183661 0.00111518 -0.00147589 -0.0099375 -0.0106589 0.00441667 -0.000961902 0.00345477 -0.0265 -0.00883333 0.0019238 -0.00690953 -0.0265
107 -0.00148982 0.00185393 0.0011257 -0.00148982 -0.0100313 -0.0107595 0.00445833 -0.000970976 0.00348736 -0.02675 -0.00891667 0.00194195 -0.00697471 -0.02675
108 -0.00150374 0.00187126 0.00113622 -0.00150374 -0.010125 -0.01086 0.0045 -0.000980051 0.00351995 -0.027 -0.009 0.0019601 -0.0070399 -0.027
109 -0.00151766 0.00188859 0.00114674 -0.00151766 -0.0102188 -0.0109606 0.00454167 -0.000989125 0.00355254 -0.02725 -0.00908333 0.00197825 -0.00710508 -0.02725
110 -0.00153159 0.00190591 0.00115726 -0.00153159 -0.0103125 -0.0110611 0.00458333 -0.0009982 0.00358513 -0.0275 -0.00916667 0.0019964 -0.00717027 -0.0275
111 -0.00154551 0.00192324 0.00116778 -0.00154551 -0.0104063 -0.0111617 0.004625 -0.00100727 0.00361773 -0.02775 -0.00925 0.00201455 -0.00723545 -0.02775
112 -0.00155943 0.00194057 0.0011783 -0.00155943 -0.0105 -0.0112623 0.00466667 -0.00101635 0.00365032 -0.028 -0.00933333 0.0020327 -0.00730064 -0.028
113 -0.00157336 0.00195789 0.00118882 -0.00157336 -0.0105937 -0.0113628 0.00470833 -0.00102542 0.00368291 -0.02825 -0.00941667 0.00205085 -0.00736582 -0.02825
114 -0.00158728 0.00197522 0.00119934 -0.00158728 -0.0106875 -0.0114634 0.00475 -0.0010345 0.0037155 -0.0285 -0.0095 0.002069 -0.007431 -0.0285
115 -0.00160121 0.00199254 0.00120987 -0.00160121 -0.0107813 -0.0115639 0.00479167 -0.00104357 0.00374809 -0.02875 -0.00958333 0.00208715 -0.00749619 -0.02875
116 -0.00161513 0.00200987 0.00122039 -0.00161513 -0.010875 -0.0116645 0.00483333 -0.00105265 0.00378069 -0.029 -0.00966667 0.00210529 -0.00756137 -0.029
117 -0.00162905 0.0020272 0.00123091 -0.00162905 -0.0109687 -0.011765 0.004875 -0.00106172 0.00381328 -0.02925 -0.00975 0.00212344 -0.00762656 -0.02925
118 -0.00164298 0.00204452 0.00124143 -0.00164298 -0.0110625 -0.0118656 0.00491667 -0.0010708 0.00384587 -0.0295 -0.00983333 0.00214159 -0.00769174 -0.0295
119 -0.0016569 0.00206185 0.00125195 -0.0016569 -0.0111563 -0.0119662 0.00495833 -0.00107987 0.00387846 -0.02975 -0.00991667 0.00215974 -0.00775693 -0.02975
120 -0.00167082 0.00207918 0.00126247 -0.00167082 -0.01125 -0.0120667 0.005 -0.00108895 0.00391105 -0.03 -0.01 0.00217789 -0.00782211 -0.03
121 -0.00168475 0.0020965 0.00127299 -0.00168475 -0.0113437 -0.0121673 0.00504167 -0.00109802 0.00394365 -0.03025 -0.0100833 0.00219604 -0.00788729 -0.03025
122 -0.00169867 0.00211383 0.00128351 -0.00169867 -0.0114375 -0.0122678 0.00508333 -0.00110709 0.00397624 -0.0305 -0.0101667 0.00221419 -0.00795248 -0.0305
123 -0.00171259 0.00213116 0.00129403 -0.00171259 -0.0115312 -0.0123684 0.005125 -0.00111617 0.00400883 -0.03075 -0.01025 0.00223234 -0.00801766 -0.03075
124 -0.00172652 0.00214848 0.00130455 -0.00172652 -0.011625 -0.0124689 0.00516667 -0.00112524 0.00404142 -0.031 -0.0103333 0.00225049 -0.00808285 -0.031
125 -0.00174044 0.00216581 0.00131507 -0.00174044 -0.0117188 -0.0125695 0.00520833 -0.00113432 0.00407402 -0.03125 -0.0104167 0.00226864 -0.00814803 -0.03125
126 -0.00175436 0.00218314 0.00132559 -0.00175436 -0.0118125 -0.01267 0.00525 -0.00114339 0.00410661 -0.0315 -0.0105 0.00228679 -0.00821321 -0.0315
127 -0.00176829 0.00220046 0.00133611 -0.00176829 -0.0119063 -0.0127706 0.00529167 -0.00115247 0.0041392 -0.03175 -0.0105833 0.00230493 -0.0082784 -0.03175
128 -0.00178221 0.00221779 0.00134663 -0.00178221 -0.012 -0.0128712 0.00533333 -0.00116154 0.00417179 -0.032 -0.0106667 0.00232308 -0.00834358 -0.032
129 -0.00179613 0.00223512 0.00135715 -0.00179613 -0.0120937 -0.0129717 0.005375 -0.00117062 0.00420438 -0.03225 -0.01075 0.00234123 -0.00840877 -0.03225
130 -0.00181006 0.00225244 0.00136767 -0.00181006 -0.0121875 -0.0130723 0.00541667 -0.00117969 0.00423698 -0.0325 -0.0108333 0.00235938 -0.00847395 -0.0325
131 -0.00182398 0.00226977 0.00137819 -0.00182398 -0.0122813 -0.0131728 0.00545833 -0.00118877 0.00426957 -0.03275 -0.0109167 0.00237753 -0.00853914 -0.03275
132 -0.00183791 0.00228709 0.00138872 -0.00183791 -0.012375 -0.0132734 0.0055 -0.00119784 0.00430216 -0.033 -0.011 0.00239568 -0.00860432 -0.033
133 -0.00185183 0.00230442 0.00139924 -0.00185183 -0.0124688 -0.0133739 0.00554167 -0.00120691 0.00433475 -0.03325 -0.0110833 0.00241383 -0.0086695 -0.03325
134 -0.00186575 0.00232175 0.00140976 -0.00186575 -0.0125625 -0.0134745 0.00558333 -0.00121599 0.00436734 -0.0335 -0.0111667 0.00243198 -0.00873469 -0.0335
135 -0.00187968 0.00233907 0.00142028 -0.00187968 -0.0126562 -0.013575 0.005625 -0.00122506 0.00439994 -0.03375 -0.01125 0.00245013 -0.00879987 -0.03375
136 -0.0018936 0.0023564 0.0014308 -0.0018936 -0.01275 -0.0136756 0.00566667 -0.00123414 0.00443253 -0.034 -0.0113333 0.00246828 -0.00886506 -0.034
137 -0.00190752 0.00237373 0.00144132 -0.00190752 -0.0128437 -0.0137762 0.00570833 -0.00124321 0.00446512 -0.03425 -0.0114167 0.00248642 -0.00893024 -0.03425
138 -0.00192145 0.00239105 0.00145184 -0.00192145 -0.0129375 -0.0138767 0.00575 -0.00125229 0.00449771 -0.0345 -0.0115 0.00250457 -0.00899543 -0.0345
139 -0.00193537 0.00240838 0.00146236 -0.00193537 -0.0130313 -0.0139773 0.00579167 -0.00126136 0.00453031 -0.03475 -0.0115833 0.00252272 -0.00906061 -0.03475
140 -0.00194929 0.00242571 0.00147288 -0.00194929 -0.013125 -0.0140778 0.00583333 -0.00127044 0.0045629 -0.035 -0.0116667 0.00254087 -0.00912579 -0.035
141 -0.00196322 0.00244303 0.0014834 -0.00196322 -0.0132188 -0.0141784 0.005875 -0.00127951 0.00459549 -0.03525 -0.01175 0.00255902 -0.00919098 -0.03525
142 -0.00197714 0.00246036 0.00149392 -0.00197714 -0.0133125 -0.0142789 0.00591667 -0.00128859 0.00462808 -0.0355 -0.0118333 0.00257717 -0.00925616 -0.0355
143 -0.00199106 0.00247769 0.00150444 -0.00199106 -0.0134062 -0.0143795 0.00595833 -0.00129766 0.00466067 -0.03575 -0.0119167 0.00259532 -0.00932135 -0.03575
144 -0.00200499 0.00249501 0.00151496 -0.00200499 -0.0135 -0.0144801 0.006 -0.00130673 0.00469327 -0.036 -0.012 0.00261347 -0.00938653 -0.036
145 -0.00201891 0.00251234 0.00152548 -0.00201891 -0.0135938 -0.0145806 0.00604167 -0.00131581 0.00472586 -0.03625 -0.0120833 0.00263162 -0.00945172 -0.03625
146 -0.00203283 0.00252967 0.001536 -0.00203283 -0.0136875 -0.0146812 0.00608333 -0.00132488 0.00475845 -0.0365 -0.0121667 0.00264977 -0.0095169 -0.0365
147 -0.00204676 0.00254699 0.00154652 -0.00204676 -0.0137813 -0.0147817 0.006125 -0.00133396 0.00479104 -0.03675 -0.01225 0.00266792 -0.00958208 -0.03675
148 -0.00206068 0.00256432 0.00155704 -0.00206068 -0.013875 -0.0148823 0.00616667 -0.00134303 0.00482363 -0.037 -0.0123333 0.00268606 -0.00964727 -0.037
149 -0.0020746 0.00258165 0.00156756 -0.0020746 -0.0139688 -0.0149828 0.00620833 -0.00135211 0.00485623 -0.03725 -0.0124167 0.00270421 -0.00971245 -0.03725
150 -0.00208853 0.00259897 0.00157809 -0.00208853 -0.0140625 -0.0150834 0.00625 -0.00136118 0.00488882 -0.0375 -0.0125 0.00272236 -0.00977764 -0.0375
151 -0.00210245 0.0026163 0.00158861 -0.00210245 -0.0141562 -0.0151839 0.00629167 -0.00137026 0.00492141 -0.03775 -0.0125833 0.00274051 -0.00984282 -0.03775
152 -0.00211638 0.00263362 0.00159913 -0.00211638 -0.01425 -0.0152845 0.00633333 -0.00137933 0.004954 -0.038 -0.0126667 0.00275866 -0.00990801 -0.038
153 -0.0021303 0.00265095 0.00160965 -0.0021303 -0.0143438 -0.0153851 0.006375 -0.00138841 0.00498659 -0.03825 -0.01275 0.00277681 -0.00997319 -0.03825
154 -0.00214422 0.00266828 0.00162017 -0.00214422 -0.0144375 -0.0154856 0.00641667 -0.00139748 0.00501919 -0.0385 -0.0128333 0.00279496 -0.0100384 -0.0385
155 -0.00215815 0.0026856 0.00163069 -0.00215815 -0.0145312 -0.0155862 0.00645833 -0.00140655 0.00505178 -0.03875 -0.0129167 0.00281311 -0.0101036 -0.03875
156 -0.00217207 0.00270293 0.00164121 -0.00217207 -0.014625 -0.0156867 0.0065 -0.00141563 0.00508437 -0.039 -0.013 0.00283126 -0.0101687 -0.039
157 -0.00218599 0.00272026 0.00165173 -0.00218599 -0.0147188 -0.0157873 0.00654167 -0.0014247 0.00511696 -0.03925 -0.0130833 0.00284941 -0.0102339 -0.03925
158 -0.00219992 0.00273758 0.00166225 -0.00219992 -0.0148125 -0.0158878 0.00658333 -0.00143378 0.00514956 -0.0395 -0.0131667 0.00286756 -0.0102991 -0.0395
159 -0.00221384 0.00275491 0.00167277 -0.00221384 -0.0149063 -0.0159884 0.006625 -0.00144285 0.00518215 -0.03975 -0.01325 0.0028857 -0.0103643 -0.03975
160 -0.00222776 0.00277224 0.00168329 -0.00222776 -0.015 -0.0160889 0.00666667 -0.00145193 0.00521474 -0.04 -0.0133333 0.00290385 -0.0104295 -0.04
161 -0.00224169 0.00278956 0.00169381 -0.00224169 -0.0150938 -0.0161895 0.00670833 -0.001461 0.00524733 -0.04025 -0.0134167 0.002922 -0.0104947 -0.04025
162 -0.00225561 0.00280689 0.00170433 -0.00225561 -0.0151875 -0.0162901 0.00675 -0.00147008 0.00527992 -0.0405 -0.0135 0.00294015 -0.0105598 -0.0405
163 -0.00226953 0.00282422 0.00171485 -0.00226953 -0.0152813 -0.0163906 0.00679167 -0.00147915 0.00531252 -0.04075 -0.0135833 0.0029583 -0.010625 -0.04075
164 -0.00228346 0.00284154 0.00172537 -0.00228346 -0.015375 -0.0164912 0.00683333 -0.00148823 0.00534511 -0.041 -0.0136667 0.00297645 -0.0106902 -0.041
165 -0.00229738 0.00285887 0.00173589 -0.00229738 -0.0154687 -0.0165917 0.006875 -0.0014973 0.0053777 -0.04125 -0.01375 0.0029946 -0.0107554 -0.04125
166 -0.0023113 0.0028762 0.00174641 -0.0023113 -0.0155625 -0.0166923 0.00691667 -0.00150637 0.00541029 -0.0415 -0.0138333 0.00301275 -0.0108206 -0.0415
167 -0.00232523 0.00289352 0.00175694 -0.00232523 -0.0156563 -0.0167928 0.00695833 -0.00151545 0.00544288 -0.04175 -0.0139167 0.0030309 -0.0108858 -0.04175
168 -0.00233915 0.00291085 0.00176746 -0.00233915 -0.01575 -0.0168934 0.007 -0.00152452 0.00547548 -0.042 -0.014 0.00304905 -0.010951 -0.042
169 -0.00235308 0.00292817 0.00177798 -0.00235308 -0.0158438 -0.0169939 0.00704167 -0.0015336 0.00550807 -0.04225 -0.0140833 0.0030672 -0.0110161 -0.04225
170 -0.002367 0.0029455 0.0017885 -0.002367 -0.0159375 -0.0170945 0.00708333 -0.00154267 0.00554066 -0.0425 -0.0141667 0.00308534 -0.0110813 -0.0425
171 -0.00238092 0.00296283 0.00179902 -0.00238092 -0.0160312 -0.0171951 0.007125 -0.00155175 0.00557325 -0.04275 -0.01425 0.00310349 -0.0111465 -0.04275
172 -0.00239485 0.00298015 0.00180954 -0.00239485 -0.016125 -0.0172956 0.00716667 -0.00156082 0.00560585 -0.043 -0.0143333 0.00312164 -0.0112117 -0.043
173 -0.00240877 0.00299748 0.00182006 -0.00240877 -0.0162188 -0.0173962 0.00720833 -0.0015699 0.00563844 -0.04325 -0.0144167 0.00313979 -0.0112769 -0.04325
174 -0.00242269 0.00301481 0.00183058 -0.00242269 -0.0163125 -0.0174967 0.00725 -0.00157897 0.00567103 -0.0435 -0.0145 0.00315794 -0.0113421 -0.0435
175 -0.00243662 0.00303213 0.0018411 -0.00243662 -0.0164063 -0.0175973 0.00729167 -0.00158805 0.00570362 -0.04375 -0.0145833 0.00317609 -0.0114072 -0.04375
176 -0.00245054 0.00304946 0.00185162 -0.00245054 -0.0165 -0.0176978 0.00733333 -0.00159712 0.00573621 -0.044 -0.0146667 0.00319424 -0.0114724 -0.044
177 -0.00246446 0.00306679 0.00186214 -0.00246446 -0.0165937 -0.0177984 0.007375 -0.00160619 0.00576881 -0.04425 -0.01475 0.00321239 -0.0115376 -0.04425
178 -0.00247839 0.00308411 0.00187266 -0.00247839 -0.0166875 -0.017899 0.00741667 -0.00161527 0.0058014 -0.0445 -0.0148333 0.00323054 -0.0116028 -0.0445
179 -0.00249231 0.00310144 0.00188318 -0.00249231 -0.0167813 -0.0179995 0.00745833 -0.00162434 0.00583399 -0.04475 -0.0149167 0.00324869 -0.011668 -0.04475
180 -0.00250623 0.00311877 0.0018937 -0.00250623 -0.016875 -0.0181001 0.0075 -0.00163342 0.00586658 -0.045 -0.015 0.00326684 -0.0117332 -0.045
181 -0.00252016 0.00313609 0.00190422 -0.00252016 -0.0169687 -0.0182006 0.00754167 -0.00164249 0.00589917 -0.04525 -0.0150833 0.00328498 -0.0117983 -0.04525
182 -0.00253408 0.00315342 0.00191474 -0.00253408 -0.0170625 -0.0183012 0.00758333 -0.00165157 0.00593177 -0.0455 -0.0151667 0.00330313 -0.0118635 -0.0455
183 -0.002548 0.00317075 0.00192526 -0.002548 -0.0171562 -0.0184017 0.007625 -0.00166064 0.00596436 -0.04575 -0.01525 0.00332128 -0.0119287 -0.04575
184 -0.00256193 0.00318807 0.00193578 -0.00256193 -0.01725 -0.0185023 0.00766667 -0.00166972 0.00599695 -0.046 -0.0153333 0.00333943 -0.0119939 -0.046
185 -0.00257585 0.0032054 0.00194631 -0.00257585 -0.0173438 -0.0186028 0.00770833 -0.00167879 0.00602954 -0.04625 -0.0154167 0.00335758 -0.0120591 -0.04625
186 -0.00258978 0.00322272 0.00195683 -0.00258978 -0.0174375 -0.0187034 0.00775 -0.00168787 0.00606213 -0.0465 -0.0155 0.00337573 -0.0121243 -0.0465
187 -0.0026037 0.00324005 0.00196735 -0.0026037 -0.0175313 -0.018804 0.00779167 -0.00169694 0.00609473 -0.04675 -0.0155833 0.00339388 -0.0121895 -0.04675
188 -0.00261762 0.00325738 0.00197787 -0.00261762 -0.017625 -0.0189045 0.00783333 -0.00170601 0.00612732 -0.047 -0.0156667 0.00341203 -0.0122546 -0.047
189 -0.00263155 0.0032747 0.00198839 -0.00263155 -0.0177187 -0.0190051 0.007875 -0.00171509 0.00615991 -0.04725 -0.01575 0.00343018 -0.0123198 -0.04725
190 -0.00264547 0.00329203 0.00199891 -0.00264547 -0.0178125 -0.0191056 0.00791667 -0.00172416 0.0061925 -0.0475 -0.0158333 0.00344833 -0.012385 -0.0475
191 -0.00265939 0.00330936 0.00200943 -0.00265939 -0.0179063 -0.0192062 0.00795833 -0.00173324 0.0062251 -0.04775 -0.0159167 0.00346648 -0.0124502 -0.04775
192 -0.00267332 0.00332668 0.00201995 -0.00267332 -0.018 -0.0193067 0.008 -0.00174231 0.00625769 -0.048 -0.016 0.00348462 -0.0125154 -0.048
193 -0.00268724 0.00334401 0.00203047 -0.00268724 -0.0180937 -0.0194073 0.00804167 -0.00175139 0.00629028 -0.04825 -0.0160833 0.00350277 -0.0125806 -0.04825
194 -0.00270116 0.00336134 0.00204099 -0.00270116 -0.0181875 -0.0195078 0.00808333 -0.00176046 0.00632287 -0.0485 -0.0161667 0.00352092 -0.0126457 -0.0485
195 -0.00271509 0.00337866 0.00205151 -0.00271509 -0.0182813 -0.0196084 0.008125 -0.00176954 0.00635546 -0.04875 -0.01625 0.00353907 -0.0127109 -0.04875
196 -0.00272901 0.00339599 0.00206203 -0.00272901 -0.018375 -0.019709 0.00816667 -0.00177861 0.00638806 -0.049 -0.0163333 0.00355722 -0.0127761 -0.049
197 -0.00274293 0.00341332 0.00207255 -0.00274293 -0.0184687 -0.0198095 0.00820833 -0.00178769 0.00642065 -0.04925 -0.0164167 0.00357537 -0.0128413 -0.04925
198 -0.00275686 0.00343064 0.00208307 -0.00275686 -0.0185625 -0.0199101 0.00825 -0.00179676 0.00645324 -0.0495 -0.0165 0.00359352 -0.0129065 -0.0495
199 -0.00277078 0.00344797 0.00209359 -0.00277078 -0.0186562 -0.0200106 0.00829167 -0.00180583 0.00648583 -0.04975 -0.0165833 0.00361167 -0.0129717 -0.04975
200 -0.0027847 0.0034653 0.00210411 -0.0027847 -0.01875 -0.0201112 0.00833333 -0.00181491 0.00651842 -0.05 -0.0166667 0.00362982 -0.0130368 -0.05
