1 0 0 0 -1.39235e-05 -0.000481986 0 3.40295e-06 -0.000597703 0 1.39235e-05 -0.000493685 0 0 0 0 8.67662e-05 -0.00044032 0 -6.98383e-06 -0.000606777 0 -0.00010754 -0.000461093 0
2 0 0 0 -2.7847e-05 -0.000963972 0 6.80591e-06 -0.00119541 0 2.7847e-05 -0.000987371 0 0 0 0 0.000173532 -0.000880639 0 -1.39677e-05 -0.00121355 0 -0.000215079 -0.000922186 0
3 0 0 0 -4.17706e-05 -0.00144596 0 1.02089e-05 -0.00179311 0 4.17706e-05 -0.00148106 0 0 0 0 0.000260299 -0.00132096 0 -2.09515e-05 -0.00182033 0 -0.000322619 -0.00138328 0
4 0 0 0 -5.56941e-05 -0.00192794 0 1.36118e-05 -0.00239081 0 5.56941e-05 -0.00197474 0 0 0 0 0.000347065 -0.00176128 0 -2.79353e-05 -0.00242711 0 -0.000430159 -0.00184437 0
5 0 0 0 -6.96176e-05 -0.00240993 0 1.70148e-05 -0.00298851 0 6.96176e-05 -0.00246843 0 0 0 0 0.000433831 -0.0022016 0 -3.49192e-05 -0.00303389 0 -0.000537699 -0.00230547 0
6 0 0 0 -8.35411e-05 -0.00289192 0 2.04177e-05 -0.00358622 0 8.35411e-05 -0.00296211 0 0 0 0 0.000520597 -0.00264192 0 -4.1903e-05 -0.00364066 0 -0.000645238 -0.00276656 0
7 0 0 0 -9.74647e-05 -0.0033739 0 2.38207e-05 -0.00418392 0 9.74647e-05 -0.0034558 0 0 0 0 0.000607363 -0.00308224 0 -4.88868e-05 -0.00424744 0 -0.000752778 -0.00322765 0
8 0 0 0 -0.000111388 -0.00385589 0 2.72236e-05 -0.00478162 0 0.000111388 -0.00394948 0 0 0 0 0.000694129 -0.00352256 0 -5.58706e-05 -0.00485422 0 -0.000860318 -0.00368875 0
9 0 0 0 -0.000125312 -0.00433788 0 3.06266e-05 -0.00537932 0 0.000125312 -0.00444317 0 0 0 0 0.000780896 -0.00396288 0 -6.28545e-05 -0.00546099 0 -0.000967858 -0.00414984 0
10 0 0 0 -0.000139235 -0.00481986 0 3.40295e-05 -0.00597703 0 0.000139235 -0.00493685 0 0 0 0 0.000867662 -0.0044032 0 -6.98383e-05 -0.00606777 0 -0.0010754 -0.00461093 0
11 0 0 0 -0.000153159 -0.00530185 0 3.74325e-05 -0.00657473 0 0.000153159 -0.00543054 0 0 0 0 0.000954428 -0.00484352 0 -7.68221e-05 -0.00667455 0 -0.00118294 -0.00507202 0
12 0 0 0 -0.000167082 -0.00578383 0 4.08354e-05 -0.00717243 0 0.000167082 -0.00592422 0 0 0 0 0.00104119 -0.00528383 0 -8.3806e-05 -0.00728132 0 -0.00129048 -0.00553312 0
13 0 0 0 -0.000181006 -0.00626582 0 4.42384e-05 -0.00777013 0 0.000181006 -0.00641791 0 0 0 0 0.00112796 -0.00572415 0 -9.07898e-05 -0.0078881 0 -0.00139802 -0.00599421 0
14 0 0 0 -0.000194929 -0.00674781 0 4.76414e-05 -0.00836784 0 0.000194929 -0.00691159 0 0 0 0 0.00121473 -0.00616447 0 -9.77736e-05 -0.00849488 0 -0.00150556 -0.0064553 0
15 0 0 0 -0.000208853 -0.00722979 0 5.10443e-05 -0.00896554 0 0.000208853 -0.00740528 0 0 0 0 0.00130149 -0.00660479 0 -0.000104757 -0.00910166 0 -0.0016131 -0.0069164 0
16 0 0 0 -0.000222776 -0.00771178 0 5.44473e-05 -0.00956324 0 0.000222776 -0.00789896 0 0 0 0 0.00138826 -0.00704511 0 -0.000111741 -0.00970843 0 -0.00172064 -0.00737749 0
17 0 0 0 -0.0002367 -0.00819377 0 5.78502e-05 -0.0101609 0 0.0002367 -0.00839265 0 0 0 0 0.00147502 -0.00748543 0 -0.000118725 -0.0103152 0 -0.00182818 -0.00783858 0
18 0 0 0 -0.000250623 -0.00867575 0 6.12532e-05 -0.0107586 0 0.000250623 -0.00888633 0 0 0 0 0.00156179 -0.00792575 0 -0.000125709 -0.010922 0 -0.00193572 -0.00829968 0
19 0 0 0 -0.000264547 -0.00915774 0 6.46561e-05 -0.0113563 0 0.000264547 -0.00938002 0 0 0 0 0.00164856 -0.00836607 0 -0.000132693 -0.0115288 0 -0.00204326 -0.00876077 0
20 0 0 0 -0.00027847 -0.00963972 0 6.80591e-05 -0.0119541 0 0.00027847 -0.00987371 0 0 0 0 0.00173532 -0.00880639 0 -0.000139677 -0.0121355 0 -0.00215079 -0.00922186 0
21 0 0 0 -0.000292394 -0.0101217 0 7.1462e-05 -0.0125518 0 0.000292394 -0.0103674 0 0 0 0 0.00182209 -0.00924671 0 -0.00014666 -0.0127423 0 -0.00225833 -0.00968296 0
22 0 0 0 -0.000306318 -0.0106037 0 7.4865e-05 -0.0131495 0 0.000306318 -0.0108611 0 0 0 0 0.00190886 -0.00968703 0 -0.000153644 -0.0133491 0 -0.00236587 -0.010144 0
23 0 0 0 -0.000320241 -0.0110857 0 7.82679e-05 -0.0137472 0 0.000320241 -0.0113548 0 0 0 0 0.00199562 -0.0101273 0 -0.000160628 -0.0139559 0 -0.00247341 -0.0106051 0
24 0 0 0 -0.000334165 -0.0115677 0 8.16709e-05 -0.0143449 0 0.000334165 -0.0118484 0 0 0 0 0.00208239 -0.0105677 0 -0.000167612 -0.0145626 0 -0.00258095 -0.0110662 0
25 0 0 0 -0.000348088 -0.0120497 0 8.50738e-05 -0.0149426 0 0.000348088 -0.0123421 0 0 0 0 0.00216915 -0.011008 0 -0.000174596 -0.0151694 0 -0.00268849 -0.0115273 0
26 0 0 0 -0.000362012 -0.0125316 0 8.84768e-05 -0.0155403 0 0.000362012 -0.0128358 0 0 0 0 0.00225592 -0.0114483 0 -0.00018158 -0.0157762 0 -0.00279603 -0.0119884 0
27 0 0 0 -0.000375935 -0.0130136 0 9.18798e-05 -0.016138 0 0.000375935 -0.0133295 0 0 0 0 0.00234269 -0.0118886 0 -0.000188563 -0.016383 0 -0.00290357 -0.0124495 0
28 0 0 0 -0.000389859 -0.0134956 0 9.52827e-05 -0.0167357 0 0.000389859 -0.0138232 0 0 0 0 0.00242945 -0.0123289 0 -0.000195547 -0.0169898 0 -0.00301111 -0.0129106 0
29 0 0 0 -0.000403782 -0.0139776 0 9.86857e-05 -0.0173334 0 0.000403782 -0.0143169 0 0 0 0 0.00251622 -0.0127693 0 -0.000202531 -0.0175965 0 -0.00311865 -0.0133717 0
30 0 0 0 -0.000417706 -0.0144596 0 0.000102089 -0.0179311 0 0.000417706 -0.0148106 0 0 0 0 0.00260299 -0.0132096 0 -0.000209515 -0.0182033 0 -0.00322619 -0.0138328 0
31 0 0 0 -0.000431629 -0.0149416 0 0.000105492 -0.0185288 0 0.000431629 -0.0153042 0 0 0 0 0.00268975 -0.0136499 0 -0.000216499 -0.0188101 0 -0.00333373 -0.0142939 0
32 0 0 0 -0.000445553 -0.0154236 0 0.000108895 -0.0191265 0 0.000445553 -0.0157979 0 0 0 0 0.00277652 -0.0140902 0 -0.000223483 -0.0194169 0 -0.00344127 -0.014755 0
33 0 0 0 -0.000459476 -0.0159055 0 0.000112297 -0.0197242 0 0.000459476 -0.0162916 0 0 0 0 0.00286328 -0.0145305 0 -0.000230466 -0.0200236 0 -0.00354881 -0.0152161 0
34 0 0 0 -0.0004734 -0.0163875 0 0.0001157 -0.0203219 0 0.0004734 -0.0167853 0 0 0 0 0.00295005 -0.0149709 0 -0.00023745 -0.0206304 0 -0.00365635 -0.0156772 0
35 0 0 0 -0.000487323 -0.0168695 0 0.000119103 -0.0209196 0 0.000487323 -0.017279 0 0 0 0 0.00303682 -0.0154112 0 -0.000244434 -0.0212372 0 -0.00376389 -0.0161383 0
36 0 0 0 -0.000501247 -0.0173515 0 0.000122506 -0.0215173 0 0.000501247 -0.0177727 0 0 0 0 0.00312358 -0.0158515 0 -0.000251418 -0.021844 0 -0.00387143 -0.0165994 0
37 0 0 0 -0.00051517 -0.0178335 0 0.000125909 -0.022115 0 0.00051517 -0.0182664 0 0 0 0 0.00321035 -0.0162918 0 -0.000258402 -0.0224508 0 -0.00397897 -0.0170604 0
38 0 0 0 -0.000529094 -0.0183155 0 0.000129312 -0.0227127 0 0.000529094 -0.01876 0 0 0 0 0.00329711 -0.0167321 0 -0.000265386 -0.0230575 0 -0.00408651 -0.0175215 0
39 0 0 0 -0.000543017 -0.0187975 0 0.000132715 -0.0233104 0 0.000543017 -0.0192537 0 0 0 0 0.00338388 -0.0171725 0 -0.000272369 -0.0236643 0 -0.00419405 -0.0179826 0
40 0 0 0 -0.000556941 -0.0192794 0 0.000136118 -0.0239081 0 0.000556941 -0.0197474 0 0 0 0 0.00347065 -0.0176128 0 -0.000279353 -0.0242711 0 -0.00430159 -0.0184437 0
41 0 0 0 -0.000570864 -0.0197614 0 0.000139521 -0.0245058 0 0.000570864 -0.0202411 0 0 0 0 0.00355741 -0.0180531 0 -0.000286337 -0.0248779 0 -0.00440913 -0.0189048 0
42 0 0 0 -0.000584788 -0.0202434 0 0.000142924 -0.0251035 0 0.000584788 -0.0207348 0 0 0 0 0.00364418 -0.0184934 0 -0.000293321 -0.0254846 0 -0.00451667 -0.0193659 0
43 0 0 0 -0.000598711 -0.0207254 0 0.000146327 -0.0257012 0 0.000598711 -0.0212285 0 0 0 0 0.00373095 -0.0189337 0 -0.000300305 -0.0260914 0 -0.00462421 -0.019827 0
44 0 0 0 -0.000612635 -0.0212074 0 0.00014973 -0.0262989 0 0.000612635 -0.0217222 0 0 0 0 0.00381771 -0.0193741 0 -0.000307289 -0.0266982 0 -0.00473175 -0.0202881 0
45 0 0 0 -0.000626559 -0.0216894 0 0.000153133 -0.0268966 0 0.000626559 -0.0222158 0 0 0 0 0.00390448 -0.0198144 0 -0.000314272 -0.027305 0 -0.00483929 -0.0207492 0
46 0 0 0 -0.000640482 -0.0221714 0 0.000156536 -0.0274943 0 0.000640482 -0.0227095 0 0 0 0 0.00399124 -0.0202547 0 -0.000321256 -0.0279117 0 -0.00494683 -0.0212103 0
47 0 0 0 -0.000654406 -0.0226534 0 0.000159939 -0.028092 0 0.000654406 -0.0232032 0 0 0 0 0.00407801 -0.020695 0 -0.00032824 -0.0285185 0 -0.00505437 -0.0216714 0
48 0 0 0 -0.000668329 -0.0231353 0 0.000163342 -0.0286897 0 0.000668329 -0.0236969 0 0 0 0 0.00416478 -0.0211353 0 -0.000335224 -0.0291253 0 -0.00516191 -0.0221325 0
49 0 0 0 -0.000682253 -0.0236173 0 0.000166745 -0.0292874 0 0.000682253 -0.0241906 0 0 0 0 0.00425154 -0.0215757 0 -0.000342208 -0.0297321 0 -0.00526945 -0.0225936 0
50 0 0 0 -0.000696176 -0.0240993 0 0.000170148 -0.0298851 0 0.000696176 -0.0246843 0 0 0 0 0.00433831 -0.022016 0 -0.000349192 -0.0303389 0 -0.00537699 -0.0230547 0
51 0 0 0 -0.0007101 -0.0245813 0 0.000173551 -0.0304828 0 0.0007101 -0.0251779 0 0 0 0 0.00442507 -0.0224563 0 -0.000356175 -0.0309456 0 -0.00548453 -0.0235157 0
52 0 0 0 -0.000724023 -0.0250633 0 0.000176954 -0.0310805 0 0.000724023 -0.0256716 0 0 0 0 0.00451184 -0.0228966 0 -0.000363159 -0.0315524 0 -0.00559207 -0.0239768 0
53 0 0 0 -0.000737947 -0.0255453 0 0.000180357 -0.0316782 0 0.000737947 -0.0261653 0 0 0 0 0.00459861 -0.0233369 0 -0.000370143 -0.0321592 0 -0.00569961 -0.0244379 0
54 0 0 0 -0.00075187 -0.0260273 0 0.00018376 -0.0322759 0 0.00075187 -0.026659 0 0 0 0 0.00468537 -0.0237773 0 -0.000377127 -0.032766 0 -0.00580715 -0.024899 0
55 0 0 0 -0.000765794 -0.0265092 0 0.000187162 -0.0328736 0 0.000765794 -0.0271527 0 0 0 0 0.00477214 -0.0242176 0 -0.000384111 -0.0333727 0 -0.00591469 -0.0253601 0
56 0 0 0 -0.000779717 -0.0269912 0 0.000190565 -0.0334713 0 0.000779717 -0.0276464 0 0 0 0 0.00485891 -0.0246579 0 -0.000391094 -0.0339795 0 -0.00602223 -0.0258212 0
57 0 0 0 -0.000793641 -0.0274732 0 0.000193968 -0.034069 0 0.000793641 -0.0281401 0 0 0 0 0.00494567 -0.0250982 0 -0.000398078 -0.0345863 0 -0.00612977 -0.0262823 0
58 0 0 0 -0.000807564 -0.0279552 0 0.000197371 -0.0346667 0 0.000807564 -0.0286337 0 0 0 0 0.00503244 -0.0255385 0 -0.000405062 -0.0351931 0 -0.0062373 -0.0267434 0
59 0 0 0 -0.000821488 -0.0284372 0 0.000200774 -0.0352644 0 0.000821488 -0.0291274 0 0 0 0 0.0051192 -0.0259789 0 -0.000412046 -0.0357998 0 -0.00634484 -0.0272045 0
60 0 0 0 -0.000835411 -0.0289192 0 0.000204177 -0.0358622 0 0.000835411 -0.0296211 0 0 0 0 0.00520597 -0.0264192 0 -0.00041903 -0.0364066 0 -0.00645238 -0.0276656 0
61 0 0 0 -0.000849335 -0.0294012 0 0.00020758 -0.0364599 0 0.000849335 -0.0301148 0 0 0 0 0.00529274 -0.0268595 0 -0.000426014 -0.0370134 0 -0.00655992 -0.0281267 0
62 0 0 0 -0.000863258 -0.0298831 0 0.000210983 -0.0370576 0 0.000863258 -0.0306085 0 0 0 0 0.0053795 -0.0272998 0 -0.000432997 -0.0376202 0 -0.00666746 -0.0285878 0
63 0 0 0 -0.000877182 -0.0303651 0 0.000214386 -0.0376553 0 0.000877182 -0.0311022 0 0 0 0 0.00546627 -0.0277401 0 -0.000439981 -0.038227 0 -0.006775 -0.0290489 0
64 0 0 0 -0.000891105 -0.0308471 0 0.000217789 -0.038253 0 0.000891105 -0.0315959 0 0 0 0 0.00555303 -0.0281805 0 -0.000446965 -0.0388337 0 -0.00688254 -0.02951 0
65 0 0 0 -0.000905029 -0.0313291 0 0.000221192 -0.0388507 0 0.000905029 -0.0320895 0 0 0 0 0.0056398 -0.0286208 0 -0.000453949 -0.0394405 0 -0.00699008 -0.0299711 0
66 0 0 0 -0.000918953 -0.0318111 0 0.000224595 -0.0394484 0 0.000918953 -0.0325832 0 0 0 0 0.00572657 -0.0290611 0 -0.000460933 -0.0400473 0 -0.00709762 -0.0304321 0
67 0 0 0 -0.000932876 -0.0322931 0 0.000227998 -0.0400461 0 0.000932876 -0.0330769 0 0 0 0 0.00581333 -0.0295014 0 -0.000467917 -0.0406541 0 -0.00720516 -0.0308932 0
68 0 0 0 -0.0009468 -0.0327751 0 0.000231401 -0.0406438 0 0.0009468 -0.0335706 0 0 0 0 0.0059001 -0.0299417 0 -0.0004749 -0.0412608 0 -0.0073127 -0.0313543 0
69 0 0 0 -0.000960723 -0.033257 0 0.000234804 -0.0412415 0 0.000960723 -0.0340643 0 0 0 0 0.00598687 -0.030382 0 -0.000481884 -0.0418676 0 -0.00742024 -0.0318154 0
70 0 0 0 -0.000974647 -0.033739 0 0.000238207 -0.0418392 0 0.000974647 -0.034558 0 0 0 0 0.00607363 -0.0308224 0 -0.000488868 -0.0424744 0 -0.00752778 -0.0322765 0
71 0 0 0 -0.00098857 -0.034221 0 0.00024161 -0.0424369 0 0.00098857 -0.0350517 0 0 0 0 0.0061604 -0.0312627 0 -0.000495852 -0.0430812 0 -0.00763532 -0.0327376 0
72 0 0 0 -0.00100249 -0.034703 0 0.000245013 -0.0430346 0 0.00100249 -0.0355453 0 0 0 0 0.00624716 -0.031703 0 -0.000502836 -0.0436879 0 -0.00774286 -0.0331987 0
73 0 0 0 -0.00101642 -0.035185 0 0.000248416 -0.0436323 0 0.00101642 -0.036039 0 0 0 0 0.00633393 -0.0321433 0 -0.00050982 -0.0442947 0 -0.0078504 -0.0336598 0
74 0 0 0 -0.00103034 -0.035667 0 0.000251819 -0.04423 0 0.00103034 -0.0365327 0 0 0 0 0.0064207 -0.0325836 0 -0.000516803 -0.0449015 0 -0.00795794 -0.0341209 0
75 0 0 0 -0.00104426 -0.036149 0 0.000255222 -0.0448277 0 0.00104426 -0.0370264 0 0 0 0 0.00650746 -0.033024 0 -0.000523787 -0.0455083 0 -0.00806548 -0.034582 0
76 0 0 0 -0.00105819 -0.036631 0 0.000258624 -0.0454254 0 0.00105819 -0.0375201 0 0 0 0 0.00659423 -0.0334643 0 -0.000530771 -0.0461151 0 -0.00817302 -0.0350431 0
77 0 0 0 -0.00107211 -0.0371129 0 0.000262027 -0.0460231 0 0.00107211 -0.0380138 0 0 0 0 0.006681 -0.0339046 0 -0.000537755 -0.0467218 0 -0.00828056 -0.0355042 0
78 0 0 0 -0.00108603 -0.0375949 0 0.00026543 -0.0466208 0 0.00108603 -0.0385074 0 0 0 0 0.00676776 -0.0343449 0 -0.000544739 -0.0473286 0 -0.0083881 -0.0359653 0
79 0 0 0 -0.00109996 -0.0380769 0 0.000268833 -0.0472185 0 0.00109996 -0.0390011 0 0 0 0 0.00685453 -0.0347852 0 -0.000551723 -0.0479354 0 -0.00849564 -0.0364264 0
80 0 0 0 -0.00111388 -0.0385589 0 0.000272236 -0.0478162 0 0.00111388 -0.0394948 0 0 0 0 0.00694129 -0.0352256 0 -0.000558706 -0.0485422 0 -0.00860318 -0.0368875 0
81 0 0 0 -0.00112781 -0.0390409 0 0.000275639 -0.0484139 0 0.00112781 -0.0399885 0 0 0 0 0.00702806 -0.0356659 0 -0.00056569 -0.0491489 0 -0.00871072 -0.0373485 0
82 0 0 0 -0.00114173 -0.0395229 0 0.000279042 -0.0490116 0 0.00114173 -0.0404822 0 0 0 0 0.00711483 -0.0361062 0 -0.000572674 -0.0497557 0 -0.00881826 -0.0378096 0
83 0 0 0 -0.00115565 -0.0400049 0 0.000282445 -0.0496093 0 0.00115565 -0.0409759 0 0 0 0 0.00720159 -0.0365465 0 -0.000579658 -0.0503625 0 -0.0089258 -0.0382707 0
84 0 0 0 -0.00116958 -0.0404868 0 0.000285848 -0.050207 0 0.00116958 -0.0414696 0 0 0 0 0.00728836 -0.0369868 0 -0.000586642 -0.0509693 0 -0.00903334 -0.0387318 0
85 0 0 0 -0.0011835 -0.0409688 0 0.000289251 -0.0508047 0 0.0011835 -0.0419632 0 0 0 0 0.00737512 -0.0374272 0 -0.000593626 -0.051576 0 -0.00914088 -0.0391929 0
86 0 0 0 -0.00119742 -0.0414508 0 0.000292654 -0.0514024 0 0.00119742 -0.0424569 0 0 0 0 0.00746189 -0.0378675 0 -0.000600609 -0.0521828 0 -0.00924842 -0.039654 0
87 0 0 0 -0.00121135 -0.0419328 0 0.000296057 -0.0520001 0 0.00121135 -0.0429506 0 0 0 0 0.00754866 -0.0383078 0 -0.000607593 -0.0527896 0 -0.00935596 -0.0401151 0
88 0 0 0 -0.00122527 -0.0424148 0 0.00029946 -0.0525978 0 0.00122527 -0.0434443 0 0 0 0 0.00763542 -0.0387481 0 -0.000614577 -0.0533964 0 -0.0094635 -0.0405762 0
89 0 0 0 -0.00123919 -0.0428968 0 0.000302863 -0.0531955 0 0.00123919 -0.043938 0 0 0 0 0.00772219 -0.0391884 0 -0.000621561 -0.0540032 0 -0.00957104 -0.0410373 0
90 0 0 0 -0.00125312 -0.0433788 0 0.000306266 -0.0537932 0 0.00125312 -0.0444317 0 0 0 0 0.00780896 -0.0396288 0 -0.000628545 -0.0546099 0 -0.00967858 -0.0414984 0
91 0 0 0 -0.00126704 -0.0438607 0 0.000309669 -0.0543909 0 0.00126704 -0.0449254 0 0 0 0 0.00789572 -0.0400691 0 -0.000635529 -0.0552167 0 -0.00978612 -0.0419595 0
92 0 0 0 -0.00128096 -0.0443427 0 0.000313072 -0.0549886 0 0.00128096 -0.045419 0 0 0 0 0.00798249 -0.0405094 0 -0.000642512 -0.0558235 0 -0.00989366 -0.0424206 0
93 0 0 0 -0.00129489 -0.0448247 0 0.000316475 -0.0555863 0 0.00129489 -0.0459127 0 0 0 0 0.00806925 -0.0409497 0 -0.000649496 -0.0564303 0 -0.0100012 -0.0428817 0
94 0 0 0 -0.00130881 -0.0453067 0 0.000319878 -0.056184 0 0.00130881 -0.0464064 0 0 0 0 0.00815602 -0.04139 0 -0.00065648 -0.057037 0 -0.0101087 -0.0433428 0
95 0 0 0 -0.00132273 -0.0457887 0 0.000323281 -0.0567817 0 0.00132273 -0.0469001 0 0 0 0 0.00824279 -0.0418304 0 -0.000663464 -0.0576438 0 -0.0102163 -0.0438038 0
96 0 0 0 -0.00133666 -0.0462707 0 0.000326684 -0.0573794 0 0.00133666 -0.0473938 0 0 0 0 0.00832955 -0.0422707 0 -0.000670448 -0.0582506 0 -0.0103238 -0.0442649 0
97 0 0 0 -0.00135058 -0.0467527 0 0.000330087 -0.0579771 0 0.00135058 -0.0478875 0 0 0 0 0.00841632 -0.042711 0 -0.000677432 -0.0588574 0 -0.0104314 -0.044726 0
98 0 0 0 -0.00136451 -0.0472347 0 0.000333489 -0.0585748 0 0.00136451 -0.0483812 0 0 0 0 0.00850308 -0.0431513 0 -0.000684415 -0.0594642 0 -0.0105389 -0.0451871 0
99 0 0 0 -0.00137843 -0.0477166 0 0.000336892 -0.0591725 0 0.00137843 -0.0488748 0 0 0 0 0.00858985 -0.0435916 0 -0.000691399 -0.0600709 0 -0.0106464 -0.0456482 0
100 0 0 0 -0.00139235 -0.0481986 0 0.000340295 -0.0597703 0 0.00139235 -0.0493685 0 0 0 0 0.00867662 -0.044032 0 -0.000698383 -0.0606777 0 -0.010754 -0.0461093 0
101 0 0 0 -0.00140628 -0.0486806 0 0.000343698 -0.060368 0 0.00140628 -0.0498622 0 0 0 0 0.00876338 -0.0444723 0 -0.000705367 -0.0612845 0 -0.0108615 -0.0465704 0
102 0 0 0 -0.0014202 -0.0491626 0 0.000347101 -0.0609657 0 0.0014202 -0.0503559 0 0 0 0 0.00885015 -0.0449126 0 -0.000712351 -0.0618913 0 -0.0109691 -0.0470315 0
103 0 0 0 -0.00143412 -0.0496446 0 0.000350504 -0.0615634 0 0.00143412 -0.0508496 0 0 0 0 0.00893692 -0.0453529 0 -0.000719335 -0.062498 0 -0.0110766 -0.0474926 0
104 0 0 0 -0.00144805 -0.0501266 0 0.000353907 -0.0621611 0 0.00144805 -0.0513433 0 0 0 0 0.00902368 -0.0457932 0 -0.000726318 -0.0631048 0 -0.0111841 -0.0479537 0
105 0 0 0 -0.00146197 -0.0506086 0 0.00035731 -0.0627588 0 0.00146197 -0.051837 0 0 0 0 0.00911045 -0.0462336 0 -0.000733302 -0.0637116 0 -0.0112917 -0.0484148 0
106 0 0 0 -0.00147589 -0.0510905 0 0.000360713 -0.0633565 0 0.00147589 -0.0523306 0 0 0 0 0.00919721 -0.0466739 0 -0.000740286 -0.0643184 0 -0.0113992 -0.0488759 0
107 0 0 0 -0.00148982 -0.0515725 0 0.000364116 -0.0639542 0 0.00148982 -0.0528243 0 0 0 0 0.00928398 -0.0471142 0 -0.00074727 -0.0649251 0 -0.0115068 -0.049337 0
108 0 0 0 -0.00150374 -0.0520545 0 0.000367519 -0.0645519 0 0.00150374 -0.053318 0 0 0 0 0.00937075 -0.0475545 0 -0.000754254 -0.0655319 0 -0.0116143 -0.0497981 0
109 0 0 0 -0.00151766 -0.0525365 0 0.000370922 -0.0651496 0 0.00151766 -0.0538117 0 0 0 0 0.00945751 -0.0479948 0 -0.000761238 -0.0661387 0 -0.0117218 -0.0502592 0
110 0 0 0 -0.00153159 -0.0530185 0 0.000374325 -0.0657473 0 0.00153159 -0.0543054 0 0 0 0 0.00954428 -0.0484352 0 -0.000768221 -0.0667455 0 -0.0118294 -0.0507202 0
111 0 0 0 -0.00154551 -0.0535005 0 0.000377728 -0.066345 0 0.00154551 -0.0547991 0 0 0 0 0.00963104 -0.0488755 0 -0.000775205 -0.0673523 0 -0.0119369 -0.0511813 0
112 0 0 0 -0.00155943 -0.0539825 0 0.000381131 -0.0669427 0 0.00155943 -0.0552927 0 0 0 0 0.00971781 -0.0493158 0 -0.000782189 -0.067959 0 -0.0120445 -0.0516424 0
113 0 0 0 -0.00157336 -0.0544644 0 0.000384534 -0.0675404 0 0.00157336 -0.0557864 0 0 0 0 0.00980458 -0.0497561 0 -0.000789173 -0.0685658 0 -0.012152 -0.0521035 0
114 0 0 0 -0.00158728 -0.0549464 0 0.000387937 -0.0681381 0 0.00158728 -0.0562801 0 0 0 0 0.00989134 -0.0501964 0 -0.000796157 -0.0691726 0 -0.0122595 -0.0525646 0
115 0 0 0 -0.00160121 -0.0554284 0 0.00039134 -0.0687358 0 0.00160121 -0.0567738 0 0 0 0 0.00997811 -0.0506367 0 -0.00080314 -0.0697794 0 -0.0123671 -0.0530257 0
116 0 0 0 -0.00161513 -0.0559104 0 0.000394743 -0.0693335 0 0.00161513 -0.0572675 0 0 0 0 0.0100649 -0.0510771 0 -0.000810124 -0.0703861 0 -0.0124746 -0.0534868 0
117 0 0 0 -0.00162905 -0.0563924 0 0.000398146 -0.0699312 0 0.00162905 -0.0577612 0 0 0 0 0.0101516 -0.0515174 0 -0.000817108 -0.0709929 0 -0.0125821 -0.0539479 0
118 0 0 0 -0.00164298 -0.0568744 0 0.000401549 -0.0705289 0 0.00164298 -0.0582549 0 0 0 0 0.0102384 -0.0519577 0 -0.000824092 -0.0715997 0 -0.0126897 -0.054409 0
119 0 0 0 -0.0016569 -0.0573564 0 0.000404952 -0.0711266 0 0.0016569 -0.0587485 0 0 0 0 0.0103252 -0.052398 0 -0.000831076 -0.0722065 0 -0.0127972 -0.0548701 0
120 0 0 0 -0.00167082 -0.0578383 0 0.000408354 -0.0717243 0 0.00167082 -0.0592422 0 0 0 0 0.0104119 -0.0528383 0 -0.00083806 -0.0728132 0 -0.0129048 -0.0553312 0
121 0 0 0 -0.00168475 -0.0583203 0 0.000411757 -0.072322 0 0.00168475 -0.0597359 0 0 0 0 0.0104987 -0.0532787 0 -0.000845043 -0.07342 0 -0.0130123 -0.0557923 0
122 0 0 0 -0.00169867 -0.0588023 0 0.00041516 -0.0729197 0 0.00169867 -0.0602296 0 0 0 0 0.0105855 -0.053719 0 -0.000852027 -0.0740268 0 -0.0131198 -0.0562534 0
123 0 0 0 -0.00171259 -0.0592843 0 0.000418563 -0.0735174 0 0.00171259 -0.0607233 0 0 0 0 0.0106722 -0.0541593 0 -0.000859011 -0.0746336 0 -0.0132274 -0.0567145 0
124 0 0 0 -0.00172652 -0.0597663 0 0.000421966 -0.0741151 0 0.00172652 -0.061217 0 0 0 0 0.010759 -0.0545996 0 -0.000865995 -0.0752404 0 -0.0133349 -0.0571755 0
125 0 0 0 -0.00174044 -0.0602483 0 0.000425369 -0.0747128 0 0.00174044 -0.0617107 0 0 0 0 0.0108458 -0.0550399 0 -0.000872979 -0.0758471 0 -0.0134425 -0.0576366 0
126 0 0 0 -0.00175436 -0.0607303 0 0.000428772 -0.0753105 0 0.00175436 -0.0622043 0 0 0 0 0.0109325 -0.0554803 0 -0.000879963 -0.0764539 0 -0.01355 -0.0580977 0
127 0 0 0 -0.00176829 -0.0612123 0 0.000432175 -0.0759082 0 0.00176829 -0.062698 0 0 0 0 0.0110193 -0.0559206 0 -0.000886946 -0.0770607 0 -0.0136575 -0.0585588 0
128 0 0 0 -0.00178221 -0.0616942 0 0.000435578 -0.0765059 0 0.00178221 -0.0631917 0 0 0 0 0.0111061 -0.0563609 0 -0.00089393 -0.0776675 0 -0.0137651 -0.0590199 0
129 0 0 0 -0.00179613 -0.0621762 0 0.000438981 -0.0771036 0 0.00179613 -0.0636854 0 0 0 0 0.0111928 -0.0568012 0 -0.000900914 -0.0782742 0 -0.0138726 -0.059481 0
130 0 0 0 -0.00181006 -0.0626582 0 0.000442384 -0.0777013 0 0.00181006 -0.0641791 0 0 0 0 0.0112796 -0.0572415 0 -0.000907898 -0.078881 0 -0.0139802 -0.0599421 0
131 0 0 0 -0.00182398 -0.0631402 0 0.000445787 -0.078299 0 0.00182398 -0.0646728 0 0 0 0 0.0113664 -0.0576819 0 -0.000914882 -0.0794878 0 -0.0140877 -0.0604032 0
132 0 0 0 -0.00183791 -0.0636222 0 0.00044919 -0.0788967 0 0.00183791 -0.0651665 0 0 0 0 0.0114531 -0.0581222 0 -0.000921866 -0.0800946 0 -0.0141952 -0.0608643 0
133 0 0 0 -0.00185183 -0.0641042 0 0.000452593 -0.0794944 0 0.00185183 -0.0656601 0 0 0 0 0.0115399 -0.0585625 0 -0.000928849 -0.0807013 0 -0.0143028 -0.0613254 0
134 0 0 0 -0.00186575 -0.0645862 0 0.000455996 -0.0800921 0 0.00186575 -0.0661538 0 0 0 0 0.0116267 -0.0590028 0 -0.000935833 -0.0813081 0 -0.0144103 -0.0617865 0
135 0 0 0 -0.00187968 -0.0650681 0 0.000459399 -0.0806898 0 0.00187968 -0.0666475 0 0 0 0 0.0117134 -0.0594431 0 -0.000942817 -0.0819149 0 -0.0145179 -0.0622476 0
136 0 0 0 -0.0018936 -0.0655501 0 0.000462802 -0.0812875 0 0.0018936 -0.0671412 0 0 0 0 0.0118002 -0.0598835 0 -0.000949801 -0.0825217 0 -0.0146254 -0.0627087 0
137 0 0 0 -0.00190752 -0.0660321 0 0.000466205 -0.0818852 0 0.00190752 -0.0676349 0 0 0 0 0.011887 -0.0603238 0 -0.000956785 -0.0831285 0 -0.0147329 -0.0631698 0
138 0 0 0 -0.00192145 -0.0665141 0 0.000469608 -0.0824829 0 0.00192145 -0.0681286 0 0 0 0 0.0119737 -0.0607641 0 -0.000963769 -0.0837352 0 -0.0148405 -0.0636309 0
139 0 0 0 -0.00193537 -0.0669961 0 0.000473011 -0.0830806 0 0.00193537 -0.0686222 0 0 0 0 0.0120605 -0.0612044 0 -0.000970752 -0.084342 0 -0.014948 -0.0640919 0
140 0 0 0 -0.00194929 -0.0674781 0 0.000476414 -0.0836784 0 0.00194929 -0.0691159 0 0 0 0 0.0121473 -0.0616447 0 -0.000977736 -0.0849488 0 -0.0150556 -0.064553 0
141 0 0 0 -0.00196322 -0.0679601 0 0.000479816 -0.0842761 0 0.00196322 -0.0696096 0 0 0 0 0.012234 -0.0620851 0 -0.00098472 -0.0855556 0 -0.0151631 -0.0650141 0
142 0 0 0 -0.00197714 -0.068442 0 0.000483219 -0.0848738 0 0.00197714 -0.0701033 0 0 0 0 0.0123208 -0.0625254 0 -0.000991704 -0.0861623 0 -0.0152706 -0.0654752 0
143 0 0 0 -0.00199106 -0.068924 0 0.000486622 -0.0854715 0 0.00199106 -0.070597 0 0 0 0 0.0124076 -0.0629657 0 -0.000998688 -0.0867691 0 -0.0153782 -0.0659363 0
144 0 0 0 -0.00200499 -0.069406 0 0.000490025 -0.0860692 0 0.00200499 -0.0710907 0 0 0 0 0.0124943 -0.063406 0 -0.00100567 -0.0873759 0 -0.0154857 -0.0663974 0
145 0 0 0 -0.00201891 -0.069888 0 0.000493428 -0.0866669 0 0.00201891 -0.0715844 0 0 0 0 0.0125811 -0.0638463 0 -0.00101266 -0.0879827 0 -0.0155933 -0.0668585 0
146 0 0 0 -0.00203283 -0.07037 0 0.000496831 -0.0872646 0 0.00203283 -0.072078 0 0 0 0 0.0126679 -0.0642867 0 -0.00101964 -0.0885894 0 -0.0157008 -0.0673196 0
147 0 0 0 -0.00204676 -0.070852 0 0.000500234 -0.0878623 0 0.00204676 -0.0725717 0 0 0 0 0.0127546 -0.064727 0 -0.00102662 -0.0891962 0 -0.0158083 -0.0677807 0
148 0 0 0 -0.00206068 -0.071334 0 0.000503637 -0.08846 0 0.00206068 -0.0730654 0 0 0 0 0.0128414 -0.0651673 0 -0.00103361 -0.089803 0 -0.0159159 -0.0682418 0
149 0 0 0 -0.0020746 -0.0718159 0 0.00050704 -0.0890577 0 0.0020746 -0.0735591 0 0 0 0 0.0129282 -0.0656076 0 -0.00104059 -0.0904098 0 -0.0160234 -0.0687029 0
150 0 0 0 -0.00208853 -0.0722979 0 0.000510443 -0.0896554 0 0.00208853 -0.0740528 0 0 0 0 0.0130149 -0.0660479 0 -0.00104757 -0.0910166 0 -0.016131 -0.069164 0
151 0 0 0 -0.00210245 -0.0727799 0 0.000513846 -0.0902531 0 0.00210245 -0.0745465 0 0 0 0 0.0131017 -0.0664883 0 -0.00105456 -0.0916233 0 -0.0162385 -0.0696251 0
152 0 0 0 -0.00211638 -0.0732619 0 0.000517249 -0.0908508 0 0.00211638 -0.0750402 0 0 0 0 0.0131885 -0.0669286 0 -0.00106154 -0.0922301 0 -0.016346 -0.0700862 0
153 0 0 0 -0.0021303 -0.0737439 0 0.000520652 -0.0914485 0 0.0021303 -0.0755338 0 0 0 0 0.0132752 -0.0673689 0 -0.00106853 -0.0928369 0 -0.0164536 -0.0705472 0
154 0 0 0 -0.00214422 -0.0742259 0 0.000524055 -0.0920462 0 0.00214422 -0.0760275 0 0 0 0 0.013362 -0.0678092 0 -0.00107551 -0.0934437 0 -0.0165611 -0.0710083 0
155 0 0 0 -0.00215815 -0.0747079 0 0.000527458 -0.0926439 0 0.00215815 -0.0765212 0 0 0 0 0.0134488 -0.0682495 0 -0.00108249 -0.0940504 0 -0.0166687 -0.0714694 0
156 0 0 0 -0.00217207 -0.0751899 0 0.000530861 -0.0932416 0 0.00217207 -0.0770149 0 0 0 0 0.0135355 -0.0686899 0 -0.00108948 -0.0946572 0 -0.0167762 -0.0719305 0
157 0 0 0 -0.00218599 -0.0756718 0 0.000534264 -0.0938393 0 0.00218599 -0.0775086 0 0 0 0 0.0136223 -0.0691302 0 -0.00109646 -0.095264 0 -0.0168837 -0.0723916 0
158 0 0 0 -0.00219992 -0.0761538 0 0.000537667 -0.094437 0 0.00219992 -0.0780023 0 0 0 0 0.0137091 -0.0695705 0 -0.00110345 -0.0958708 0 -0.0169913 -0.0728527 0
159 0 0 0 -0.00221384 -0.0766358 0 0.00054107 -0.0950347 0 0.00221384 -0.078496 0 0 0 0 0.0137958 -0.0700108 0 -0.00111043 -0.0964776 0 -0.0170988 -0.0733138 0
160 0 0 0 -0.00222776 -0.0771178 0 0.000544473 -0.0956324 0 0.00222776 -0.0789896 0 0 0 0 0.0138826 -0.0704511 0 -0.00111741 -0.0970843 0 -0.0172064 -0.0737749 0
161 0 0 0 -0.00224169 -0.0775998 0 0.000547876 -0.0962301 0 0.00224169 -0.0794833 0 0 0 0 0.0139694 -0.0708914 0 -0.0011244 -0.0976911 0 -0.0173139 -0.074236 0
162 0 0 0 -0.00225561 -0.0780818 0 0.000551279 -0.0968278 0 0.00225561 -0.079977 0 0 0 0 0.0140561 -0.0713318 0 -0.00113138 -0.0982979 0 -0.0174214 -0.0746971 0
163 0 0 0 -0.00226953 -0.0785638 0 0.000554681 -0.0974255 0 0.00226953 -0.0804707 0 0 0 0 0.0141429 -0.0717721 0 -0.00113836 -0.0989047 0 -0.017529 -0.0751582 0
164 0 0 0 -0.00228346 -0.0790457 0 0.000558084 -0.0980232 0 0.00228346 -0.0809644 0 0 0 0 0.0142297 -0.0722124 0 -0.00114535 -0.0995114 0 -0.0176365 -0.0756193 0
165 0 0 0 -0.00229738 -0.0795277 0 0.000561487 -0.0986209 0 0.00229738 -0.0814581 0 0 0 0 0.0143164 -0.0726527 0 -0.00115233 -0.100118 0 -0.0177441 -0.0760804 0
166 0 0 0 -0.0023113 -0.0800097 0 0.00056489 -0.0992186 0 0.0023113 -0.0819518 0 0 0 0 0.0144032 -0.073093 0 -0.00115932 -0.100725 0 -0.0178516 -0.0765415 0
167 0 0 0 -0.00232523 -0.0804917 0 0.000568293 -0.0998163 0 0.00232523 -0.0824454 0 0 0 0 0.01449 -0.0735334 0 -0.0011663 -0.101332 0 -0.0179591 -0.0770026 0
168 0 0 0 -0.00233915 -0.0809737 0 0.000571696 -0.100414 0 0.00233915 -0.0829391 0 0 0 0 0.0145767 -0.0739737 0 -0.00117328 -0.101939 0 -0.0180667 -0.0774636 0
169 0 0 0 -0.00235308 -0.0814557 0 0.000575099 -0.101012 0 0.00235308 -0.0834328 0 0 0 0 0.0146635 -0.074414 0 -0.00118027 -0.102545 0 -0.0181742 -0.0779247 0
170 0 0 0 -0.002367 -0.0819377 0 0.000578502 -0.101609 0 0.002367 -0.0839265 0 0 0 0 0.0147502 -0.0748543 0 -0.00118725 -0.103152 0 -0.0182818 -0.0783858 0
171 0 0 0 -0.00238092 -0.0824196 0 0.000581905 -0.102207 0 0.00238092 -0.0844202 0 0 0 0 0.014837 -0.0752946 0 -0.00119423 -0.103759 0 -0.0183893 -0.0788469 0
172 0 0 0 -0.00239485 -0.0829016 0 0.000585308 -0.102805 0 0.00239485 -0.0849139 0 0 0 0 0.0149238 -0.075735 0 -0.00120122 -0.104366 0 -0.0184968 -0.079308 0
173 0 0 0 -0.00240877 -0.0833836 0 0.000588711 -0.103403 0 0.00240877 -0.0854075 0 0 0 0 0.0150105 -0.0761753 0 -0.0012082 -0.104972 0 -0.0186044 -0.0797691 0
174 0 0 0 -0.00242269 -0.0838656 0 0.000592114 -0.104 0 0.00242269 -0.0859012 0 0 0 0 0.0150973 -0.0766156 0 -0.00121519 -0.105579 0 -0.0187119 -0.0802302 0
175 0 0 0 -0.00243662 -0.0843476 0 0.000595517 -0.104598 0 0.00243662 -0.0863949 0 0 0 0 0.0151841 -0.0770559 0 -0.00122217 -0.106186 0 -0.0188195 -0.0806913 0
176 0 0 0 -0.00245054 -0.0848296 0 0.00059892 -0.105196 0 0.00245054 -0.0868886 0 0 0 0 0.0152708 -0.0774962 0 -0.00122915 -0.106793 0 -0.018927 -0.0811524 0
177 0 0 0 -0.00246446 -0.0853116 0 0.000602323 -0.105793 0 0.00246446 -0.0873823 0 0 0 0 0.0153576 -0.0779366 0 -0.00123614 -0.1074 0 -0.0190345 -0.0816135 0
178 0 0 0 -0.00247839 -0.0857935 0 0.000605726 -0.106391 0 0.00247839 -0.087876 0 0 0 0 0.0154444 -0.0783769 0 -0.00124312 -0.108006 0 -0.0191421 -0.0820746 0
179 0 0 0 -0.00249231 -0.0862755 0 0.000609129 -0.106989 0 0.00249231 -0.0883697 0 0 0 0 0.0155311 -0.0788172 0 -0.00125011 -0.108613 0 -0.0192496 -0.0825357 0
180 0 0 0 -0.00250623 -0.0867575 0 0.000612532 -0.107586 0 0.00250623 -0.0888633 0 0 0 0 0.0156179 -0.0792575 0 -0.00125709 -0.10922 0 -0.0193572 -0.0829968 0
181 0 0 0 -0.00252016 -0.0872395 0 0.000615935 -0.108184 0 0.00252016 -0.089357 0 0 0 0 0.0157047 -0.0796978 0 -0.00126407 -0.109827 0 -0.0194647 -0.0834579 0
182 0 0 0 -0.00253408 -0.0877215 0 0.000619338 -0.108782 0 0.00253408 -0.0898507 0 0 0 0 0.0157914 -0.0801382 0 -0.00127106 -0.110433 0 -0.0195722 -0.0839189 0
183 0 0 0 -0.002548 -0.0882035 0 0.000622741 -0.10938 0 0.002548 -0.0903444 0 0 0 0 0.0158782 -0.0805785 0 -0.00127804 -0.11104 0 -0.0196798 -0.08438 0
184 0 0 0 -0.00256193 -0.0886855 0 0.000626144 -0.109977 0 0.00256193 -0.0908381 0 0 0 0 0.015965 -0.0810188 0 -0.00128502 -0.111647 0 -0.0197873 -0.0848411 0
185 0 0 0 -0.00257585 -0.0891675 0 0.000629546 -0.110575 0 0.00257585 -0.0913318 0 0 0 0 0.0160517 -0.0814591 0 -0.00129201 -0.112254 0 -0.0198949 -0.0853022 0
186 0 0 0 -0.00258978 -0.0896494 0 0.000632949 -0.111173 0 0.00258978 -0.0918255 0 0 0 0 0.0161385 -0.0818994 0 -0.00129899 -0.112861 0 -0.0200024 -0.0857633 0
187 0 0 0 -0.0026037 -0.0901314 0 0.000636352 -0.11177 0 0.0026037 -0.0923191 0 0 0 0 0.0162253 -0.0823398 0 -0.00130598 -0.113467 0 -0.0201099 -0.0862244 0
188 0 0 0 -0.00261762 -0.0906134 0 0.000639755 -0.112368 0 0.00261762 -0.0928128 0 0 0 0 0.016312 -0.0827801 0 -0.00131296 -0.114074 0 -0.0202175 -0.0866855 0
189 0 0 0 -0.00263155 -0.0910954 0 0.000643158 -0.112966 0 0.00263155 -0.0933065 0 0 0 0 0.0163988 -0.0832204 0 -0.00131994 -0.114681 0 -0.020325 -0.0871466 0
190 0 0 0 -0.00264547 -0.0915774 0 0.000646561 -0.113563 0 0.00264547 -0.0938002 0 0 0 0 0.0164856 -0.0836607 0 -0.00132693 -0.115288 0 -0.0204326 -0.0876077 0
191 0 0 0 -0.00265939 -0.0920594 0 0.000649964 -0.114161 0 0.00265939 -0.0942939 0 0 0 0 0.0165723 -0.084101 0 -0.00133391 -0.115894 0 -0.0205401 -0.0880688 0
192 0 0 0 -0.00267332 -0.0925414 0 0.000653367 -0.114759 0 0.00267332 -0.0947876 0 0 0 0 0.0166591 -0.0845414 0 -0.0013409 -0.116501 0 -0.0206476 -0.0885299 0
193 0 0 0 -0.00268724 -0.0930233 0 0.00065677 -0.115357 0 0.00268724 -0.0952813 0 0 0 0 0.0167459 -0.0849817 0 -0.00134788 -0.117108 0 -0.0207552 -0.088991 0
194 0 0 0 -0.00270116 -0.0935053 0 0.000660173 -0.115954 0 0.00270116 -0.0957749 0 0 0 0 0.0168326 -0.085422 0 -0.00135486 -0.117715 0 -0.0208627 -0.0894521 0
195 0 0 0 -0.00271509 -0.0939873 0 0.000663576 -0.116552 0 0.00271509 -0.0962686 0 0 0 0 0.0169194 -0.0858623 0 -0.00136185 -0.118322 0 -0.0209702 -0.0899132 0
196 0 0 0 -0.00272901 -0.0944693 0 0.000666979 -0.11715 0 0.00272901 -0.0967623 0 0 0 0 0.0170062 -0.0863026 0 -0.00136883 -0.118928 0 -0.0210778 -0.0903743 0
197 0 0 0 -0.00274293 -0.0949513 0 0.000670382 -0.117747 0 0.00274293 -0.097256 0 0 0 0 0.0170929 -0.086743 0 -0.00137581 -0.119535 0 -0.0211853 -0.0908353 0
198 0 0 0 -0.00275686 -0.0954333 0 0.000673785 -0.118345 0 0.00275686 -0.0977497 0 0 0 0 0.0171797 -0.0871833 0 -0.0013828 -0.120142 0 -0.0212929 -0.0912964 0
199 0 0 0 -0.00277078 -0.0959153 0 0.000677188 -0.118943 0 0.00277078 -0.0982434 0 0 0 0 0.0172665 -0.0876236 0 -0.00138978 -0.120749 0 -0.0214004 -0.0917575 0
200 0 0 0 -0.0027847 -0.0963972 0 0.000680591 -0.119541 0 0.0027847 -0.0987371 0 0 0 0 0.0173532 -0.0880639 0 -0.00139677 -0.121355 0 -0.0215079 -0.0922186 0
