1 -0.260387 -0.00827449 0.00827449 6.93889e-18 -0.00551633 -0.00551633 -0.0397335 0.00827449 -0.00827449
2 -0.520773 -0.016549 0.016549 0 -0.0110327 -0.0110327 -0.0794669 0.016549 -0.016549
3 -0.78116 -0.0248235 0.0248235 0 -0.016549 -0.016549 -0.1192 0.0248235 -0.0248235
4 -1.04155 -0.033098 0.033098 0 -0.0220653 -0.0220653 -0.158934 0.033098 -0.033098
5 -1.30193 -0.0413725 0.0413725 0 -0.0275816 -0.0275816 -0.198667 0.0413725 -0.0413725
6 -1.56232 -0.049647 0.049647 0 -0.033098 -0.033098 -0.238401 0.049647 -0.049647
7 -1.82271 -0.0579214 0.0579214 0 -0.0386143 -0.0386143 -0.278134 0.0579214 -0.0579214
8 -2.08309 -0.0661959 0.0661959 0 -0.0441306 -0.0441306 -0.317868 0.0661959 -0.0661959
9 -2.34348 -0.0744704 0.0744704 0 -0.049647 -0.049647 -0.357601 0.0744704 -0.0744704
10 -2.60387 -0.0827449 0.0827449 0 -0.0551633 -0.0551633 -0.397335 0.0827449 -0.0827449
