1 0 -28750 0 0 28750 -115000 0 48000 115000 0 2000 4.00178e-11
2 0 -28750 0 0 28750 -115000 0 48000 115000 0 2000 4.00178e-11
3 0 -28750 0 0 28750 -115000 0 48000 115000 0 2000 -1.09139e-11
4 0 -28750 0 0 28750 -115000 0 48000 115000 0 2000 -3.63798e-12
5 0 -28750 0 0 28750 -115000 0 48000 115000 0 2000 -1.09139e-11
6 0 -28750 0 0 28750 -115000 0 48000 115000 0 2000 -3.63798e-12
7 0 -28750 0 0 28750 -115000 0 48000 115000 0 2000 -1.09139e-11
8 0 -28750 0 0 28750 -115000 0 48000 115000 0 2000 -3.63798e-12
9 0 -28750 0 0 28750 -115000 0 48000 115000 0 2000 -1.09139e-11
10 0 -28750 0 0 28750 -115000 0 48000 115000 0 2000 -3.63798e-12
11 0 -28750 0 0 28750 -115000 0 48000 115000 0 2000 -1.09139e-11
12 0 -28750 0 0 28750 -115000 0 48000 115000 0 2000 -3.63798e-12
13 0 -28750 0 0 28750 -115000 0 48000 115000 0 2000 -1.09139e-11
14 0 -28750 0 0 28750 -115000 0 48000 115000 0 2000 -3.63798e-12
15 0 -28750 0 0 28750 -115000 0 48000 115000 0 2000 -1.09139e-11
16 0 -28750 0 0 28750 -115000 0 48000 115000 0 2000 -3.63798e-12
17 0 -28750 0 0 28750 -115000 0 48000 115000 0 2000 -1.09139e-11
18 0 -28750 0 0 28750 -115000 0 48000 115000 0 2000 -3.63798e-12
19 0 -28750 0 0 28750 -115000 0 48000 115000 0 2000 -1.09139e-11
20 0 -28750 0 0 28750 -115000 0 48000 115000 0 2000 -3.63798e-12
21 0 -28750 0 0 28750 -115000 0 48000 115000 0 2000 -1.09139e-11
22 0 -28750 0 0 28750 -115000 0 48000 115000 0 2000 -3.63798e-12
23 0 -28750 0 0 28750 -115000 0 48000 115000 0 2000 -1.09139e-11
24 0 -28750 0 0 28750 -115000 0 48000 115000 0 2000 -3.63798e-12
25 0 -28750 0 0 28750 -115000 0 48000 115000 0 2000 -1.09139e-11
26 0 -28750 0 0 28750 -115000 0 48000 115000 0 2000 -3.63798e-12
27 0 -28750 0 0 28750 -115000 0 48000 115000 0 2000 -1.09139e-11
28 0 -28750 0 0 28750 -115000 0 48000 115000 0 2000 -3.63798e-12
29 0 -28750 0 0 28750 -115000 0 48000 115000 0 2000 -1.09139e-11
30 0 -28750 0 0 28750 -115000 0 48000 115000 0 2000 -3.63798e-12
31 0 -28750 0 0 28750 -115000 0 48000 115000 0 2000 -1.09139e-11
32 0 -28750 0 0 28750 -115000 0 48000 115000 0 2000 -3.63798e-12
33 0 -28750 0 0 28750 -115000 0 48000 115000 0 2000 -1.09139e-11
34 0 -28750 0 0 28750 -115000 0 48000 115000 0 2000 -3.63798e-12
35 0 -28750 0 0 28750 -115000 0 48000 115000 0 2000 -1.09139e-11
36 0 -28750 0 0 28750 -115000 0 48000 115000 0 2000 -3.63798e-12
37 0 -28750 0 0 28750 -115000 0 48000 115000 0 2000 -1.09139e-11
38 0 -28750 0 0 28750 -115000 0 48000 115000 0 2000 -3.63798e-12
39 0 -28750 0 0 28750 -115000 0 48000 115000 0 2000 -1.09139e-11
40 0 -28750 0 0 28750 -115000 0 48000 115000 0 2000 -3.63798e-12
41 0 -28750 0 0 28750 -115000 0 48000 115000 0 2000 -1.09139e-11
42 0 -28750 0 0 28750 -115000 0 48000 115000 0 2000 -3.63798e-12
43 0 -28750 0 0 28750 -115000 0 48000 115000 0 2000 -1.09139e-11
44 0 -28750 0 0 28750 -115000 0 48000 115000 0 2000 -3.63798e-12
45 0 -28750 0 0 28750 -115000 0 48000 115000 0 2000 -1.09139e-11
46 0 -28750 0 0 28750 -115000 0 48000 115000 0 2000 -3.63798e-12
47 0 -28750 0 0 28750 -115000 0 48000 115000 0 2000 -1.09139e-11
48 0 -28750 0 0 28750 -115000 0 48000 115000 0 2000 -3.63798e-12
49 0 -28750 0 0 28750 -115000 0 48000 115000 0 2000 -1.09139e-11
50 0 -28750 0 0 28750 -115000 0 48000 115000 0 2000 -3.63798e-12
51 0 -28750 0 0 28750 -115000 0 48000 115000 0 2000 -1.09139e-11
52 0 -28750 0 0 28750 -115000 0 48000 115000 0 2000 -3.63798e-12
53 0 -28750 0 0 28750 -115000 0 48000 115000 0 2000 -1.09139e-11
54 0 -28750 0 0 28750 -115000 0 48000 115000 0 2000 -3.63798e-12
55 0 -28750 0 0 28750 -115000 0 48000 115000 0 2000 -1.09139e-11
56 0 -28750 0 0 28750 -115000 0 48000 115000 0 2000 -3.63798e-12
57 0 -28750 0 0 28750 -115000 0 48000 115000 0 2000 -1.09139e-11
58 0 -28750 0 0 28750 -115000 0 48000 115000 0 2000 -3.63798e-12
59 0 -28750 0 0 28750 -115000 0 48000 115000 0 2000 -1.09139e-11
60 0 -28750 0 0 28750 -115000 0 48000 115000 0 2000 -3.63798e-12
61 0 -28750 0 0 28750 -115000 0 48000 115000 0 2000 -1.09139e-11
62 0 -28750 0 0 28750 -115000 0 48000 115000 0 2000 -3.63798e-12
63 0 -28750 0 0 28750 -115000 0 48000 115000 0 2000 -1.09139e-11
64 0 -28750 0 0 28750 -115000 0 48000 115000 0 2000 -3.63798e-12
65 0 -28750 0 0 28750 -115000 0 48000 115000 0 2000 -1.09139e-11
66 0 -28750 0 0 28750 -115000 0 48000 115000 0 2000 -3.63798e-12
67 0 -28750 0 0 28750 -115000 0 48000 115000 0 2000 -1.09139e-11
68 0 -28750 0 0 28750 -115000 0 48000 115000 0 2000 -3.63798e-12
69 0 -28750 0 0 28750 -115000 0 48000 115000 0 2000 -1.09139e-11
70 0 -28750 0 0 28750 -115000 0 48000 115000 0 2000 -3.63798e-12
71 0 -28750 0 0 28750 -115000 0 48000 115000 0 2000 -1.09139e-11
72 0 -28750 0 0 28750 -115000 0 48000 115000 0 2000 -3.63798e-12
73 0 -28750 0 0 28750 -115000 0 48000 115000 0 2000 -1.09139e-11
74 0 -28750 0 0 28750 -115000 0 48000 115000 0 2000 -3.63798e-12
75 0 -28750 0 0 28750 -115000 0 48000 115000 0 2000 -1.09139e-11
76 0 -28750 0 0 28750 -115000 0 48000 115000 0 2000 -3.63798e-12
77 0 -28750 0 0 28750 -115000 0 48000 115000 0 2000 -1.09139e-11
78 0 -28750 0 0 28750 -115000 0 48000 115000 0 2000 -3.63798e-12
79 0 -28750 0 0 28750 -115000 0 48000 115000 0 2000 -1.09139e-11
80 0 -28750 0 0 28750 -115000 0 48000 115000 0 2000 -3.63798e-12
81 0 -28750 0 0 28750 -115000 0 48000 115000 0 2000 -1.09139e-11
82 0 -28750 0 0 28750 -115000 0 48000 115000 0 2000 -3.63798e-12
83 0 -28750 0 0 28750 -115000 0 48000 115000 0 2000 -1.09139e-11
84 0 -28750 0 0 28750 -115000 0 48000 115000 0 2000 -3.63798e-12
85 0 -28750 0 0 28750 -115000 0 48000 115000 0 2000 -1.09139e-11
86 0 -28750 0 0 28750 -115000 0 48000 115000 0 2000 -3.63798e-12
87 0 -28750 0 0 28750 -115000 0 48000 115000 0 2000 -1.09139e-11
88 0 -28750 0 0 28750 -115000 0 48000 115000 0 2000 -3.63798e-12
89 0 -28750 0 0 28750 -115000 0 48000 115000 0 2000 -1.09139e-11
90 0 -28750 0 0 28750 -115000 0 48000 115000 0 2000 -3.63798e-12
91 0 -28750 0 0 28750 -115000 0 48000 115000 0 2000 -1.09139e-11
92 0 -28750 0 0 28750 -115000 0 48000 115000 0 2000 -3.63798e-12
93 0 -28750 0 0 28750 -115000 0 48000 115000 0 2000 -1.09139e-11
94 0 -28750 0 0 28750 -115000 0 48000 115000 0 2000 -3.63798e-12
95 0 -28750 0 0 28750 -115000 0 48000 115000 0 2000 -1.09139e-11
96 0 -28750 0 0 28750 -115000 0 48000 115000 0 2000 -3.63798e-12
97 0 -28750 0 0 28750 -115000 0 48000 115000 0 2000 -1.09139e-11
98 0 -28750 0 0 28750 -115000 0 48000 115000 0 2000 -3.63798e-12
99 0 -28750 0 0 28750 -115000 0 48000 115000 0 2000 -1.09139e-11
100 0 -28750 0 0 28750 -115000 0 48000 115000 0 2000 -3.63798e-12
