1 0 86760.8 -66195.9 -1.15602e-12 2.00089e-11 0 1.86183e-11 0 4.36557e-11 -1.74623e-11 13239.2 -66195.9
2 0 173522 -132392 0 -2.54659e-11 0 0 0 0 0 26478.4 -132392
3 0 260282 -198588 0 -2.18279e-11 2.91038e-11 0 -7.27596e-12 2.91038e-11 0 39717.6 -198588
4 0 347043 -264784 0 8.00355e-11 0 0 0 0 0 52956.8 -264784
5 0 433804 -330980 0 -4.36557e-11 -5.82077e-11 0 0 -5.82077e-11 0 66195.9 -330980
6 0 520565 -397176 0 2.91038e-11 5.82077e-11 0 0 5.82077e-11 0 79435.1 -397176
7 6.98492e-11 607326 -463372 -6.98492e-11 1.01863e-10 2.32831e-10 -6.98492e-11 -7.27596e-11 2.32831e-10 6.98492e-11 92674.3 -463372
8 0 694086 -529568 0 2.32831e-10 4.65661e-10 0 -8.73115e-11 4.65661e-10 0 105914 -529568
9 0 780847 -595763 0 2.32831e-10 4.65661e-10 0 -7.27596e-11 3.49246e-10 0 119153 -595763
10 0 867608 -661959 0 2.61934e-10 5.82077e-10 0 -5.82077e-11 5.82077e-10 0 132392 -661959
