1 0 0 0.00435764 0 0 -0.00871528 0 -0.0781308 -0.0167394
2 0 0 0.00435764 0 0 -0.00871528 0 -0.0781308 -0.0167394
3 0 0 0.00435764 0 0 -0.00871528 0 -0.0781308 -0.0167394
4 0 0 0.00435764 0 0 -0.00871528 0 -0.0781308 -0.0167394
5 0 0 0.00435764 0 0 -0.00871528 0 -0.0781308 -0.0167394
6 0 0 0.00435764 0 0 -0.00871528 0 -0.0781308 -0.0167394
7 0 0 0.00435764 0 0 -0.00871528 0 -0.0781308 -0.0167394
8 0 0 0.00435764 0 0 -0.00871528 0 -0.0781308 -0.0167394
9 0 0 0.00435764 0 0 -0.00871528 0 -0.0781308 -0.0167394
10 0 0 0.00435764 0 0 -0.00871528 0 -0.0781308 -0.0167394
11 0 0 0.00435764 0 0 -0.00871528 0 -0.0781308 -0.0167394
12 0 0 0.00435764 0 0 -0.00871528 0 -0.0781308 -0.0167394
13 0 0 0.00435764 0 0 -0.00871528 0 -0.0781308 -0.0167394
14 0 0 0.00435764 0 0 -0.00871528 0 -0.0781308 -0.0167394
15 0 0 0.00435764 0 0 -0.00871528 0 -0.0781308 -0.0167394
16 0 0 0.00435764 0 0 -0.00871528 0 -0.0781308 -0.0167394
17 0 0 0.00435764 0 0 -0.00871528 0 -0.0781308 -0.0167394
18 0 0 0.00435764 0 0 -0.00871528 0 -0.0781308 -0.0167394
19 0 0 0.00435764 0 0 -0.00871528 0 -0.0781308 -0.0167394
20 0 0 0.00435764 0 0 -0.00871528 0 -0.0781308 -0.0167394
21 0 0 0.00435764 0 0 -0.00871528 0 -0.0781308 -0.0167394
22 0 0 0.00435764 0 0 -0.00871528 0 -0.0781308 -0.0167394
23 0 0 0.00435764 0 0 -0.00871528 0 -0.0781308 -0.0167394
24 0 0 0.00435764 0 0 -0.00871528 0 -0.0781308 -0.0167394
25 0 0 0.00435764 0 0 -0.00871528 0 -0.0781308 -0.0167394
26 0 0 0.00435764 0 0 -0.00871528 0 -0.0781308 -0.0167394
27 0 0 0.00435764 0 0 -0.00871528 0 -0.0781308 -0.0167394
28 0 0 0.00435764 0 0 -0.00871528 0 -0.0781308 -0.0167394
29 0 0 0.00435764 0 0 -0.00871528 0 -0.0781308 -0.0167394
30 0 0 0.00435764 0 0 -0.00871528 0 -0.0781308 -0.0167394
31 0 0 0.00435764 0 0 -0.00871528 0 -0.0781308 -0.0167394
32 0 0 0.00435764 0 0 -0.00871528 0 -0.0781308 -0.0167394
33 0 0 0.00435764 0 0 -0.00871528 0 -0.0781308 -0.0167394
34 0 0 0.00435764 0 0 -0.00871528 0 -0.0781308 -0.0167394
35 0 0 0.00435764 0 0 -0.00871528 0 -0.0781308 -0.0167394
36 0 0 0.00435764 0 0 -0.00871528 0 -0.0781308 -0.0167394
37 0 0 0.00435764 0 0 -0.00871528 0 -0.0781308 -0.0167394
38 0 0 0.00435764 0 0 -0.00871528 0 -0.0781308 -0.0167394
39 0 0 0.00435764 0 0 -0.00871528 0 -0.0781308 -0.0167394
40 0 0 0.00435764 0 0 -0.00871528 0 -0.0781308 -0.0167394
41 0 0 0.00435764 0 0 -0.00871528 0 -0.0781308 -0.0167394
42 0 0 0.00435764 0 0 -0.00871528 0 -0.0781308 -0.0167394
43 0 0 0.00435764 0 0 -0.00871528 0 -0.0781308 -0.0167394
44 0 0 0.00435764 0 0 -0.00871528 0 -0.0781308 -0.0167394
45 0 0 0.00435764 0 0 -0.00871528 0 -0.0781308 -0.0167394
46 0 0 0.00435764 0 0 -0.00871528 0 -0.0781308 -0.0167394
47 0 0 0.00435764 0 0 -0.00871528 0 -0.0781308 -0.0167394
48 0 0 0.00435764 0 0 -0.00871528 0 -0.0781308 -0.0167394
49 0 0 0.00435764 0 0 -0.00871528 0 -0.0781308 -0.0167394
50 0 0 0.00435764 0 0 -0.00871528 0 -0.0781308 -0.0167394
51 0 0 0.00435764 0 0 -0.00871528 0 -0.0781308 -0.0167394
52 0 0 0.00435764 0 0 -0.00871528 0 -0.0781308 -0.0167394
53 0 0 0.00435764 0 0 -0.00871528 0 -0.0781308 -0.0167394
54 0 0 0.00435764 0 0 -0.00871528 0 -0.0781308 -0.0167394
55 0 0 0.00435764 0 0 -0.00871528 0 -0.0781308 -0.0167394
56 0 0 0.00435764 0 0 -0.00871528 0 -0.0781308 -0.0167394
57 0 0 0.00435764 0 0 -0.00871528 0 -0.0781308 -0.0167394
58 0 0 0.00435764 0 0 -0.00871528 0 -0.0781308 -0.0167394
59 0 0 0.00435764 0 0 -0.00871528 0 -0.0781308 -0.0167394
60 0 0 0.00435764 0 0 -0.00871528 0 -0.0781308 -0.0167394
61 0 0 0.00435764 0 0 -0.00871528 0 -0.0781308 -0.0167394
62 0 0 0.00435764 0 0 -0.00871528 0 -0.0781308 -0.0167394
63 0 0 0.00435764 0 0 -0.00871528 0 -0.0781308 -0.0167394
64 0 0 0.00435764 0 0 -0.00871528 0 -0.0781308 -0.0167394
65 0 0 0.00435764 0 0 -0.00871528 0 -0.0781308 -0.0167394
66 0 0 0.00435764 0 0 -0.00871528 0 -0.0781308 -0.0167394
67 0 0 0.00435764 0 0 -0.00871528 0 -0.0781308 -0.0167394
68 0 0 0.00435764 0 0 -0.00871528 0 -0.0781308 -0.0167394
69 0 0 0.00435764 0 0 -0.00871528 0 -0.0781308 -0.0167394
70 0 0 0.00435764 0 0 -0.00871528 0 -0.0781308 -0.0167394
71 0 0 0.00435764 0 0 -0.00871528 0 -0.0781308 -0.0167394
72 0 0 0.00435764 0 0 -0.00871528 0 -0.0781308 -0.0167394
73 0 0 0.00435764 0 0 -0.00871528 0 -0.0781308 -0.0167394
74 0 0 0.00435764 0 0 -0.00871528 0 -0.0781308 -0.0167394
75 0 0 0.00435764 0 0 -0.00871528 0 -0.0781308 -0.0167394
76 0 0 0.00435764 0 0 -0.00871528 0 -0.0781308 -0.0167394
77 0 0 0.00435764 0 0 -0.00871528 0 -0.0781308 -0.0167394
78 0 0 0.00435764 0 0 -0.00871528 0 -0.0781308 -0.0167394
79 0 0 0.00435764 0 0 -0.00871528 0 -0.0781308 -0.0167394
80 0 0 0.00435764 0 0 -0.00871528 0 -0.0781308 -0.0167394
81 0 0 0.00435764 0 0 -0.00871528 0 -0.0781308 -0.0167394
82 0 0 0.00435764 0 0 -0.00871528 0 -0.0781308 -0.0167394
83 0 0 0.00435764 0 0 -0.00871528 0 -0.0781308 -0.0167394
84 0 0 0.00435764 0 0 -0.00871528 0 -0.0781308 -0.0167394
85 0 0 0.00435764 0 0 -0.00871528 0 -0.0781308 -0.0167394
86 0 0 0.00435764 0 0 -0.00871528 0 -0.0781308 -0.0167394
87 0 0 0.00435764 0 0 -0.00871528 0 -0.0781308 -0.0167394
88 0 0 0.00435764 0 0 -0.00871528 0 -0.0781308 -0.0167394
89 0 0 0.00435764 0 0 -0.00871528 0 -0.0781308 -0.0167394
90 0 0 0.00435764 0 0 -0.00871528 0 -0.0781308 -0.0167394
91 0 0 0.00435764 0 0 -0.00871528 0 -0.0781308 -0.0167394
92 0 0 0.00435764 0 0 -0.00871528 0 -0.0781308 -0.0167394
93 0 0 0.00435764 0 0 -0.00871528 0 -0.0781308 -0.0167394
94 0 0 0.00435764 0 0 -0.00871528 0 -0.0781308 -0.0167394
95 0 0 0.00435764 0 0 -0.00871528 0 -0.0781308 -0.0167394
96 0 0 0.00435764 0 0 -0.00871528 0 -0.0781308 -0.0167394
97 0 0 0.00435764 0 0 -0.00871528 0 -0.0781308 -0.0167394
98 0 0 0.00435764 0 0 -0.00871528 0 -0.0781308 -0.0167394
99 0 0 0.00435764 0 0 -0.00871528 0 -0.0781308 -0.0167394
100 0 0 0.00435764 0 0 -0.00871528 0 -0.0781308 -0.0167394
