1 37500 0 1.09139e-11 7.27596e-12 5.45697e-12 3.63798e-11 -37500 20000 -1.81899e-12 2.36469e-11 0 -5.45697e-12
2 75000 0 3.63798e-11 -5.09317e-11 2.54659e-11 -1.01863e-10 -75000 40000 -4.36557e-11 9.09495e-11 0 1.20053e-10
3 112500 0 -2.91038e-11 1.01863e-10 7.27596e-12 1.20053e-10 -112500 60000 -7.27596e-12 -6.18456e-11 0 -8.00355e-11
4 150000 0 1.45519e-11 1.45519e-11 -2.18279e-11 6.54836e-11 -150000 80000 2.18279e-11 -1.45519e-11 0 -2.18279e-11
5 187500 0 -2.91038e-11 1.45519e-10 7.27596e-12 -1.45519e-11 -187500 100000 -7.27596e-12 -6.54836e-11 0 3.63798e-11
6 225000 0 -5.82077e-11 -1.45519e-11 7.27596e-11 -8.00355e-11 -225000 120000 -4.36557e-11 3.63798e-11 0 1.01863e-10
7 262500 0 -2.91038e-11 2.91038e-11 -1.45519e-11 1.60071e-10 -262500 140000 2.91038e-11 0 0 -1.01863e-10
8 300000 0 8.73115e-11 -2.03727e-10 0 7.27596e-11 -300000 160000 -1.45519e-11 1.74623e-10 0 -4.36557e-11
9 337500 0 2.91038e-11 5.82077e-11 8.73115e-11 -6.25732e-10 -337500 180000 -1.45519e-10 1.01863e-10 0 5.52973e-10
10 375000 0 1.16415e-10 -1.16415e-10 -2.91038e-11 -2.91038e-11 -375000 200000 1.45519e-11 1.01863e-10 0 7.27596e-11
11 412500 0 5.82077e-11 8.73115e-11 2.91038e-11 -1.30967e-10 -412500 220000 -5.82077e-11 -1.45519e-11 0 1.45519e-10
12 450000 0 -5.82077e-11 -5.82077e-11 -2.91038e-11 3.63798e-10 -450000 240000 0 7.27596e-11 0 -3.20142e-10
13 487500 0 1.74623e-10 -2.91038e-11 -1.74623e-10 4.07454e-10 -487500 260000 1.74623e-10 -1.16415e-10 0 -2.61934e-10
14 525000 0 1.16415e-10 -1.16415e-10 0 2.03727e-10 -525000 280000 -5.82077e-11 1.16415e-10 0 -2.03727e-10
15 562500 0 -2.32831e-10 2.32831e-10 2.91038e-11 2.61934e-10 -562500 300000 8.73115e-11 -1.16415e-10 0 -1.45519e-10
16 600000 0 -1.74623e-10 -2.91038e-10 2.03727e-10 -2.91038e-11 -600000 320000 -1.45519e-10 5.23869e-10 0 -8.73115e-11
17 637500 0 0 5.82077e-11 2.03727e-10 -5.82077e-11 -637500 340000 -1.74623e-10 2.91038e-11 0 -2.91038e-11
18 675000 0 1.16415e-10 -5.82077e-11 5.82077e-11 -5.82077e-11 -675000 360000 -8.73115e-11 8.73115e-11 0 2.91038e-11
19 712500 0 -5.82077e-11 0 -1.16415e-10 1.04774e-09 -712500 380000 1.16415e-10 5.82077e-11 0 -9.31323e-10
20 750000 0 1.74623e-10 -3.49246e-10 -1.45519e-10 -5.82077e-11 -750000 400000 5.82077e-11 2.03727e-10 0 1.45519e-10
21 787500 0 2.32831e-10 -4.07454e-10 1.16415e-10 -3.7835e-10 -787500 420000 -2.32831e-10 6.1118e-10 0 2.32831e-10
22 825000 0 -2.32831e-10 0 3.49246e-10 -4.36557e-10 -825000 440000 -1.74623e-10 1.45519e-10 0 2.91038e-10
23 862500 0 0 -1.16415e-10 -1.74623e-10 9.31323e-10 -862500 460000 2.91038e-10 -1.16415e-10 0 -6.98492e-10
24 900000 0 -1.16415e-10 2.91038e-10 1.74623e-10 -4.94765e-10 -900000 480000 -1.74623e-10 -8.73115e-11 0 4.07454e-10
25 937500 0 0 5.82077e-11 -1.74623e-10 7.85803e-10 -937500 500000 2.32831e-10 -2.61934e-10 0 -5.82077e-10
26 975000 0 -1.16415e-10 5.82077e-11 1.74623e-10 5.23869e-10 -975000 520000 0 5.82077e-11 0 -5.23869e-10
27 1.0125e+06 0 -2.32831e-10 4.65661e-10 -1.74623e-10 6.40284e-10 -1.0125e+06 540000 1.74623e-10 -5.23869e-10 0 -4.65661e-10
28 1.05e+06 0 2.32831e-10 -2.32831e-10 0 -6.40284e-10 -1.05e+06 560000 -1.74623e-10 2.32831e-10 0 6.40284e-10
29 1.0875e+06 0 2.32831e-10 -3.49246e-10 -5.82077e-11 3.49246e-10 -1.0875e+06 580000 5.82077e-11 3.49246e-10 0 -3.49246e-10
30 1.125e+06 0 2.32831e-10 0 3.49246e-10 -9.8953e-10 -1.125e+06 600000 -4.07454e-10 2.32831e-10 0 7.567e-10
31 1.1625e+06 0 -4.65661e-10 -4.65661e-10 1.74623e-10 1.22236e-09 -1.1625e+06 620000 -5.82077e-11 6.98492e-10 0 -1.22236e-09
32 1.2e+06 0 1.16415e-10 3.49246e-10 -1.74623e-10 4.65661e-10 -1.2e+06 640000 2.91038e-10 -6.40284e-10 0 -1.74623e-10
33 1.2375e+06 0 1.16415e-10 -3.49246e-10 -1.74623e-10 -8.14907e-10 -1.2375e+06 660000 1.74623e-10 2.32831e-10 0 9.31323e-10
34 1.275e+06 0 -5.82077e-10 -9.31323e-10 6.40284e-10 -2.91038e-10 -1.275e+06 680000 -5.82077e-10 1.39698e-09 0 -5.82077e-11
35 1.3125e+06 0 3.49246e-10 0 -3.49246e-10 1.22236e-09 -1.3125e+06 700000 2.91038e-10 -2.32831e-10 0 -9.8953e-10
36 1.35e+06 0 0 0 0 -5.82077e-11 -1.35e+06 720000 -5.82077e-11 1.16415e-10 0 5.82077e-11
37 1.3875e+06 0 -1.16415e-10 -2.32831e-10 0 9.8953e-10 -1.3875e+06 740000 1.16415e-10 1.16415e-10 0 -8.73115e-10
38 1.425e+06 0 3.49246e-10 -4.65661e-10 -5.82077e-11 -5.82077e-11 -1.425e+06 760000 5.82077e-11 2.32831e-10 0 1.74623e-10
39 1.4625e+06 0 -2.32831e-10 -2.32831e-10 -1.16415e-10 8.73115e-10 -1.4625e+06 780000 1.16415e-10 3.49246e-10 0 -7.567e-10
40 1.5e+06 0 -2.32831e-10 -4.65661e-10 6.40284e-10 -6.98492e-10 -1.5e+06 800000 -5.23869e-10 9.8953e-10 0 2.91038e-10
41 1.5375e+06 0 1.16415e-10 4.65661e-10 -1.74623e-10 8.73115e-10 -1.5375e+06 820000 1.74623e-10 -5.23869e-10 0 -6.98492e-10
42 1.575e+06 0 0 3.49246e-10 -8.14907e-10 2.21189e-09 -1.575e+06 840000 5.82077e-10 -8.14907e-10 0 -1.62981e-09
43 1.6125e+06 0 -2.32831e-10 2.32831e-10 3.49246e-10 2.32831e-10 -1.6125e+06 860000 -3.49246e-10 1.16415e-10 0 -4.65661e-10
44 1.65e+06 0 0 0 -1.16415e-10 -5.23869e-10 -1.65e+06 880000 1.16415e-10 -5.82077e-11 0 5.82077e-10
45 1.6875e+06 0 0 -1.16415e-10 -5.82077e-10 6.98492e-10 -1.6875e+06 900000 3.49246e-10 -2.32831e-10 0 -3.49246e-10
46 1.725e+06 0 6.98492e-10 -2.32831e-10 0 -6.98492e-10 -1.725e+06 920000 0 2.32831e-10 0 6.98492e-10
47 1.7625e+06 0 -4.65661e-10 -2.32831e-10 9.31323e-10 -2.2701e-09 -1.7625e+06 940000 -5.82077e-10 8.14907e-10 0 1.80444e-09
48 1.8e+06 0 2.32831e-10 4.65661e-10 -9.31323e-10 1.92085e-09 -1.8e+06 960000 5.82077e-10 -9.8953e-10 0 -1.28057e-09
49 1.8375e+06 0 0 -4.65661e-10 4.65661e-10 -1.74623e-10 -1.8375e+06 980000 -3.49246e-10 8.73115e-10 0 -1.16415e-10
50 1.875e+06 0 2.32831e-10 -6.98492e-10 -2.32831e-10 -9.31323e-10 -1.875e+06 1e+06 0 6.98492e-10 0 9.31323e-10
51 1.9125e+06 0 0 0 3.49246e-10 -1.74623e-10 -1.9125e+06 1.02e+06 -3.49246e-10 1.74623e-10 0 0
52 1.95e+06 0 -4.65661e-10 -1.16415e-10 2.32831e-10 1.16415e-09 -1.95e+06 1.04e+06 1.16415e-10 0 0 -1.04774e-09
53 1.9875e+06 0 -2.32831e-10 0 0 0 -1.9875e+06 1.06e+06 1.16415e-10 1.16415e-10 0 1.16415e-10
54 2.025e+06 0 6.98492e-10 -2.32831e-10 3.49246e-10 -1.62981e-09 -2.025e+06 1.08e+06 -6.98492e-10 6.98492e-10 0 1.16415e-09
55 2.0625e+06 0 -4.65661e-10 -6.98492e-10 0 1.16415e-10 -2.0625e+06 1.1e+06 3.49246e-10 1.16415e-10 0 2.32831e-10
56 2.1e+06 0 4.65661e-10 -4.65661e-10 0 8.14907e-10 -2.1e+06 1.12e+06 2.32831e-10 4.65661e-10 0 -8.14907e-10
57 2.1375e+06 0 -9.31323e-10 -2.32831e-10 2.32831e-10 -3.49246e-10 -2.1375e+06 1.14e+06 -2.32831e-10 6.98492e-10 0 3.49246e-10
58 2.175e+06 0 9.31323e-10 -1.39698e-09 0 5.82077e-10 -2.175e+06 1.16e+06 0 8.14907e-10 0 -6.98492e-10
59 2.2125e+06 0 4.65661e-10 -9.31323e-10 3.49246e-10 -6.98492e-10 -2.2125e+06 1.18e+06 -6.98492e-10 1.16415e-09 0 4.65661e-10
60 2.25e+06 0 -2.32831e-10 -9.31323e-10 6.98492e-10 -1.97906e-09 -2.25e+06 1.2e+06 -3.49246e-10 1.62981e-09 0 1.5134e-09
61 2.2875e+06 0 0 6.98492e-10 1.16415e-10 -4.65661e-10 -2.2875e+06 1.22e+06 1.16415e-10 -1.04774e-09 0 5.82077e-10
62 2.325e+06 0 -9.31323e-10 1.39698e-09 3.49246e-10 4.65661e-10 -2.325e+06 1.24e+06 -1.16415e-10 -9.31323e-10 0 -4.65661e-10
63 2.3625e+06 0 -2.32831e-10 0 0 -2.67755e-09 -2.3625e+06 1.26e+06 0 1.16415e-10 0 2.79397e-09
64 2.4e+06 0 0 -4.65661e-10 -1.16415e-10 3.49246e-10 -2.4e+06 1.28e+06 1.16415e-10 4.65661e-10 0 -3.49246e-10
65 2.4375e+06 0 9.31323e-10 0 0 -8.14907e-10 -2.4375e+06 1.3e+06 0 -4.65661e-10 0 8.14907e-10
66 2.475e+06 0 2.32831e-10 9.31323e-10 -1.5134e-09 3.14321e-09 -2.475e+06 1.32e+06 1.16415e-09 -1.39698e-09 0 -2.21189e-09
67 2.5125e+06 0 4.65661e-10 -2.32831e-10 -1.16415e-10 1.5134e-09 -2.5125e+06 1.34e+06 2.32831e-10 -5.82077e-10 0 -1.16415e-09
68 2.55e+06 0 -6.98492e-10 4.65661e-10 -2.32831e-10 2.32831e-10 -2.55e+06 1.36e+06 2.32831e-10 -3.49246e-10 0 -1.16415e-10
69 2.5875e+06 0 1.16415e-09 -2.56114e-09 8.14907e-10 -1.74623e-09 -2.5875e+06 1.38e+06 -8.14907e-10 2.79397e-09 0 1.04774e-09
70 2.625e+06 0 2.32831e-10 0 -2.32831e-10 2.44472e-09 -2.625e+06 1.4e+06 2.32831e-10 -4.65661e-10 0 -1.97906e-09
71 2.6625e+06 0 -2.32831e-10 -4.65661e-10 0 8.14907e-10 -2.6625e+06 1.42e+06 0 3.49246e-10 0 -9.31323e-10
72 2.7e+06 0 4.65661e-10 -2.32831e-10 2.32831e-10 -2.32831e-10 -2.7e+06 1.44e+06 -3.49246e-10 3.49246e-10 0 1.16415e-10
73 2.7375e+06 0 2.32831e-10 -4.65661e-10 0 -1.16415e-09 -2.7375e+06 1.46e+06 2.32831e-10 3.49246e-10 0 1.28057e-09
74 2.775e+06 0 0 -4.65661e-10 -6.98492e-10 2.21189e-09 -2.775e+06 1.48e+06 5.82077e-10 0 0 -1.74623e-09
75 2.8125e+06 0 6.98492e-10 1.39698e-09 -3.49246e-10 9.31323e-10 -2.8125e+06 1.5e+06 3.49246e-10 -1.62981e-09 0 -6.98492e-10
76 2.85e+06 0 4.65661e-10 -9.31323e-10 -4.65661e-10 -1.16415e-10 -2.85e+06 1.52e+06 1.16415e-10 4.65661e-10 0 3.49246e-10
77 2.8875e+06 0 -2.32831e-10 -9.31323e-10 2.32831e-10 -1.5134e-09 -2.8875e+06 1.54e+06 0 9.31323e-10 0 1.5134e-09
78 2.925e+06 0 -9.31323e-10 1.62981e-09 -2.32831e-10 1.74623e-09 -2.925e+06 1.56e+06 1.16415e-10 -1.16415e-09 0 -1.5134e-09
79 2.9625e+06 0 -4.65661e-10 -1.16415e-09 1.97906e-09 -4.88944e-09 -2.9625e+06 1.58e+06 -1.62981e-09 2.32831e-09 0 3.72529e-09
80 3e+06 0 -4.65661e-10 -9.31323e-10 -2.32831e-10 -2.32831e-10 -3e+06 1.6e+06 4.65661e-10 8.14907e-10 0 5.82077e-10
81 3.0375e+06 0 6.98492e-10 4.65661e-10 1.16415e-10 -1.97906e-09 -3.0375e+06 1.62e+06 -4.65661e-10 -4.65661e-10 0 1.74623e-09
82 3.075e+06 0 -6.98492e-10 9.31323e-10 0 1.74623e-09 -3.075e+06 1.64e+06 3.49246e-10 -1.04774e-09 0 -1.39698e-09
83 3.1125e+06 0 -2.32831e-10 4.65661e-10 -6.98492e-10 1.04774e-09 -3.1125e+06 1.66e+06 9.31323e-10 -1.28057e-09 0 -2.32831e-10
84 3.15e+06 0 0 -1.62981e-09 4.65661e-10 -1.5134e-09 -3.15e+06 1.68e+06 -4.65661e-10 2.44472e-09 0 9.31323e-10
85 3.1875e+06 0 -4.65661e-10 -2.32831e-10 1.39698e-09 -2.67755e-09 -3.1875e+06 1.7e+06 -9.31323e-10 4.65661e-10 0 1.97906e-09
86 3.225e+06 0 -4.65661e-10 4.65661e-10 -9.31323e-10 1.74623e-09 -3.225e+06 1.72e+06 9.31323e-10 -1.04774e-09 0 -9.31323e-10
87 3.2625e+06 0 4.65661e-10 -2.32831e-10 9.31323e-10 -4.65661e-10 -3.2625e+06 1.74e+06 -6.98492e-10 4.65661e-10 0 0
88 3.3e+06 0 -9.31323e-10 2.32831e-10 1.62981e-09 -1.97906e-09 -3.3e+06 1.76e+06 -1.16415e-09 8.14907e-10 0 1.16415e-09
89 3.3375e+06 0 -4.65661e-10 2.32831e-10 -4.65661e-10 2.21189e-09 -3.3375e+06 1.78e+06 6.98492e-10 -1.16415e-10 0 -1.86265e-09
90 3.375e+06 0 0 1.39698e-09 -6.98492e-10 -3.0268e-09 -3.375e+06 1.8e+06 2.32831e-10 -1.74623e-09 0 3.37604e-09
91 3.4125e+06 0 0 1.86265e-09 9.31323e-10 -8.14907e-10 -3.4125e+06 1.82e+06 -9.31323e-10 -8.14907e-10 0 2.32831e-10
92 3.45e+06 0 9.31323e-10 -4.65661e-10 -6.98492e-10 -1.39698e-09 -3.45e+06 1.84e+06 0 4.65661e-10 0 1.39698e-09
93 3.4875e+06 0 4.65661e-10 -9.31323e-10 -2.32831e-10 -2.44472e-09 -3.4875e+06 1.86e+06 -2.32831e-10 6.98492e-10 0 2.44472e-09
94 3.525e+06 0 1.39698e-09 -9.31323e-10 9.31323e-10 -4.5402e-09 -3.525e+06 1.88e+06 -1.16415e-09 1.62981e-09 0 3.60887e-09
95 3.5625e+06 0 -4.65661e-10 -9.31323e-10 -4.65661e-10 2.32831e-10 -3.5625e+06 1.9e+06 6.98492e-10 2.32831e-10 0 4.65661e-10
96 3.6e+06 0 4.65661e-10 9.31323e-10 -4.65661e-10 -1.5134e-09 -3.6e+06 1.92e+06 -2.32831e-10 -8.14907e-10 0 1.62981e-09
97 3.6375e+06 0 0 6.98492e-10 -2.32831e-10 1.39698e-09 -3.6375e+06 1.94e+06 2.32831e-10 -6.98492e-10 0 -1.39698e-09
98 3.675e+06 0 0 6.98492e-10 0 3.49246e-10 -3.675e+06 1.96e+06 0 -5.82077e-10 0 -2.32831e-10
99 3.7125e+06 0 -4.65661e-10 6.98492e-10 -4.65661e-10 3.95812e-09 -3.7125e+06 1.98e+06 4.65661e-10 -1.04774e-09 0 -3.37604e-09
100 3.75e+06 0 4.65661e-10 2.32831e-10 -6.98492e-10 -1.62981e-09 -3.75e+06 2e+06 4.65661e-10 -4.65661e-10 0 1.86265e-09
