1 0 0 0 -0.0413725 -0.260387 0.016549 -0.0413725 -0.0397335 0.016549 0 0 0
2 0 0 0 -0.0827449 -0.520773 0.033098 -0.0827449 -0.0794669 0.033098 0 0 0
3 0 0 0 -0.124117 -0.78116 0.049647 -0.124117 -0.1192 0.049647 0 0 0
4 0 0 0 -0.16549 -1.04155 0.0661959 -0.16549 -0.158934 0.0661959 0 0 0
5 0 0 0 -0.206862 -1.30193 0.0827449 -0.206862 -0.198667 0.0827449 0 0 0
6 0 0 0 -0.248235 -1.56232 0.0992939 -0.248235 -0.238401 0.0992939 0 0 0
7 0 0 0 -0.289607 -1.82271 0.115843 -0.289607 -0.278134 0.115843 0 0 0
8 0 0 0 -0.33098 -2.08309 0.132392 -0.33098 -0.317868 0.132392 0 0 0
9 0 0 0 -0.372352 -2.34348 0.148941 -0.372352 -0.357601 0.148941 0 0 0
10 0 0 0 -0.413725 -2.60387 0.16549 -0.413725 -0.397335 0.16549 0 0 0
