1 86760.8 0 -66195.9 -86760.8 0 66195.9 -1.15602e-12 -13239.2 -66195.9 1.15602e-12 13239.2 -66195.9 13239.2 1.74623e-11 66195.9 -13239.2 -1.74623e-11 -66195.9
2 173522 0 -132392 -173522 0 132392 0 -26478.4 -132392 0 26478.4 -132392 26478.4 0 132392 -26478.4 0 -132392
3 260282 0 -198588 -260282 0 198588 0 -39717.6 -198588 0 39717.6 -198588 39717.6 0 198588 -39717.6 0 -198588
4 347043 0 -264784 -347043 0 264784 0 -52956.8 -264784 0 52956.8 -264784 52956.8 0 264784 -52956.8 0 -264784
5 433804 0 -330980 -433804 0 330980 0 -66195.9 -330980 0 66195.9 -330980 66195.9 0 330980 -66195.9 0 -330980
6 520565 0 -397176 -520565 0 397176 0 -79435.1 -397176 0 79435.1 -397176 79435.1 0 397176 -79435.1 0 -397176
7 607326 -6.98492e-11 -463372 -607326 6.98492e-11 463372 0 -92674.3 -463372 0 92674.3 -463372 92674.3 -6.98492e-11 463372 -92674.3 6.98492e-11 -463372
8 694086 0 -529568 -694086 0 529568 0 -105914 -529568 0 105914 -529568 105914 0 529568 -105914 0 -529568
9 780847 0 -595763 -780847 0 595763 0 -119153 -595763 0 119153 -595763 119153 0 595763 -119153 0 -595763
10 867608 0 -661959 -867608 0 661959 0 -132392 -661959 0 132392 -661959 132392 0 661959 -132392 0 -661959
