1 0 0 0 0.192077 0 -0.0480192
2 0 0 0 0.192077 0 -0.0480192
3 0 0 0 0.192077 0 -0.0480192
4 0 0 0 0.192077 0 -0.0480192
5 0 0 0 0.192077 0 -0.0480192
6 0 0 0 0.192077 0 -0.0480192
7 0 0 0 0.192077 0 -0.0480192
8 0 0 0 0.192077 0 -0.0480192
9 0 0 0 0.192077 0 -0.0480192
10 0 0 0 0.192077 0 -0.0480192
11 0 0 0 0.192077 0 -0.0480192
12 0 0 0 0.192077 0 -0.0480192
13 0 0 0 0.192077 0 -0.0480192
14 0 0 0 0.192077 0 -0.0480192
15 0 0 0 0.192077 0 -0.0480192
16 0 0 0 0.192077 0 -0.0480192
17 0 0 0 0.192077 0 -0.0480192
18 0 0 0 0.192077 0 -0.0480192
19 0 0 0 0.192077 0 -0.0480192
20 0 0 0 0.192077 0 -0.0480192
21 0 0 0 0.192077 0 -0.0480192
22 0 0 0 0.192077 0 -0.0480192
23 0 0 0 0.192077 0 -0.0480192
24 0 0 0 0.192077 0 -0.0480192
25 0 0 0 0.192077 0 -0.0480192
26 0 0 0 0.192077 0 -0.0480192
27 0 0 0 0.192077 0 -0.0480192
28 0 0 0 0.192077 0 -0.0480192
29 0 0 0 0.192077 0 -0.0480192
30 0 0 0 0.192077 0 -0.0480192
31 0 0 0 0.192077 0 -0.0480192
32 0 0 0 0.192077 0 -0.0480192
33 0 0 0 0.192077 0 -0.0480192
34 0 0 0 0.192077 0 -0.0480192
35 0 0 0 0.192077 0 -0.0480192
36 0 0 0 0.192077 0 -0.0480192
37 0 0 0 0.192077 0 -0.0480192
38 0 0 0 0.192077 0 -0.0480192
39 0 0 0 0.192077 0 -0.0480192
40 0 0 0 0.192077 0 -0.0480192
41 0 0 0 0.192077 0 -0.0480192
42 0 0 0 0.192077 0 -0.0480192
43 0 0 0 0.192077 0 -0.0480192
44 0 0 0 0.192077 0 -0.0480192
45 0 0 0 0.192077 0 -0.0480192
46 0 0 0 0.192077 0 -0.0480192
47 0 0 0 0.192077 0 -0.0480192
48 0 0 0 0.192077 0 -0.0480192
49 0 0 0 0.192077 0 -0.0480192
50 0 0 0 0.192077 0 -0.0480192
51 0 0 0 0.192077 0 -0.0480192
52 0 0 0 0.192077 0 -0.0480192
53 0 0 0 0.192077 0 -0.0480192
54 0 0 0 0.192077 0 -0.0480192
55 0 0 0 0.192077 0 -0.0480192
56 0 0 0 0.192077 0 -0.0480192
57 0 0 0 0.192077 0 -0.0480192
58 0 0 0 0.192077 0 -0.0480192
59 0 0 0 0.192077 0 -0.0480192
60 0 0 0 0.192077 0 -0.0480192
61 0 0 0 0.192077 0 -0.0480192
62 0 0 0 0.192077 0 -0.0480192
63 0 0 0 0.192077 0 -0.0480192
64 0 0 0 0.192077 0 -0.0480192
65 0 0 0 0.192077 0 -0.0480192
66 0 0 0 0.192077 0 -0.0480192
67 0 0 0 0.192077 0 -0.0480192
68 0 0 0 0.192077 0 -0.0480192
69 0 0 0 0.192077 0 -0.0480192
70 0 0 0 0.192077 0 -0.0480192
71 0 0 0 0.192077 0 -0.0480192
72 0 0 0 0.192077 0 -0.0480192
73 0 0 0 0.192077 0 -0.0480192
74 0 0 0 0.192077 0 -0.0480192
75 0 0 0 0.192077 0 -0.0480192
76 0 0 0 0.192077 0 -0.0480192
77 0 0 0 0.192077 0 -0.0480192
78 0 0 0 0.192077 0 -0.0480192
79 0 0 0 0.192077 0 -0.0480192
80 0 0 0 0.192077 0 -0.0480192
81 0 0 0 0.192077 0 -0.0480192
82 0 0 0 0.192077 0 -0.0480192
83 0 0 0 0.192077 0 -0.0480192
84 0 0 0 0.192077 0 -0.0480192
85 0 0 0 0.192077 0 -0.0480192
86 0 0 0 0.192077 0 -0.0480192
87 0 0 0 0.192077 0 -0.0480192
88 0 0 0 0.192077 0 -0.0480192
89 0 0 0 0.192077 0 -0.0480192
90 0 0 0 0.192077 0 -0.0480192
91 0 0 0 0.192077 0 -0.0480192
92 0 0 0 0.192077 0 -0.0480192
93 0 0 0 0.192077 0 -0.0480192
94 0 0 0 0.192077 0 -0.0480192
95 0 0 0 0.192077 0 -0.0480192
96 0 0 0 0.192077 0 -0.0480192
97 0 0 0 0.192077 0 -0.0480192
98 0 0 0 0.192077 0 -0.0480192
99 0 0 0 0.192077 0 -0.0480192
100 0 0 0 0.192077 0 -0.0480192
