4191.29 -1.22704e-08 4191.29 16765.1 1.22704e-08 -4191.29 1.32486e-09
8359.33 -2.50676e-10 8359.33 33437.3 2.50676e-10 -8359.33 3.8851e-11
10399.1 -3.23676e-11 10399.1 41596.3 3.23676e-11 -10399.1 -4.66913e-13
10778.3 -0.00063507 10778.3 43113.3 0.00063507 -10778.3 6.08922e-05
11156.5 -0.000814188 11156.5 44626.1 0.000814188 -11156.5 7.72424e-05
11533.6 -0.00107195 11533.6 46134.4 0.00107195 -11533.6 0.000100443
11909.3 -0.00145765 11909.3 47637.3 0.00145765 -11909.3 0.000134603
12228.2 -3.79135e-06 12228.2 48912.8 3.79135e-06 -12228.2 4.57686e-07
12392.1 -2.46351e-06 12392.1 49568.2 2.46351e-06 -12392.1 2.21605e-07
12478.3 -5.9772e-05 12478.3 49913.3 5.9772e-05 -12478.3 5.35155e-06
