4191.29 -4191.29 -1.22704e-08 -6.36646e-11 1.22704e-08
8359.33 -8359.33 -2.50676e-10 1.81899e-12 2.50676e-10
10399.1 -10399.1 -3.23676e-11 -1.81899e-12 3.23676e-11
10778.3 -10778.3 -0.00063507 -6.92923e-06 0.00063507
11156.5 -11156.5 -0.000814188 -9.21438e-06 0.000814188
11533.6 -11533.6 -0.00107195 -1.26365e-05 0.00107195
11909.3 -11909.3 -0.00145765 -1.7985e-05 0.00145765
12228.2 -12228.2 -3.79135e-06 -1.5234e-08 3.79135e-06
12392.1 -12392.1 -2.46351e-06 -3.36531e-08 2.46351e-06
12478.3 -12478.3 -5.9772e-05 -8.24151e-07 5.9772e-05
