1 0 0 -0.0003125 -0.000937559 -0.000416667 -0.0019954 0 0 0.000104167 -0.00107089 0.000104167 -0.00206207
2 0 0 -0.0003125 -0.000937559 -0.000416667 -0.0019954 0 0 0.000104167 -0.00107089 0.000104167 -0.00206207
3 0 0 -0.0003125 -0.000937559 -0.000416667 -0.0019954 0 0 0.000104167 -0.00107089 0.000104167 -0.00206207
4 0 0 -0.0003125 -0.000937559 -0.000416667 -0.0019954 0 0 0.000104167 -0.00107089 0.000104167 -0.00206207
5 0 0 -0.0003125 -0.000937559 -0.000416667 -0.0019954 0 0 0.000104167 -0.00107089 0.000104167 -0.00206207
6 0 0 -0.0003125 -0.000937559 -0.000416667 -0.0019954 0 0 0.000104167 -0.00107089 0.000104167 -0.00206207
7 0 0 -0.0003125 -0.000937559 -0.000416667 -0.0019954 0 0 0.000104167 -0.00107089 0.000104167 -0.00206207
8 0 0 -0.0003125 -0.000937559 -0.000416667 -0.0019954 0 0 0.000104167 -0.00107089 0.000104167 -0.00206207
9 0 0 -0.0003125 -0.000937559 -0.000416667 -0.0019954 0 0 0.000104167 -0.00107089 0.000104167 -0.00206207
10 0 0 -0.0003125 -0.000937559 -0.000416667 -0.0019954 0 0 0.000104167 -0.00107089 0.000104167 -0.00206207
11 0 0 -0.0003125 -0.000937559 -0.000416667 -0.0019954 0 0 0.000104167 -0.00107089 0.000104167 -0.00206207
12 0 0 -0.0003125 -0.000937559 -0.000416667 -0.0019954 0 0 0.000104167 -0.00107089 0.000104167 -0.00206207
13 0 0 -0.0003125 -0.000937559 -0.000416667 -0.0019954 0 0 0.000104167 -0.00107089 0.000104167 -0.00206207
14 0 0 -0.0003125 -0.000937559 -0.000416667 -0.0019954 0 0 0.000104167 -0.00107089 0.000104167 -0.00206207
15 0 0 -0.0003125 -0.000937559 -0.000416667 -0.0019954 0 0 0.000104167 -0.00107089 0.000104167 -0.00206207
16 0 0 -0.0003125 -0.000937559 -0.000416667 -0.0019954 0 0 0.000104167 -0.00107089 0.000104167 -0.00206207
17 0 0 -0.0003125 -0.000937559 -0.000416667 -0.0019954 0 0 0.000104167 -0.00107089 0.000104167 -0.00206207
18 0 0 -0.0003125 -0.000937559 -0.000416667 -0.0019954 0 0 0.000104167 -0.00107089 0.000104167 -0.00206207
19 0 0 -0.0003125 -0.000937559 -0.000416667 -0.0019954 0 0 0.000104167 -0.00107089 0.000104167 -0.00206207
20 0 0 -0.0003125 -0.000937559 -0.000416667 -0.0019954 0 0 0.000104167 -0.00107089 0.000104167 -0.00206207
21 0 0 -0.0003125 -0.000937559 -0.000416667 -0.0019954 0 0 0.000104167 -0.00107089 0.000104167 -0.00206207
22 0 0 -0.0003125 -0.000937559 -0.000416667 -0.0019954 0 0 0.000104167 -0.00107089 0.000104167 -0.00206207
23 0 0 -0.0003125 -0.000937559 -0.000416667 -0.0019954 0 0 0.000104167 -0.00107089 0.000104167 -0.00206207
24 0 0 -0.0003125 -0.000937559 -0.000416667 -0.0019954 0 0 0.000104167 -0.00107089 0.000104167 -0.00206207
25 0 0 -0.0003125 -0.000937559 -0.000416667 -0.0019954 0 0 0.000104167 -0.00107089 0.000104167 -0.00206207
26 0 0 -0.0003125 -0.000937559 -0.000416667 -0.0019954 0 0 0.000104167 -0.00107089 0.000104167 -0.00206207
27 0 0 -0.0003125 -0.000937559 -0.000416667 -0.0019954 0 0 0.000104167 -0.00107089 0.000104167 -0.00206207
28 0 0 -0.0003125 -0.000937559 -0.000416667 -0.0019954 0 0 0.000104167 -0.00107089 0.000104167 -0.00206207
29 0 0 -0.0003125 -0.000937559 -0.000416667 -0.0019954 0 0 0.000104167 -0.00107089 0.000104167 -0.00206207
30 0 0 -0.0003125 -0.000937559 -0.000416667 -0.0019954 0 0 0.000104167 -0.00107089 0.000104167 -0.00206207
31 0 0 -0.0003125 -0.000937559 -0.000416667 -0.0019954 0 0 0.000104167 -0.00107089 0.000104167 -0.00206207
32 0 0 -0.0003125 -0.000937559 -0.000416667 -0.0019954 0 0 0.000104167 -0.00107089 0.000104167 -0.00206207
33 0 0 -0.0003125 -0.000937559 -0.000416667 -0.0019954 0 0 0.000104167 -0.00107089 0.000104167 -0.00206207
34 0 0 -0.0003125 -0.000937559 -0.000416667 -0.0019954 0 0 0.000104167 -0.00107089 0.000104167 -0.00206207
35 0 0 -0.0003125 -0.000937559 -0.000416667 -0.0019954 0 0 0.000104167 -0.00107089 0.000104167 -0.00206207
36 0 0 -0.0003125 -0.000937559 -0.000416667 -0.0019954 0 0 0.000104167 -0.00107089 0.000104167 -0.00206207
37 0 0 -0.0003125 -0.000937559 -0.000416667 -0.0019954 0 0 0.000104167 -0.00107089 0.000104167 -0.00206207
38 0 0 -0.0003125 -0.000937559 -0.000416667 -0.0019954 0 0 0.000104167 -0.00107089 0.000104167 -0.00206207
39 0 0 -0.0003125 -0.000937559 -0.000416667 -0.0019954 0 0 0.000104167 -0.00107089 0.000104167 -0.00206207
40 0 0 -0.0003125 -0.000937559 -0.000416667 -0.0019954 0 0 0.000104167 -0.00107089 0.000104167 -0.00206207
41 0 0 -0.0003125 -0.000937559 -0.000416667 -0.0019954 0 0 0.000104167 -0.00107089 0.000104167 -0.00206207
42 0 0 -0.0003125 -0.000937559 -0.000416667 -0.0019954 0 0 0.000104167 -0.00107089 0.000104167 -0.00206207
43 0 0 -0.0003125 -0.000937559 -0.000416667 -0.0019954 0 0 0.000104167 -0.00107089 0.000104167 -0.00206207
44 0 0 -0.0003125 -0.000937559 -0.000416667 -0.0019954 0 0 0.000104167 -0.00107089 0.000104167 -0.00206207
45 0 0 -0.0003125 -0.000937559 -0.000416667 -0.0019954 0 0 0.000104167 -0.00107089 0.000104167 -0.00206207
46 0 0 -0.0003125 -0.000937559 -0.000416667 -0.0019954 0 0 0.000104167 -0.00107089 0.000104167 -0.00206207
47 0 0 -0.0003125 -0.000937559 -0.000416667 -0.0019954 0 0 0.000104167 -0.00107089 0.000104167 -0.00206207
48 0 0 -0.0003125 -0.000937559 -0.000416667 -0.0019954 0 0 0.000104167 -0.00107089 0.000104167 -0.00206207
49 0 0 -0.0003125 -0.000937559 -0.000416667 -0.0019954 0 0 0.000104167 -0.00107089 0.000104167 -0.00206207
50 0 0 -0.0003125 -0.000937559 -0.000416667 -0.0019954 0 0 0.000104167 -0.00107089 0.000104167 -0.00206207
51 0 0 -0.0003125 -0.000937559 -0.000416667 -0.0019954 0 0 0.000104167 -0.00107089 0.000104167 -0.00206207
52 0 0 -0.0003125 -0.000937559 -0.000416667 -0.0019954 0 0 0.000104167 -0.00107089 0.000104167 -0.00206207
53 0 0 -0.0003125 -0.000937559 -0.000416667 -0.0019954 0 0 0.000104167 -0.00107089 0.000104167 -0.00206207
54 0 0 -0.0003125 -0.000937559 -0.000416667 -0.0019954 0 0 0.000104167 -0.00107089 0.000104167 -0.00206207
55 0 0 -0.0003125 -0.000937559 -0.000416667 -0.0019954 0 0 0.000104167 -0.00107089 0.000104167 -0.00206207
56 0 0 -0.0003125 -0.000937559 -0.000416667 -0.0019954 0 0 0.000104167 -0.00107089 0.000104167 -0.00206207
57 0 0 -0.0003125 -0.000937559 -0.000416667 -0.0019954 0 0 0.000104167 -0.00107089 0.000104167 -0.00206207
58 0 0 -0.0003125 -0.000937559 -0.000416667 -0.0019954 0 0 0.000104167 -0.00107089 0.000104167 -0.00206207
59 0 0 -0.0003125 -0.000937559 -0.000416667 -0.0019954 0 0 0.000104167 -0.00107089 0.000104167 -0.00206207
60 0 0 -0.0003125 -0.000937559 -0.000416667 -0.0019954 0 0 0.000104167 -0.00107089 0.000104167 -0.00206207
61 0 0 -0.0003125 -0.000937559 -0.000416667 -0.0019954 0 0 0.000104167 -0.00107089 0.000104167 -0.00206207
62 0 0 -0.0003125 -0.000937559 -0.000416667 -0.0019954 0 0 0.000104167 -0.00107089 0.000104167 -0.00206207
63 0 0 -0.0003125 -0.000937559 -0.000416667 -0.0019954 0 0 0.000104167 -0.00107089 0.000104167 -0.00206207
64 0 0 -0.0003125 -0.000937559 -0.000416667 -0.0019954 0 0 0.000104167 -0.00107089 0.000104167 -0.00206207
65 0 0 -0.0003125 -0.000937559 -0.000416667 -0.0019954 0 0 0.000104167 -0.00107089 0.000104167 -0.00206207
66 0 0 -0.0003125 -0.000937559 -0.000416667 -0.0019954 0 0 0.000104167 -0.00107089 0.000104167 -0.00206207
67 0 0 -0.0003125 -0.000937559 -0.000416667 -0.0019954 0 0 0.000104167 -0.00107089 0.000104167 -0.00206207
68 0 0 -0.0003125 -0.000937559 -0.000416667 -0.0019954 0 0 0.000104167 -0.00107089 0.000104167 -0.00206207
69 0 0 -0.0003125 -0.000937559 -0.000416667 -0.0019954 0 0 0.000104167 -0.00107089 0.000104167 -0.00206207
70 0 0 -0.0003125 -0.000937559 -0.000416667 -0.0019954 0 0 0.000104167 -0.00107089 0.000104167 -0.00206207
71 0 0 -0.0003125 -0.000937559 -0.000416667 -0.0019954 0 0 0.000104167 -0.00107089 0.000104167 -0.00206207
72 0 0 -0.0003125 -0.000937559 -0.000416667 -0.0019954 0 0 0.000104167 -0.00107089 0.000104167 -0.00206207
73 0 0 -0.0003125 -0.000937559 -0.000416667 -0.0019954 0 0 0.000104167 -0.00107089 0.000104167 -0.00206207
74 0 0 -0.0003125 -0.000937559 -0.000416667 -0.0019954 0 0 0.000104167 -0.00107089 0.000104167 -0.00206207
75 0 0 -0.0003125 -0.000937559 -0.000416667 -0.0019954 0 0 0.000104167 -0.00107089 0.000104167 -0.00206207
76 0 0 -0.0003125 -0.000937559 -0.000416667 -0.0019954 0 0 0.000104167 -0.00107089 0.000104167 -0.00206207
77 0 0 -0.0003125 -0.000937559 -0.000416667 -0.0019954 0 0 0.000104167 -0.00107089 0.000104167 -0.00206207
78 0 0 -0.0003125 -0.000937559 -0.000416667 -0.0019954 0 0 0.000104167 -0.00107089 0.000104167 -0.00206207
79 0 0 -0.0003125 -0.000937559 -0.000416667 -0.0019954 0 0 0.000104167 -0.00107089 0.000104167 -0.00206207
80 0 0 -0.0003125 -0.000937559 -0.000416667 -0.0019954 0 0 0.000104167 -0.00107089 0.000104167 -0.00206207
81 0 0 -0.0003125 -0.000937559 -0.000416667 -0.0019954 0 0 0.000104167 -0.00107089 0.000104167 -0.00206207
82 0 0 -0.0003125 -0.000937559 -0.000416667 -0.0019954 0 0 0.000104167 -0.00107089 0.000104167 -0.00206207
83 0 0 -0.0003125 -0.000937559 -0.000416667 -0.0019954 0 0 0.000104167 -0.00107089 0.000104167 -0.00206207
84 0 0 -0.0003125 -0.000937559 -0.000416667 -0.0019954 0 0 0.000104167 -0.00107089 0.000104167 -0.00206207
85 0 0 -0.0003125 -0.000937559 -0.000416667 -0.0019954 0 0 0.000104167 -0.00107089 0.000104167 -0.00206207
86 0 0 -0.0003125 -0.000937559 -0.000416667 -0.0019954 0 0 0.000104167 -0.00107089 0.000104167 -0.00206207
87 0 0 -0.0003125 -0.000937559 -0.000416667 -0.0019954 0 0 0.000104167 -0.00107089 0.000104167 -0.00206207
88 0 0 -0.0003125 -0.000937559 -0.000416667 -0.0019954 0 0 0.000104167 -0.00107089 0.000104167 -0.00206207
89 0 0 -0.0003125 -0.000937559 -0.000416667 -0.0019954 0 0 0.000104167 -0.00107089 0.000104167 -0.00206207
90 0 0 -0.0003125 -0.000937559 -0.000416667 -0.0019954 0 0 0.000104167 -0.00107089 0.000104167 -0.00206207
91 0 0 -0.0003125 -0.000937559 -0.000416667 -0.0019954 0 0 0.000104167 -0.00107089 0.000104167 -0.00206207
92 0 0 -0.0003125 -0.000937559 -0.000416667 -0.0019954 0 0 0.000104167 -0.00107089 0.000104167 -0.00206207
93 0 0 -0.0003125 -0.000937559 -0.000416667 -0.0019954 0 0 0.000104167 -0.00107089 0.000104167 -0.00206207
94 0 0 -0.0003125 -0.000937559 -0.000416667 -0.0019954 0 0 0.000104167 -0.00107089 0.000104167 -0.00206207
95 0 0 -0.0003125 -0.000937559 -0.000416667 -0.0019954 0 0 0.000104167 -0.00107089 0.000104167 -0.00206207
96 0 0 -0.0003125 -0.000937559 -0.000416667 -0.0019954 0 0 0.000104167 -0.00107089 0.000104167 -0.00206207
97 0 0 -0.0003125 -0.000937559 -0.000416667 -0.0019954 0 0 0.000104167 -0.00107089 0.000104167 -0.00206207
98 0 0 -0.0003125 -0.000937559 -0.000416667 -0.0019954 0 0 0.000104167 -0.00107089 0.000104167 -0.00206207
99 0 0 -0.0003125 -0.000937559 -0.000416667 -0.0019954 0 0 0.000104167 -0.00107089 0.000104167 -0.00206207
100 0 0 -0.0003125 -0.000937559 -0.000416667 -0.0019954 0 0 0.000104167 -0.00107089 0.000104167 -0.00206207
