1 37500 0 1.09139e-11 7.27596e-12 5.45697e-12 3.63798e-11 -37500 20000 -1.81899e-12 2.36469e-11 0 -5.45697e-12
2 37500 0 -7.27596e-12 1.81899e-11 -1.81899e-12 5.45697e-12 -37500 20000 1.81899e-12 -1.09139e-11 0 -5.45697e-12
3 37500 0 7.27596e-12 3.63798e-12 -7.27596e-12 1.09139e-11 -37500 20000 5.45697e-12 -1.63709e-11 0 -5.45697e-12
4 37500 0 -7.27596e-12 1.81899e-11 -1.81899e-12 5.45697e-12 -37500 20000 1.81899e-12 -1.09139e-11 0 -5.45697e-12
5 37500 0 7.27596e-12 3.63798e-12 -7.27596e-12 1.09139e-11 -37500 20000 5.45697e-12 -1.63709e-11 0 -5.45697e-12
6 37500 0 -7.27596e-12 1.81899e-11 -1.81899e-12 5.45697e-12 -37500 20000 1.81899e-12 -1.09139e-11 0 -5.45697e-12
7 37500 0 7.27596e-12 3.63798e-12 -7.27596e-12 1.09139e-11 -37500 20000 5.45697e-12 -1.63709e-11 0 -5.45697e-12
8 37500 0 -7.27596e-12 1.81899e-11 -1.81899e-12 5.45697e-12 -37500 20000 1.81899e-12 -1.09139e-11 0 -5.45697e-12
9 37500 0 7.27596e-12 3.63798e-12 -7.27596e-12 1.09139e-11 -37500 20000 5.45697e-12 -1.63709e-11 0 -5.45697e-12
10 37500 0 -7.27596e-12 1.81899e-11 -1.81899e-12 5.45697e-12 -37500 20000 1.81899e-12 -1.09139e-11 0 -5.45697e-12
11 37500 0 7.27596e-12 3.63798e-12 -7.27596e-12 1.09139e-11 -37500 20000 5.45697e-12 -1.63709e-11 0 -5.45697e-12
12 37500 0 -7.27596e-12 1.81899e-11 -1.81899e-12 5.45697e-12 -37500 20000 1.81899e-12 -1.09139e-11 0 -5.45697e-12
13 37500 0 7.27596e-12 3.63798e-12 -7.27596e-12 1.09139e-11 -37500 20000 5.45697e-12 -1.63709e-11 0 -5.45697e-12
14 37500 0 -7.27596e-12 1.81899e-11 -1.81899e-12 5.45697e-12 -37500 20000 1.81899e-12 -1.09139e-11 0 -5.45697e-12
15 37500 0 7.27596e-12 3.63798e-12 -7.27596e-12 1.09139e-11 -37500 20000 5.45697e-12 -1.63709e-11 0 -5.45697e-12
16 37500 0 -7.27596e-12 1.81899e-11 -1.81899e-12 5.45697e-12 -37500 20000 1.81899e-12 -1.09139e-11 0 -5.45697e-12
17 37500 0 7.27596e-12 3.63798e-12 -7.27596e-12 1.09139e-11 -37500 20000 5.45697e-12 -1.63709e-11 0 -5.45697e-12
18 37500 0 -7.27596e-12 1.81899e-11 -1.81899e-12 5.45697e-12 -37500 20000 1.81899e-12 -1.09139e-11 0 -5.45697e-12
19 37500 0 7.27596e-12 3.63798e-12 -7.27596e-12 1.09139e-11 -37500 20000 5.45697e-12 -1.63709e-11 0 -5.45697e-12
20 37500 0 -7.27596e-12 1.81899e-11 -1.81899e-12 5.45697e-12 -37500 20000 1.81899e-12 -1.09139e-11 0 -5.45697e-12
21 37500 0 7.27596e-12 3.63798e-12 -7.27596e-12 1.09139e-11 -37500 20000 5.45697e-12 -1.63709e-11 0 -5.45697e-12
22 37500 0 -7.27596e-12 1.81899e-11 -1.81899e-12 5.45697e-12 -37500 20000 1.81899e-12 -1.09139e-11 0 -5.45697e-12
23 37500 0 7.27596e-12 3.63798e-12 -7.27596e-12 1.09139e-11 -37500 20000 5.45697e-12 -1.63709e-11 0 -5.45697e-12
24 37500 0 -7.27596e-12 1.81899e-11 -1.81899e-12 5.45697e-12 -37500 20000 1.81899e-12 -1.09139e-11 0 -5.45697e-12
25 37500 0 7.27596e-12 3.63798e-12 -7.27596e-12 1.09139e-11 -37500 20000 5.45697e-12 -1.63709e-11 0 -5.45697e-12
26 37500 0 -7.27596e-12 1.81899e-11 -1.81899e-12 5.45697e-12 -37500 20000 1.81899e-12 -1.09139e-11 0 -5.45697e-12
27 37500 0 7.27596e-12 3.63798e-12 -7.27596e-12 1.09139e-11 -37500 20000 5.45697e-12 -1.63709e-11 0 -5.45697e-12
28 37500 0 -7.27596e-12 1.81899e-11 -1.81899e-12 5.45697e-12 -37500 20000 1.81899e-12 -1.09139e-11 0 -5.45697e-12
29 37500 0 7.27596e-12 3.63798e-12 -7.27596e-12 1.09139e-11 -37500 20000 5.45697e-12 -1.63709e-11 0 -5.45697e-12
30 37500 0 -7.27596e-12 1.81899e-11 -1.81899e-12 5.45697e-12 -37500 20000 1.81899e-12 -1.09139e-11 0 -5.45697e-12
31 37500 0 7.27596e-12 3.63798e-12 -7.27596e-12 1.09139e-11 -37500 20000 5.45697e-12 -1.63709e-11 0 -5.45697e-12
32 37500 0 -7.27596e-12 1.81899e-11 -1.81899e-12 5.45697e-12 -37500 20000 1.81899e-12 -1.09139e-11 0 -5.45697e-12
33 37500 0 7.27596e-12 3.63798e-12 -7.27596e-12 1.09139e-11 -37500 20000 5.45697e-12 -1.63709e-11 0 -5.45697e-12
34 37500 0 -7.27596e-12 1.81899e-11 -1.81899e-12 5.45697e-12 -37500 20000 1.81899e-12 -1.09139e-11 0 -5.45697e-12
35 37500 0 7.27596e-12 3.63798e-12 -7.27596e-12 1.09139e-11 -37500 20000 5.45697e-12 -1.63709e-11 0 -5.45697e-12
36 37500 0 -7.27596e-12 1.81899e-11 -1.81899e-12 5.45697e-12 -37500 20000 1.81899e-12 -1.09139e-11 0 -5.45697e-12
37 37500 0 7.27596e-12 3.63798e-12 -7.27596e-12 1.09139e-11 -37500 20000 5.45697e-12 -1.63709e-11 0 -5.45697e-12
38 37500 0 -7.27596e-12 1.81899e-11 -1.81899e-12 5.45697e-12 -37500 20000 1.81899e-12 -1.09139e-11 0 -5.45697e-12
39 37500 0 7.27596e-12 3.63798e-12 -7.27596e-12 1.09139e-11 -37500 20000 5.45697e-12 -1.63709e-11 0 -5.45697e-12
40 37500 0 -7.27596e-12 1.81899e-11 -1.81899e-12 5.45697e-12 -37500 20000 1.81899e-12 -1.09139e-11 0 -5.45697e-12
41 37500 0 7.27596e-12 3.63798e-12 -7.27596e-12 1.09139e-11 -37500 20000 5.45697e-12 -1.63709e-11 0 -5.45697e-12
42 37500 0 -7.27596e-12 1.81899e-11 -1.81899e-12 5.45697e-12 -37500 20000 1.81899e-12 -1.09139e-11 0 -5.45697e-12
43 37500 0 7.27596e-12 3.63798e-12 -7.27596e-12 1.09139e-11 -37500 20000 5.45697e-12 -1.63709e-11 0 -5.45697e-12
44 37500 0 -7.27596e-12 1.81899e-11 -1.81899e-12 5.45697e-12 -37500 20000 1.81899e-12 -1.09139e-11 0 -5.45697e-12
45 37500 0 7.27596e-12 3.63798e-12 -7.27596e-12 1.09139e-11 -37500 20000 5.45697e-12 -1.63709e-11 0 -5.45697e-12
46 37500 0 -7.27596e-12 1.81899e-11 -1.81899e-12 5.45697e-12 -37500 20000 1.81899e-12 -1.09139e-11 0 -5.45697e-12
47 37500 0 7.27596e-12 3.63798e-12 -7.27596e-12 1.09139e-11 -37500 20000 5.45697e-12 -1.63709e-11 0 -5.45697e-12
48 37500 0 -7.27596e-12 1.81899e-11 -1.81899e-12 5.45697e-12 -37500 20000 1.81899e-12 -1.09139e-11 0 -5.45697e-12
49 37500 0 7.27596e-12 3.63798e-12 -7.27596e-12 1.09139e-11 -37500 20000 5.45697e-12 -1.63709e-11 0 -5.45697e-12
50 37500 0 -7.27596e-12 1.81899e-11 -1.81899e-12 5.45697e-12 -37500 20000 1.81899e-12 -1.09139e-11 0 -5.45697e-12
51 37500 0 7.27596e-12 3.63798e-12 -7.27596e-12 1.09139e-11 -37500 20000 5.45697e-12 -1.63709e-11 0 -5.45697e-12
52 37500 0 -7.27596e-12 1.81899e-11 -1.81899e-12 5.45697e-12 -37500 20000 1.81899e-12 -1.09139e-11 0 -5.45697e-12
53 37500 0 7.27596e-12 3.63798e-12 -7.27596e-12 1.09139e-11 -37500 20000 5.45697e-12 -1.63709e-11 0 -5.45697e-12
54 37500 0 -7.27596e-12 1.81899e-11 -1.81899e-12 5.45697e-12 -37500 20000 1.81899e-12 -1.09139e-11 0 -5.45697e-12
55 37500 0 7.27596e-12 3.63798e-12 -7.27596e-12 1.09139e-11 -37500 20000 5.45697e-12 -1.63709e-11 0 -5.45697e-12
56 37500 0 -7.27596e-12 1.81899e-11 -1.81899e-12 5.45697e-12 -37500 20000 1.81899e-12 -1.09139e-11 0 -5.45697e-12
57 37500 0 7.27596e-12 3.63798e-12 -7.27596e-12 1.09139e-11 -37500 20000 5.45697e-12 -1.63709e-11 0 -5.45697e-12
58 37500 0 -7.27596e-12 1.81899e-11 -1.81899e-12 5.45697e-12 -37500 20000 1.81899e-12 -1.09139e-11 0 -5.45697e-12
59 37500 0 7.27596e-12 3.63798e-12 -7.27596e-12 1.09139e-11 -37500 20000 5.45697e-12 -1.63709e-11 0 -5.45697e-12
60 37500 0 -7.27596e-12 1.81899e-11 -1.81899e-12 5.45697e-12 -37500 20000 1.81899e-12 -1.09139e-11 0 -5.45697e-12
61 37500 0 7.27596e-12 3.63798e-12 -7.27596e-12 1.09139e-11 -37500 20000 5.45697e-12 -1.63709e-11 0 -5.45697e-12
62 37500 0 -7.27596e-12 1.81899e-11 -1.81899e-12 5.45697e-12 -37500 20000 1.81899e-12 -1.09139e-11 0 -5.45697e-12
63 37500 0 7.27596e-12 3.63798e-12 -7.27596e-12 1.09139e-11 -37500 20000 5.45697e-12 -1.63709e-11 0 -5.45697e-12
64 37500 0 -7.27596e-12 1.81899e-11 -1.81899e-12 5.45697e-12 -37500 20000 1.81899e-12 -1.09139e-11 0 -5.45697e-12
65 37500 0 7.27596e-12 3.63798e-12 -7.27596e-12 1.09139e-11 -37500 20000 5.45697e-12 -1.63709e-11 0 -5.45697e-12
66 37500 0 -7.27596e-12 1.81899e-11 -1.81899e-12 5.45697e-12 -37500 20000 1.81899e-12 -1.09139e-11 0 -5.45697e-12
67 37500 0 7.27596e-12 3.63798e-12 -7.27596e-12 1.09139e-11 -37500 20000 5.45697e-12 -1.63709e-11 0 -5.45697e-12
68 37500 0 -7.27596e-12 1.81899e-11 -1.81899e-12 5.45697e-12 -37500 20000 1.81899e-12 -1.09139e-11 0 -5.45697e-12
69 37500 0 7.27596e-12 3.63798e-12 -7.27596e-12 1.09139e-11 -37500 20000 5.45697e-12 -1.63709e-11 0 -5.45697e-12
70 37500 0 -7.27596e-12 1.81899e-11 -1.81899e-12 5.45697e-12 -37500 20000 1.81899e-12 -1.09139e-11 0 -5.45697e-12
71 37500 0 7.27596e-12 3.63798e-12 -7.27596e-12 1.09139e-11 -37500 20000 5.45697e-12 -1.63709e-11 0 -5.45697e-12
72 37500 0 -7.27596e-12 1.81899e-11 -1.81899e-12 5.45697e-12 -37500 20000 1.81899e-12 -1.09139e-11 0 -5.45697e-12
73 37500 0 7.27596e-12 3.63798e-12 -7.27596e-12 1.09139e-11 -37500 20000 5.45697e-12 -1.63709e-11 0 -5.45697e-12
74 37500 0 -7.27596e-12 1.81899e-11 -1.81899e-12 5.45697e-12 -37500 20000 1.81899e-12 -1.09139e-11 0 -5.45697e-12
75 37500 0 7.27596e-12 3.63798e-12 -7.27596e-12 1.09139e-11 -37500 20000 5.45697e-12 -1.63709e-11 0 -5.45697e-12
76 37500 0 -7.27596e-12 1.81899e-11 -1.81899e-12 5.45697e-12 -37500 20000 1.81899e-12 -1.09139e-11 0 -5.45697e-12
77 37500 0 7.27596e-12 3.63798e-12 -7.27596e-12 1.09139e-11 -37500 20000 5.45697e-12 -1.63709e-11 0 -5.45697e-12
78 37500 0 -7.27596e-12 1.81899e-11 -1.81899e-12 5.45697e-12 -37500 20000 1.81899e-12 -1.09139e-11 0 -5.45697e-12
79 37500 0 7.27596e-12 3.63798e-12 -7.27596e-12 1.09139e-11 -37500 20000 5.45697e-12 -1.63709e-11 0 -5.45697e-12
80 37500 0 -7.27596e-12 1.81899e-11 -1.81899e-12 5.45697e-12 -37500 20000 1.81899e-12 -1.09139e-11 0 -5.45697e-12
81 37500 0 7.27596e-12 3.63798e-12 -7.27596e-12 1.09139e-11 -37500 20000 5.45697e-12 -1.63709e-11 0 -5.45697e-12
82 37500 0 -7.27596e-12 1.81899e-11 -1.81899e-12 5.45697e-12 -37500 20000 1.81899e-12 -1.09139e-11 0 -5.45697e-12
83 37500 0 7.27596e-12 3.63798e-12 -7.27596e-12 1.09139e-11 -37500 20000 5.45697e-12 -1.63709e-11 0 -5.45697e-12
84 37500 0 -7.27596e-12 1.81899e-11 -1.81899e-12 5.45697e-12 -37500 20000 1.81899e-12 -1.09139e-11 0 -5.45697e-12
85 37500 0 7.27596e-12 3.63798e-12 -7.27596e-12 1.09139e-11 -37500 20000 5.45697e-12 -1.63709e-11 0 -5.45697e-12
86 37500 0 -7.27596e-12 1.81899e-11 -1.81899e-12 5.45697e-12 -37500 20000 1.81899e-12 -1.09139e-11 0 -5.45697e-12
87 37500 0 7.27596e-12 3.63798e-12 -7.27596e-12 1.09139e-11 -37500 20000 5.45697e-12 -1.63709e-11 0 -5.45697e-12
88 37500 0 -7.27596e-12 1.81899e-11 -1.81899e-12 5.45697e-12 -37500 20000 1.81899e-12 -1.09139e-11 0 -5.45697e-12
89 37500 0 7.27596e-12 3.63798e-12 -7.27596e-12 1.09139e-11 -37500 20000 5.45697e-12 -1.63709e-11 0 -5.45697e-12
90 37500 0 -7.27596e-12 1.81899e-11 -1.81899e-12 5.45697e-12 -37500 20000 1.81899e-12 -1.09139e-11 0 -5.45697e-12
91 37500 0 7.27596e-12 3.63798e-12 -7.27596e-12 1.09139e-11 -37500 20000 5.45697e-12 -1.63709e-11 0 -5.45697e-12
92 37500 0 -7.27596e-12 1.81899e-11 -1.81899e-12 5.45697e-12 -37500 20000 1.81899e-12 -1.09139e-11 0 -5.45697e-12
93 37500 0 7.27596e-12 3.63798e-12 -7.27596e-12 1.09139e-11 -37500 20000 5.45697e-12 -1.63709e-11 0 -5.45697e-12
94 37500 0 -7.27596e-12 1.81899e-11 -1.81899e-12 5.45697e-12 -37500 20000 1.81899e-12 -1.09139e-11 0 -5.45697e-12
95 37500 0 7.27596e-12 3.63798e-12 -7.27596e-12 1.09139e-11 -37500 20000 5.45697e-12 -1.63709e-11 0 -5.45697e-12
96 37500 0 -7.27596e-12 1.81899e-11 -1.81899e-12 5.45697e-12 -37500 20000 1.81899e-12 -1.09139e-11 0 -5.45697e-12
97 37500 0 7.27596e-12 3.63798e-12 -7.27596e-12 1.09139e-11 -37500 20000 5.45697e-12 -1.63709e-11 0 -5.45697e-12
98 37500 0 -7.27596e-12 1.81899e-11 -1.81899e-12 5.45697e-12 -37500 20000 1.81899e-12 -1.09139e-11 0 -5.45697e-12
99 37500 0 7.27596e-12 3.63798e-12 -7.27596e-12 1.09139e-11 -37500 20000 5.45697e-12 -1.63709e-11 0 -5.45697e-12
100 37500 0 -7.27596e-12 1.81899e-11 -1.81899e-12 5.45697e-12 -37500 20000 1.81899e-12 -1.09139e-11 0 -5.45697e-12
