1 11138.8 0 0 -11138.8 -0 0 -13861.2 -0 0 13861.2 0 0 -8416.46 -0 0 8416.46 0 0 11138.8 0 0 -11138.8 -0 0 75000 0 0 -75000 -0 0 80444.7 0 0 -80444.7 -0 0 -0 -25000 0 0 25000 0 0 5444.73 0 -0 -5444.73 0 -0 -19555.3 0 0 19555.3 0 75000 75000 0 -75000 -75000 0 25000 25000 0 -25000 -25000 0 -5444.73 -5444.73 0 5444.73 5444.73 0 -19555.3 19555.3 0 19555.3 -19555.3 0 -75000 75000 0 75000 -75000 0
2 22277.6 0 0 -22277.6 -0 0 -27722.4 -0 0 27722.4 0 0 -16832.9 -0 0 16832.9 0 0 22277.6 0 0 -22277.6 -0 0 150000 0 0 -150000 -0 0 160889 0 0 -160889 -0 0 -0 -50000 0 0 50000 0 0 10889.5 0 -0 -10889.5 0 -0 -39110.5 0 0 39110.5 0 150000 150000 0 -150000 -150000 0 50000 50000 0 -50000 -50000 0 -10889.5 -10889.5 0 10889.5 10889.5 0 -39110.5 39110.5 0 39110.5 -39110.5 0 -150000 150000 0 150000 -150000 0
3 33416.5 0 0 -33416.5 -0 0 -41583.5 -0 0 41583.5 0 0 -25249.4 -0 0 25249.4 0 0 33416.5 0 0 -33416.5 -0 0 225000 0 0 -225000 -0 0 241334 0 0 -241334 -0 0 -0 -75000 0 0 75000 0 0 16334.2 0 -0 -16334.2 0 -0 -58665.8 0 0 58665.8 0 225000 225000 0 -225000 -225000 0 75000 75000 0 -75000 -75000 0 -16334.2 -16334.2 0 16334.2 16334.2 0 -58665.8 58665.8 0 58665.8 -58665.8 0 -225000 225000 0 225000 -225000 0
4 44555.3 0 0 -44555.3 -0 0 -55444.7 -0 0 55444.7 0 0 -33665.8 -0 0 33665.8 0 0 44555.3 0 0 -44555.3 -0 0 300000 0 0 -300000 -0 0 321779 0 0 -321779 -0 0 -0 -100000 0 0 100000 0 0 21778.9 0 -0 -21778.9 0 -0 -78221.1 0 0 78221.1 0 300000 300000 0 -300000 -300000 0 100000 100000 0 -100000 -100000 0 -21778.9 -21778.9 0 21778.9 21778.9 0 -78221.1 78221.1 0 78221.1 -78221.1 0 -300000 300000 0 300000 -300000 0
5 55694.1 0 0 -55694.1 -0 0 -69305.9 -0 0 69305.9 0 0 -42082.3 -0 0 42082.3 0 0 55694.1 0 0 -55694.1 -0 0 375000 0 0 -375000 -0 0 402224 0 0 -402224 -0 0 -0 -125000 0 0 125000 0 0 27223.6 0 -0 -27223.6 0 -0 -97776.4 0 0 97776.4 0 375000 375000 0 -375000 -375000 0 125000 125000 0 -125000 -125000 0 -27223.6 -27223.6 0 27223.6 27223.6 0 -97776.4 97776.4 0 97776.4 -97776.4 0 -375000 375000 0 375000 -375000 0
6 66832.9 0 0 -66832.9 -0 0 -83167.1 -0 0 83167.1 0 0 -50498.7 -0 0 50498.7 0 0 66832.9 0 0 -66832.9 -0 0 450000 0 0 -450000 -0 0 482668 0 0 -482668 -0 0 -0 -150000 0 0 150000 0 0 32668.4 0 -0 -32668.4 0 -0 -117332 0 0 117332 0 450000 450000 0 -450000 -450000 0 150000 150000 0 -150000 -150000 0 -32668.4 -32668.4 0 32668.4 32668.4 0 -117332 117332 0 117332 -117332 0 -450000 450000 0 450000 -450000 0
7 77971.7 0 0 -77971.7 -0 0 -97028.3 -0 0 97028.3 0 0 -58915.2 -0 0 58915.2 0 0 77971.7 0 0 -77971.7 -0 0 525000 0 0 -525000 -0 0 563113 0 0 -563113 -0 0 -0 -175000 0 0 175000 0 0 38113.1 0 -0 -38113.1 0 -0 -136887 0 0 136887 0 525000 525000 0 -525000 -525000 0 175000 175000 0 -175000 -175000 0 -38113.1 -38113.1 0 38113.1 38113.1 0 -136887 136887 0 136887 -136887 0 -525000 525000 0 525000 -525000 0
8 89110.5 0 0 -89110.5 -0 0 -110889 -0 0 110889 0 0 -67331.6 -0 0 67331.6 0 0 89110.5 0 0 -89110.5 -0 0 600000 0 0 -600000 -0 0 643558 0 0 -643558 -0 0 -0 -200000 0 0 200000 0 0 43557.8 0 -0 -43557.8 0 -0 -156442 0 0 156442 0 600000 600000 0 -600000 -600000 0 200000 200000 0 -200000 -200000 0 -43557.8 -43557.8 0 43557.8 43557.8 0 -156442 156442 0 156442 -156442 0 -600000 600000 0 600000 -600000 0
9 100249 0 0 -100249 -0 0 -124751 -0 0 124751 0 0 -75748.1 -0 0 75748.1 0 0 100249 0 0 -100249 -0 0 675000 0 0 -675000 -0 0 724003 0 0 -724003 -0 0 -0 -225000 0 0 225000 0 0 49002.5 0 -0 -49002.5 0 -0 -175997 0 0 175997 0 675000 675000 0 -675000 -675000 0 225000 225000 0 -225000 -225000 0 -49002.5 -49002.5 0 49002.5 49002.5 0 -175997 175997 0 175997 -175997 0 -675000 675000 0 675000 -675000 0
10 111388 0 0 -111388 -0 0 -138612 -0 0 138612 0 0 -84164.6 -0 0 84164.6 0 0 111388 0 0 -111388 -0 0 750000 0 0 -750000 -0 0 804447 0 0 -804447 -0 0 -0 -250000 0 0 250000 0 0 54447.3 0 -0 -54447.3 0 -0 -195553 0 0 195553 0 750000 750000 0 -750000 -750000 0 250000 250000 0 -250000 -250000 0 -54447.3 -54447.3 0 54447.3 54447.3 0 -195553 195553 0 195553 -195553 0 -750000 750000 0 750000 -750000 0
11 122527 0 0 -122527 -0 0 -152473 -0 0 152473 0 0 -92581 -0 0 92581 0 0 122527 0 0 -122527 -0 0 825000 0 0 -825000 -0 0 884892 0 0 -884892 -0 0 -0 -275000 0 0 275000 0 0 59892 0 -0 -59892 0 -0 -215108 0 0 215108 0 825000 825000 0 -825000 -825000 0 275000 275000 0 -275000 -275000 0 -59892 -59892 0 59892 59892 0 -215108 215108 0 215108 -215108 0 -825000 825000 0 825000 -825000 0
12 133666 0 0 -133666 -0 0 -166334 -0 0 166334 0 0 -100997 -0 0 100997 0 0 133666 0 0 -133666 -0 0 900000 0 0 -900000 -0 0 965337 0 0 -965337 -0 0 -0 -300000 0 0 300000 0 0 65336.7 0 -0 -65336.7 0 -0 -234663 0 0 234663 0 900000 900000 0 -900000 -900000 0 300000 300000 0 -300000 -300000 0 -65336.7 -65336.7 0 65336.7 65336.7 0 -234663 234663 0 234663 -234663 0 -900000 900000 0 900000 -900000 0
13 144805 0 0 -144805 -0 0 -180195 -0 0 180195 0 0 -109414 -0 0 109414 0 0 144805 0 0 -144805 -0 0 975000 0 0 -975000 -0 0 1.04578e+06 0 0 -1.04578e+06 -0 0 -0 -325000 0 0 325000 0 0 70781.4 0 -0 -70781.4 0 -0 -254219 0 0 254219 0 975000 975000 0 -975000 -975000 0 325000 325000 0 -325000 -325000 0 -70781.4 -70781.4 0 70781.4 70781.4 0 -254219 254219 0 254219 -254219 0 -975000 975000 0 975000 -975000 0
14 155943 0 0 -155943 -0 0 -194057 -0 0 194057 0 0 -117830 -0 0 117830 0 0 155943 0 0 -155943 -0 0 1.05e+06 0 0 -1.05e+06 -0 0 1.12623e+06 0 0 -1.12623e+06 -0 0 -0 -350000 0 0 350000 0 0 76226.2 0 -0 -76226.2 0 -0 -273774 0 0 273774 0 1.05e+06 1.05e+06 0 -1.05e+06 -1.05e+06 0 350000 350000 0 -350000 -350000 0 -76226.2 -76226.2 0 76226.2 76226.2 0 -273774 273774 0 273774 -273774 0 -1.05e+06 1.05e+06 0 1.05e+06 -1.05e+06 0
15 167082 0 0 -167082 -0 0 -207918 -0 0 207918 0 0 -126247 -0 0 126247 0 0 167082 0 0 -167082 -0 0 1.125e+06 0 0 -1.125e+06 -0 0 1.20667e+06 0 0 -1.20667e+06 -0 0 -0 -375000 0 0 375000 0 0 81670.9 0 -0 -81670.9 0 -0 -293329 0 0 293329 0 1.125e+06 1.125e+06 0 -1.125e+06 -1.125e+06 0 375000 375000 0 -375000 -375000 0 -81670.9 -81670.9 0 81670.9 81670.9 0 -293329 293329 0 293329 -293329 0 -1.125e+06 1.125e+06 0 1.125e+06 -1.125e+06 0
16 178221 0 0 -178221 -0 0 -221779 -0 0 221779 0 0 -134663 -0 0 134663 0 0 178221 0 0 -178221 -0 0 1.2e+06 0 0 -1.2e+06 -0 0 1.28712e+06 0 0 -1.28712e+06 -0 0 -0 -400000 0 0 400000 0 0 87115.6 0 -0 -87115.6 0 -0 -312884 0 0 312884 0 1.2e+06 1.2e+06 0 -1.2e+06 -1.2e+06 0 400000 400000 0 -400000 -400000 0 -87115.6 -87115.6 0 87115.6 87115.6 0 -312884 312884 0 312884 -312884 0 -1.2e+06 1.2e+06 0 1.2e+06 -1.2e+06 0
17 189360 0 0 -189360 -0 0 -235640 -0 0 235640 0 0 -143080 -0 0 143080 0 0 189360 0 0 -189360 -0 0 1.275e+06 0 0 -1.275e+06 -0 0 1.36756e+06 0 0 -1.36756e+06 -0 0 -0 -425000 0 0 425000 0 0 92560.3 0 -0 -92560.3 0 -0 -332440 0 0 332440 0 1.275e+06 1.275e+06 0 -1.275e+06 -1.275e+06 0 425000 425000 0 -425000 -425000 0 -92560.3 -92560.3 0 92560.3 92560.3 0 -332440 332440 0 332440 -332440 0 -1.275e+06 1.275e+06 0 1.275e+06 -1.275e+06 0
18 200499 0 0 -200499 -0 0 -249501 -0 0 249501 0 0 -151496 -0 0 151496 0 0 200499 0 0 -200499 -0 0 1.35e+06 0 0 -1.35e+06 -0 0 1.44801e+06 0 0 -1.44801e+06 -0 0 -0 -450000 0 0 450000 0 0 98005.1 0 -0 -98005.1 0 -0 -351995 0 0 351995 0 1.35e+06 1.35e+06 0 -1.35e+06 -1.35e+06 0 450000 450000 0 -450000 -450000 0 -98005.1 -98005.1 0 98005.1 98005.1 0 -351995 351995 0 351995 -351995 0 -1.35e+06 1.35e+06 0 1.35e+06 -1.35e+06 0
19 211638 0 0 -211638 -0 0 -263362 -0 0 263362 0 0 -159913 -0 0 159913 0 0 211638 0 0 -211638 -0 0 1.425e+06 0 0 -1.425e+06 -0 0 1.52845e+06 0 0 -1.52845e+06 -0 0 -0 -475000 0 0 475000 0 0 103450 0 -0 -103450 0 -0 -371550 0 0 371550 0 1.425e+06 1.425e+06 0 -1.425e+06 -1.425e+06 0 475000 475000 0 -475000 -475000 0 -103450 -103450 0 103450 103450 0 -371550 371550 0 371550 -371550 0 -1.425e+06 1.425e+06 0 1.425e+06 -1.425e+06 0
20 222776 0 0 -222776 -0 0 -277224 -0 0 277224 0 0 -168329 -0 0 168329 0 0 222776 0 0 -222776 -0 0 1.5e+06 0 0 -1.5e+06 -0 0 1.60889e+06 0 0 -1.60889e+06 -0 0 -0 -500000 0 0 500000 0 0 108895 0 -0 -108895 0 -0 -391105 0 0 391105 0 1.5e+06 1.5e+06 0 -1.5e+06 -1.5e+06 0 500000 500000 0 -500000 -500000 0 -108895 -108895 0 108895 108895 0 -391105 391105 0 391105 -391105 0 -1.5e+06 1.5e+06 0 1.5e+06 -1.5e+06 0
21 233915 0 0 -233915 -0 0 -291085 -0 0 291085 0 0 -176746 -0 0 176746 0 0 233915 0 0 -233915 -0 0 1.575e+06 0 0 -1.575e+06 -0 0 1.68934e+06 0 0 -1.68934e+06 -0 0 -0 -525000 0 0 525000 0 0 114339 0 -0 -114339 0 -0 -410661 0 0 410661 0 1.575e+06 1.575e+06 0 -1.575e+06 -1.575e+06 0 525000 525000 0 -525000 -525000 0 -114339 -114339 0 114339 114339 0 -410661 410661 0 410661 -410661 0 -1.575e+06 1.575e+06 0 1.575e+06 -1.575e+06 0
22 245054 0 0 -245054 -0 0 -304946 -0 0 304946 0 0 -185162 -0 0 185162 0 0 245054 0 0 -245054 -0 0 1.65e+06 0 0 -1.65e+06 -0 0 1.76978e+06 0 0 -1.76978e+06 -0 0 -0 -550000 0 0 550000 0 0 119784 0 -0 -119784 0 -0 -430216 0 0 430216 0 1.65e+06 1.65e+06 0 -1.65e+06 -1.65e+06 0 550000 550000 0 -550000 -550000 0 -119784 -119784 0 119784 119784 0 -430216 430216 0 430216 -430216 0 -1.65e+06 1.65e+06 0 1.65e+06 -1.65e+06 0
23 256193 0 0 -256193 -0 0 -318807 -0 0 318807 0 0 -193578 -0 0 193578 0 0 256193 0 0 -256193 -0 0 1.725e+06 0 0 -1.725e+06 -0 0 1.85023e+06 0 0 -1.85023e+06 -0 0 -0 -575000 0 0 575000 0 0 125229 0 -0 -125229 0 -0 -449771 0 0 449771 0 1.725e+06 1.725e+06 0 -1.725e+06 -1.725e+06 0 575000 575000 0 -575000 -575000 0 -125229 -125229 0 125229 125229 0 -449771 449771 0 449771 -449771 0 -1.725e+06 1.725e+06 0 1.725e+06 -1.725e+06 0
24 267332 0 0 -267332 -0 0 -332668 -0 0 332668 0 0 -201995 -0 0 201995 0 0 267332 0 0 -267332 -0 0 1.8e+06 0 0 -1.8e+06 -0 0 1.93067e+06 0 0 -1.93067e+06 -0 0 -0 -600000 0 0 600000 0 0 130673 0 -0 -130673 0 -0 -469327 0 0 469327 0 1.8e+06 1.8e+06 0 -1.8e+06 -1.8e+06 0 600000 600000 0 -600000 -600000 0 -130673 -130673 0 130673 130673 0 -469327 469327 0 469327 -469327 0 -1.8e+06 1.8e+06 0 1.8e+06 -1.8e+06 0
25 278470 0 0 -278470 -0 0 -346530 -0 0 346530 0 0 -210411 -0 0 210411 0 0 278470 0 0 -278470 -0 0 1.875e+06 0 0 -1.875e+06 -0 0 2.01112e+06 0 0 -2.01112e+06 -0 0 -0 -625000 0 0 625000 0 0 136118 0 -0 -136118 0 -0 -488882 0 0 488882 0 1.875e+06 1.875e+06 0 -1.875e+06 -1.875e+06 0 625000 625000 0 -625000 -625000 0 -136118 -136118 0 136118 136118 0 -488882 488882 0 488882 -488882 0 -1.875e+06 1.875e+06 0 1.875e+06 -1.875e+06 0
26 289609 0 0 -289609 -0 0 -360391 -0 0 360391 0 0 -218828 -0 0 218828 0 0 289609 0 0 -289609 -0 0 1.95e+06 0 0 -1.95e+06 -0 0 2.09156e+06 0 0 -2.09156e+06 -0 0 -0 -650000 0 0 650000 0 0 141563 0 -0 -141563 0 -0 -508437 0 0 508437 0 1.95e+06 1.95e+06 0 -1.95e+06 -1.95e+06 0 650000 650000 0 -650000 -650000 0 -141563 -141563 0 141563 141563 0 -508437 508437 0 508437 -508437 0 -1.95e+06 1.95e+06 0 1.95e+06 -1.95e+06 0
27 300748 0 0 -300748 -0 0 -374252 -0 0 374252 0 0 -227244 -0 0 227244 0 0 300748 0 0 -300748 -0 0 2.025e+06 0 0 -2.025e+06 -0 0 2.17201e+06 0 0 -2.17201e+06 -0 0 -0 -675000 0 0 675000 0 0 147008 0 -0 -147008 0 -0 -527992 0 0 527992 0 2.025e+06 2.025e+06 0 -2.025e+06 -2.025e+06 0 675000 675000 0 -675000 -675000 0 -147008 -147008 0 147008 147008 0 -527992 527992 0 527992 -527992 0 -2.025e+06 2.025e+06 0 2.025e+06 -2.025e+06 0
28 311887 0 0 -311887 -0 0 -388113 -0 0 388113 0 0 -235661 -0 0 235661 0 0 311887 0 0 -311887 -0 0 2.1e+06 0 0 -2.1e+06 -0 0 2.25245e+06 0 0 -2.25245e+06 -0 0 -0 -700000 0 0 700000 0 0 152452 0 -0 -152452 0 -0 -547548 0 0 547548 0 2.1e+06 2.1e+06 0 -2.1e+06 -2.1e+06 0 700000 700000 0 -700000 -700000 0 -152452 -152452 0 152452 152452 0 -547548 547548 0 547548 -547548 0 -2.1e+06 2.1e+06 0 2.1e+06 -2.1e+06 0
29 323026 0 0 -323026 -0 0 -401974 -0 0 401974 0 0 -244077 -0 0 244077 0 0 323026 0 0 -323026 -0 0 2.175e+06 0 0 -2.175e+06 -0 0 2.3329e+06 0 0 -2.3329e+06 -0 0 -0 -725000 0 0 725000 0 0 157897 0 -0 -157897 0 -0 -567103 0 0 567103 0 2.175e+06 2.175e+06 0 -2.175e+06 -2.175e+06 0 725000 725000 0 -725000 -725000 0 -157897 -157897 0 157897 157897 0 -567103 567103 0 567103 -567103 0 -2.175e+06 2.175e+06 0 2.175e+06 -2.175e+06 0
30 334165 0 0 -334165 -0 0 -415835 -0 0 415835 0 0 -252494 -0 0 252494 0 0 334165 0 0 -334165 -0 0 2.25e+06 0 0 -2.25e+06 -0 0 2.41334e+06 0 0 -2.41334e+06 -0 0 -0 -750000 0 0 750000 0 0 163342 0 -0 -163342 0 -0 -586658 0 0 586658 0 2.25e+06 2.25e+06 0 -2.25e+06 -2.25e+06 0 750000 750000 0 -750000 -750000 0 -163342 -163342 0 163342 163342 0 -586658 586658 0 586658 -586658 0 -2.25e+06 2.25e+06 0 2.25e+06 -2.25e+06 0
31 345303 0 0 -345303 -0 0 -429697 -0 0 429697 0 0 -260910 -0 0 260910 0 0 345303 0 0 -345303 -0 0 2.325e+06 0 0 -2.325e+06 -0 0 2.49379e+06 0 0 -2.49379e+06 -0 0 -0 -775000 0 0 775000 0 0 168787 0 -0 -168787 0 -0 -606213 0 0 606213 0 2.325e+06 2.325e+06 0 -2.325e+06 -2.325e+06 0 775000 775000 0 -775000 -775000 0 -168787 -168787 0 168787 168787 0 -606213 606213 0 606213 -606213 0 -2.325e+06 2.325e+06 0 2.325e+06 -2.325e+06 0
32 356442 0 0 -356442 -0 0 -443558 -0 0 443558 0 0 -269327 -0 0 269327 0 0 356442 0 0 -356442 -0 0 2.4e+06 0 0 -2.4e+06 -0 0 2.57423e+06 0 0 -2.57423e+06 -0 0 -0 -800000 0 0 800000 0 0 174231 0 -0 -174231 0 -0 -625769 0 0 625769 0 2.4e+06 2.4e+06 0 -2.4e+06 -2.4e+06 0 800000 800000 0 -800000 -800000 0 -174231 -174231 0 174231 174231 0 -625769 625769 0 625769 -625769 0 -2.4e+06 2.4e+06 0 2.4e+06 -2.4e+06 0
33 367581 0 0 -367581 -0 0 -457419 -0 0 457419 0 0 -277743 -0 0 277743 0 0 367581 0 0 -367581 -0 0 2.475e+06 0 0 -2.475e+06 -0 0 2.65468e+06 0 0 -2.65468e+06 -0 0 -0 -825000 0 0 825000 0 0 179676 0 -0 -179676 0 -0 -645324 0 0 645324 0 2.475e+06 2.475e+06 0 -2.475e+06 -2.475e+06 0 825000 825000 0 -825000 -825000 0 -179676 -179676 0 179676 179676 0 -645324 645324 0 645324 -645324 0 -2.475e+06 2.475e+06 0 2.475e+06 -2.475e+06 0
34 378720 0 0 -378720 -0 0 -471280 -0 0 471280 0 0 -286159 -0 0 286159 0 0 378720 0 0 -378720 -0 0 2.55e+06 0 0 -2.55e+06 -0 0 2.73512e+06 0 0 -2.73512e+06 -0 0 -0 -850000 0 0 850000 0 0 185121 0 -0 -185121 0 -0 -664879 0 0 664879 0 2.55e+06 2.55e+06 0 -2.55e+06 -2.55e+06 0 850000 850000 0 -850000 -850000 0 -185121 -185121 0 185121 185121 0 -664879 664879 0 664879 -664879 0 -2.55e+06 2.55e+06 0 2.55e+06 -2.55e+06 0
35 389859 0 0 -389859 -0 0 -485141 -0 0 485141 0 0 -294576 -0 0 294576 0 0 389859 0 0 -389859 -0 0 2.625e+06 0 0 -2.625e+06 -0 0 2.81557e+06 0 0 -2.81557e+06 -0 0 -0 -875000 0 0 875000 0 0 190565 0 -0 -190565 0 -0 -684435 0 0 684435 0 2.625e+06 2.625e+06 0 -2.625e+06 -2.625e+06 0 875000 875000 0 -875000 -875000 0 -190565 -190565 0 190565 190565 0 -684435 684435 0 684435 -684435 0 -2.625e+06 2.625e+06 0 2.625e+06 -2.625e+06 0
36 400997 0 0 -400997 -0 0 -499003 -0 0 499003 0 0 -302992 -0 0 302992 0 0 400997 0 0 -400997 -0 0 2.7e+06 0 0 -2.7e+06 -0 0 2.89601e+06 0 0 -2.89601e+06 -0 0 -0 -900000 0 0 900000 0 0 196010 0 -0 -196010 0 -0 -703990 0 0 703990 0 2.7e+06 2.7e+06 0 -2.7e+06 -2.7e+06 0 900000 900000 0 -900000 -900000 0 -196010 -196010 0 196010 196010 0 -703990 703990 0 703990 -703990 0 -2.7e+06 2.7e+06 0 2.7e+06 -2.7e+06 0
37 412136 0 0 -412136 -0 0 -512864 -0 0 512864 0 0 -311409 -0 0 311409 0 0 412136 0 0 -412136 -0 0 2.775e+06 0 0 -2.775e+06 -0 0 2.97645e+06 0 0 -2.97645e+06 -0 0 -0 -925000 0 0 925000 0 0 201455 0 -0 -201455 0 -0 -723545 0 0 723545 0 2.775e+06 2.775e+06 0 -2.775e+06 -2.775e+06 0 925000 925000 0 -925000 -925000 0 -201455 -201455 0 201455 201455 0 -723545 723545 0 723545 -723545 0 -2.775e+06 2.775e+06 0 2.775e+06 -2.775e+06 0
38 423275 0 0 -423275 -0 0 -526725 -0 0 526725 0 0 -319825 -0 0 319825 0 0 423275 0 0 -423275 -0 0 2.85e+06 0 0 -2.85e+06 -0 0 3.0569e+06 0 0 -3.0569e+06 -0 0 -0 -950000 0 0 950000 0 0 206900 0 -0 -206900 0 -0 -743100 0 0 743100 0 2.85e+06 2.85e+06 0 -2.85e+06 -2.85e+06 0 950000 950000 0 -950000 -950000 0 -206900 -206900 0 206900 206900 0 -743100 743100 0 743100 -743100 0 -2.85e+06 2.85e+06 0 2.85e+06 -2.85e+06 0
39 434414 0 0 -434414 -0 0 -540586 -0 0 540586 0 0 -328242 -0 0 328242 0 0 434414 0 0 -434414 -0 0 2.925e+06 0 0 -2.925e+06 -0 0 3.13734e+06 0 0 -3.13734e+06 -0 0 -0 -975000 0 0 975000 0 0 212344 0 -0 -212344 0 -0 -762656 0 0 762656 0 2.925e+06 2.925e+06 0 -2.925e+06 -2.925e+06 0 975000 975000 0 -975000 -975000 0 -212344 -212344 0 212344 212344 0 -762656 762656 0 762656 -762656 0 -2.925e+06 2.925e+06 0 2.925e+06 -2.925e+06 0
40 445553 0 0 -445553 -0 0 -554447 -0 0 554447 0 0 -336658 -0 0 336658 0 0 445553 0 0 -445553 -0 0 3e+06 0 0 -3e+06 -0 0 3.21779e+06 0 0 -3.21779e+06 -0 0 -0 -1e+06 0 0 1e+06 0 0 217789 0 -0 -217789 0 -0 -782211 0 0 782211 0 3e+06 3e+06 0 -3e+06 -3e+06 0 1e+06 1e+06 0 -1e+06 -1e+06 0 -217789 -217789 0 217789 217789 0 -782211 782211 0 782211 -782211 0 -3e+06 3e+06 0 3e+06 -3e+06 0
41 456692 0 0 -456692 -0 0 -568308 -0 0 568308 0 0 -345075 -0 0 345075 0 0 456692 0 0 -456692 -0 0 3.075e+06 0 0 -3.075e+06 -0 0 3.29823e+06 0 0 -3.29823e+06 -0 0 -0 -1.025e+06 0 0 1.025e+06 0 0 223234 0 -0 -223234 0 -0 -801766 0 0 801766 0 3.075e+06 3.075e+06 0 -3.075e+06 -3.075e+06 0 1.025e+06 1.025e+06 0 -1.025e+06 -1.025e+06 0 -223234 -223234 0 223234 223234 0 -801766 801766 0 801766 -801766 0 -3.075e+06 3.075e+06 0 3.075e+06 -3.075e+06 0
42 467830 0 0 -467830 -0 0 -582170 -0 0 582170 0 0 -353491 -0 0 353491 0 0 467830 0 0 -467830 -0 0 3.15e+06 0 0 -3.15e+06 -0 0 3.37868e+06 0 0 -3.37868e+06 -0 0 -0 -1.05e+06 0 0 1.05e+06 0 0 228679 0 -0 -228679 0 -0 -821321 0 0 821321 0 3.15e+06 3.15e+06 0 -3.15e+06 -3.15e+06 0 1.05e+06 1.05e+06 0 -1.05e+06 -1.05e+06 0 -228679 -228679 0 228679 228679 0 -821321 821321 0 821321 -821321 0 -3.15e+06 3.15e+06 0 3.15e+06 -3.15e+06 0
43 478969 0 0 -478969 -0 0 -596031 -0 0 596031 0 0 -361908 -0 0 361908 0 0 478969 0 0 -478969 -0 0 3.225e+06 0 0 -3.225e+06 -0 0 3.45912e+06 0 0 -3.45912e+06 -0 0 -0 -1.075e+06 0 0 1.075e+06 0 0 234123 0 -0 -234123 0 -0 -840877 0 0 840877 0 3.225e+06 3.225e+06 0 -3.225e+06 -3.225e+06 0 1.075e+06 1.075e+06 0 -1.075e+06 -1.075e+06 0 -234123 -234123 0 234123 234123 0 -840877 840877 0 840877 -840877 0 -3.225e+06 3.225e+06 0 3.225e+06 -3.225e+06 0
44 490108 0 0 -490108 -0 0 -609892 -0 0 609892 0 0 -370324 -0 0 370324 0 0 490108 0 0 -490108 -0 0 3.3e+06 0 0 -3.3e+06 -0 0 3.53957e+06 0 0 -3.53957e+06 -0 0 -0 -1.1e+06 0 0 1.1e+06 0 0 239568 0 -0 -239568 0 -0 -860432 0 0 860432 0 3.3e+06 3.3e+06 0 -3.3e+06 -3.3e+06 0 1.1e+06 1.1e+06 0 -1.1e+06 -1.1e+06 0 -239568 -239568 0 239568 239568 0 -860432 860432 0 860432 -860432 0 -3.3e+06 3.3e+06 0 3.3e+06 -3.3e+06 0
45 501247 0 0 -501247 -0 0 -623753 -0 0 623753 0 0 -378740 -0 0 378740 0 0 501247 0 0 -501247 -0 0 3.375e+06 0 0 -3.375e+06 -0 0 3.62001e+06 0 0 -3.62001e+06 -0 0 -0 -1.125e+06 0 0 1.125e+06 0 0 245013 0 -0 -245013 0 -0 -879987 0 0 879987 0 3.375e+06 3.375e+06 0 -3.375e+06 -3.375e+06 0 1.125e+06 1.125e+06 0 -1.125e+06 -1.125e+06 0 -245013 -245013 0 245013 245013 0 -879987 879987 0 879987 -879987 0 -3.375e+06 3.375e+06 0 3.375e+06 -3.375e+06 0
46 512386 0 0 -512386 -0 0 -637614 -0 0 637614 0 0 -387157 -0 0 387157 0 0 512386 0 0 -512386 -0 0 3.45e+06 0 0 -3.45e+06 -0 0 3.70046e+06 0 0 -3.70046e+06 -0 0 -0 -1.15e+06 0 0 1.15e+06 0 0 250457 0 -0 -250457 0 -0 -899543 0 0 899543 0 3.45e+06 3.45e+06 0 -3.45e+06 -3.45e+06 0 1.15e+06 1.15e+06 0 -1.15e+06 -1.15e+06 0 -250457 -250457 0 250457 250457 0 -899543 899543 0 899543 -899543 0 -3.45e+06 3.45e+06 0 3.45e+06 -3.45e+06 0
47 523524 0 0 -523524 -0 0 -651476 -0 0 651476 0 0 -395573 -0 0 395573 0 0 523524 0 0 -523524 -0 0 3.525e+06 0 0 -3.525e+06 -0 0 3.7809e+06 0 0 -3.7809e+06 -0 0 -0 -1.175e+06 0 0 1.175e+06 0 0 255902 0 -0 -255902 0 -0 -919098 0 0 919098 0 3.525e+06 3.525e+06 0 -3.525e+06 -3.525e+06 0 1.175e+06 1.175e+06 0 -1.175e+06 -1.175e+06 0 -255902 -255902 0 255902 255902 0 -919098 919098 0 919098 -919098 0 -3.525e+06 3.525e+06 0 3.525e+06 -3.525e+06 0
48 534663 0 0 -534663 -0 0 -665337 -0 0 665337 0 0 -403990 -0 0 403990 0 0 534663 0 0 -534663 -0 0 3.6e+06 0 0 -3.6e+06 -0 0 3.86135e+06 0 0 -3.86135e+06 -0 0 -0 -1.2e+06 0 0 1.2e+06 0 0 261347 0 -0 -261347 0 -0 -938653 0 0 938653 0 3.6e+06 3.6e+06 0 -3.6e+06 -3.6e+06 0 1.2e+06 1.2e+06 0 -1.2e+06 -1.2e+06 0 -261347 -261347 0 261347 261347 0 -938653 938653 0 938653 -938653 0 -3.6e+06 3.6e+06 0 3.6e+06 -3.6e+06 0
49 545802 0 0 -545802 -0 0 -679198 -0 0 679198 0 0 -412406 -0 0 412406 0 0 545802 0 0 -545802 -0 0 3.675e+06 0 0 -3.675e+06 -0 0 3.94179e+06 0 0 -3.94179e+06 -0 0 -0 -1.225e+06 0 0 1.225e+06 0 0 266792 0 -0 -266792 0 -0 -958208 0 0 958208 0 3.675e+06 3.675e+06 0 -3.675e+06 -3.675e+06 0 1.225e+06 1.225e+06 0 -1.225e+06 -1.225e+06 0 -266792 -266792 0 266792 266792 0 -958208 958208 0 958208 -958208 0 -3.675e+06 3.675e+06 0 3.675e+06 -3.675e+06 0
50 556941 0 0 -556941 -0 0 -693059 -0 0 693059 0 0 -420823 -0 0 420823 0 0 556941 0 0 -556941 -0 0 3.75e+06 0 0 -3.75e+06 -0 0 4.02224e+06 0 0 -4.02224e+06 -0 0 -0 -1.25e+06 0 0 1.25e+06 0 0 272236 0 -0 -272236 0 -0 -977764 0 0 977764 0 3.75e+06 3.75e+06 0 -3.75e+06 -3.75e+06 0 1.25e+06 1.25e+06 0 -1.25e+06 -1.25e+06 0 -272236 -272236 0 272236 272236 0 -977764 977764 0 977764 -977764 0 -3.75e+06 3.75e+06 0 3.75e+06 -3.75e+06 0
51 568080 0 0 -568080 -0 0 -706920 -0 0 706920 0 0 -429239 -0 0 429239 0 0 568080 0 0 -568080 -0 0 3.825e+06 0 0 -3.825e+06 -0 0 4.10268e+06 0 0 -4.10268e+06 -0 0 -0 -1.275e+06 0 0 1.275e+06 0 0 277681 0 -0 -277681 0 -0 -997319 0 0 997319 0 3.825e+06 3.825e+06 0 -3.825e+06 -3.825e+06 0 1.275e+06 1.275e+06 0 -1.275e+06 -1.275e+06 0 -277681 -277681 0 277681 277681 0 -997319 997319 0 997319 -997319 0 -3.825e+06 3.825e+06 0 3.825e+06 -3.825e+06 0
52 579219 0 0 -579219 -0 0 -720781 -0 0 720781 0 0 -437656 -0 0 437656 0 0 579219 0 0 -579219 -0 0 3.9e+06 0 0 -3.9e+06 -0 0 4.18313e+06 0 0 -4.18313e+06 -0 0 -0 -1.3e+06 0 0 1.3e+06 0 0 283126 0 -0 -283126 0 -0 -1.01687e+06 0 0 1.01687e+06 0 3.9e+06 3.9e+06 0 -3.9e+06 -3.9e+06 0 1.3e+06 1.3e+06 0 -1.3e+06 -1.3e+06 0 -283126 -283126 0 283126 283126 0 -1.01687e+06 1.01687e+06 0 1.01687e+06 -1.01687e+06 0 -3.9e+06 3.9e+06 0 3.9e+06 -3.9e+06 0
53 590357 0 0 -590357 -0 0 -734643 -0 0 734643 0 0 -446072 -0 0 446072 0 0 590357 0 0 -590357 -0 0 3.975e+06 0 0 -3.975e+06 -0 0 4.26357e+06 0 0 -4.26357e+06 -0 0 -0 -1.325e+06 0 0 1.325e+06 0 0 288570 0 -0 -288570 0 -0 -1.03643e+06 0 0 1.03643e+06 0 3.975e+06 3.975e+06 0 -3.975e+06 -3.975e+06 0 1.325e+06 1.325e+06 0 -1.325e+06 -1.325e+06 0 -288570 -288570 0 288570 288570 0 -1.03643e+06 1.03643e+06 0 1.03643e+06 -1.03643e+06 0 -3.975e+06 3.975e+06 0 3.975e+06 -3.975e+06 0
54 601496 0 0 -601496 -0 0 -748504 -0 0 748504 0 0 -454489 -0 0 454489 0 0 601496 0 0 -601496 -0 0 4.05e+06 0 0 -4.05e+06 -0 0 4.34402e+06 0 0 -4.34402e+06 -0 0 -0 -1.35e+06 0 0 1.35e+06 0 0 294015 0 -0 -294015 0 -0 -1.05598e+06 0 0 1.05598e+06 0 4.05e+06 4.05e+06 0 -4.05e+06 -4.05e+06 0 1.35e+06 1.35e+06 0 -1.35e+06 -1.35e+06 0 -294015 -294015 0 294015 294015 0 -1.05598e+06 1.05598e+06 0 1.05598e+06 -1.05598e+06 0 -4.05e+06 4.05e+06 0 4.05e+06 -4.05e+06 0
55 612635 0 0 -612635 -0 0 -762365 -0 0 762365 0 0 -462905 -0 0 462905 0 0 612635 0 0 -612635 -0 0 4.125e+06 0 0 -4.125e+06 -0 0 4.42446e+06 0 0 -4.42446e+06 -0 0 -0 -1.375e+06 0 0 1.375e+06 0 0 299460 0 -0 -299460 0 -0 -1.07554e+06 0 0 1.07554e+06 0 4.125e+06 4.125e+06 0 -4.125e+06 -4.125e+06 0 1.375e+06 1.375e+06 0 -1.375e+06 -1.375e+06 0 -299460 -299460 0 299460 299460 0 -1.07554e+06 1.07554e+06 0 1.07554e+06 -1.07554e+06 0 -4.125e+06 4.125e+06 0 4.125e+06 -4.125e+06 0
56 623774 0 0 -623774 -0 0 -776226 -0 0 776226 0 0 -471321 -0 0 471321 0 0 623774 0 0 -623774 -0 0 4.2e+06 0 0 -4.2e+06 -0 0 4.5049e+06 0 0 -4.5049e+06 -0 0 -0 -1.4e+06 0 0 1.4e+06 0 0 304905 0 -0 -304905 0 -0 -1.0951e+06 0 0 1.0951e+06 0 4.2e+06 4.2e+06 0 -4.2e+06 -4.2e+06 0 1.4e+06 1.4e+06 0 -1.4e+06 -1.4e+06 0 -304905 -304905 0 304905 304905 0 -1.0951e+06 1.0951e+06 0 1.0951e+06 -1.0951e+06 0 -4.2e+06 4.2e+06 0 4.2e+06 -4.2e+06 0
57 634913 0 0 -634913 -0 0 -790087 -0 0 790087 0 0 -479738 -0 0 479738 0 0 634913 0 0 -634913 -0 0 4.275e+06 0 0 -4.275e+06 -0 0 4.58535e+06 0 0 -4.58535e+06 -0 0 -0 -1.425e+06 0 0 1.425e+06 0 0 310349 0 -0 -310349 0 -0 -1.11465e+06 0 0 1.11465e+06 0 4.275e+06 4.275e+06 0 -4.275e+06 -4.275e+06 0 1.425e+06 1.425e+06 0 -1.425e+06 -1.425e+06 0 -310349 -310349 0 310349 310349 0 -1.11465e+06 1.11465e+06 0 1.11465e+06 -1.11465e+06 0 -4.275e+06 4.275e+06 0 4.275e+06 -4.275e+06 0
58 646051 0 0 -646051 -0 0 -803949 -0 0 803949 0 0 -488154 -0 0 488154 0 0 646051 0 0 -646051 -0 0 4.35e+06 0 0 -4.35e+06 -0 0 4.66579e+06 0 0 -4.66579e+06 -0 0 -0 -1.45e+06 0 0 1.45e+06 0 0 315794 0 -0 -315794 0 -0 -1.13421e+06 0 0 1.13421e+06 0 4.35e+06 4.35e+06 0 -4.35e+06 -4.35e+06 0 1.45e+06 1.45e+06 0 -1.45e+06 -1.45e+06 0 -315794 -315794 0 315794 315794 0 -1.13421e+06 1.13421e+06 0 1.13421e+06 -1.13421e+06 0 -4.35e+06 4.35e+06 0 4.35e+06 -4.35e+06 0
59 657190 0 0 -657190 -0 0 -817810 -0 0 817810 0 0 -496571 -0 0 496571 0 0 657190 0 0 -657190 -0 0 4.425e+06 0 0 -4.425e+06 -0 0 4.74624e+06 0 0 -4.74624e+06 -0 0 -0 -1.475e+06 0 0 1.475e+06 0 0 321239 0 -0 -321239 0 -0 -1.15376e+06 0 0 1.15376e+06 0 4.425e+06 4.425e+06 0 -4.425e+06 -4.425e+06 0 1.475e+06 1.475e+06 0 -1.475e+06 -1.475e+06 0 -321239 -321239 0 321239 321239 0 -1.15376e+06 1.15376e+06 0 1.15376e+06 -1.15376e+06 0 -4.425e+06 4.425e+06 0 4.425e+06 -4.425e+06 0
60 668329 0 0 -668329 -0 0 -831671 -0 0 831671 0 0 -504987 -0 0 504987 0 0 668329 0 0 -668329 -0 0 4.5e+06 0 0 -4.5e+06 -0 0 4.82668e+06 0 0 -4.82668e+06 -0 0 -0 -1.5e+06 0 0 1.5e+06 0 0 326684 0 -0 -326684 0 -0 -1.17332e+06 0 0 1.17332e+06 0 4.5e+06 4.5e+06 0 -4.5e+06 -4.5e+06 0 1.5e+06 1.5e+06 0 -1.5e+06 -1.5e+06 0 -326684 -326684 0 326684 326684 0 -1.17332e+06 1.17332e+06 0 1.17332e+06 -1.17332e+06 0 -4.5e+06 4.5e+06 0 4.5e+06 -4.5e+06 0
61 679468 0 0 -679468 -0 0 -845532 -0 0 845532 0 0 -513404 -0 0 513404 0 0 679468 0 0 -679468 -0 0 4.575e+06 0 0 -4.575e+06 -0 0 4.90713e+06 0 0 -4.90713e+06 -0 0 -0 -1.525e+06 0 0 1.525e+06 0 0 332128 0 -0 -332128 0 -0 -1.19287e+06 0 0 1.19287e+06 0 4.575e+06 4.575e+06 0 -4.575e+06 -4.575e+06 0 1.525e+06 1.525e+06 0 -1.525e+06 -1.525e+06 0 -332128 -332128 0 332128 332128 0 -1.19287e+06 1.19287e+06 0 1.19287e+06 -1.19287e+06 0 -4.575e+06 4.575e+06 0 4.575e+06 -4.575e+06 0
62 690607 0 0 -690607 -0 0 -859393 -0 0 859393 0 0 -521820 -0 0 521820 0 0 690607 0 0 -690607 -0 0 4.65e+06 0 0 -4.65e+06 -0 0 4.98757e+06 0 0 -4.98757e+06 -0 0 -0 -1.55e+06 0 0 1.55e+06 0 0 337573 0 -0 -337573 0 -0 -1.21243e+06 0 0 1.21243e+06 0 4.65e+06 4.65e+06 0 -4.65e+06 -4.65e+06 0 1.55e+06 1.55e+06 0 -1.55e+06 -1.55e+06 0 -337573 -337573 0 337573 337573 0 -1.21243e+06 1.21243e+06 0 1.21243e+06 -1.21243e+06 0 -4.65e+06 4.65e+06 0 4.65e+06 -4.65e+06 0
63 701746 0 0 -701746 -0 0 -873254 -0 0 873254 0 0 -530237 -0 0 530237 0 0 701746 0 0 -701746 -0 0 4.725e+06 0 0 -4.725e+06 -0 0 5.06802e+06 0 0 -5.06802e+06 -0 0 -0 -1.575e+06 0 0 1.575e+06 0 0 343018 0 -0 -343018 0 -0 -1.23198e+06 0 0 1.23198e+06 0 4.725e+06 4.725e+06 0 -4.725e+06 -4.725e+06 0 1.575e+06 1.575e+06 0 -1.575e+06 -1.575e+06 0 -343018 -343018 0 343018 343018 0 -1.23198e+06 1.23198e+06 0 1.23198e+06 -1.23198e+06 0 -4.725e+06 4.725e+06 0 4.725e+06 -4.725e+06 0
64 712884 0 0 -712884 -0 0 -887116 -0 0 887116 0 0 -538653 -0 0 538653 0 0 712884 0 0 -712884 -0 0 4.8e+06 0 0 -4.8e+06 -0 0 5.14846e+06 0 0 -5.14846e+06 -0 0 -0 -1.6e+06 0 0 1.6e+06 0 0 348462 0 -0 -348462 0 -0 -1.25154e+06 0 0 1.25154e+06 0 4.8e+06 4.8e+06 0 -4.8e+06 -4.8e+06 0 1.6e+06 1.6e+06 0 -1.6e+06 -1.6e+06 0 -348462 -348462 0 348462 348462 0 -1.25154e+06 1.25154e+06 0 1.25154e+06 -1.25154e+06 0 -4.8e+06 4.8e+06 0 4.8e+06 -4.8e+06 0
65 724023 0 0 -724023 -0 0 -900977 -0 0 900977 0 0 -547070 -0 0 547070 0 0 724023 0 0 -724023 -0 0 4.875e+06 0 0 -4.875e+06 -0 0 5.22891e+06 0 0 -5.22891e+06 -0 0 -0 -1.625e+06 0 0 1.625e+06 0 0 353907 0 -0 -353907 0 -0 -1.27109e+06 0 0 1.27109e+06 0 4.875e+06 4.875e+06 0 -4.875e+06 -4.875e+06 0 1.625e+06 1.625e+06 0 -1.625e+06 -1.625e+06 0 -353907 -353907 0 353907 353907 0 -1.27109e+06 1.27109e+06 0 1.27109e+06 -1.27109e+06 0 -4.875e+06 4.875e+06 0 4.875e+06 -4.875e+06 0
66 735162 0 0 -735162 -0 0 -914838 -0 0 914838 0 0 -555486 -0 0 555486 0 0 735162 0 0 -735162 -0 0 4.95e+06 0 0 -4.95e+06 -0 0 5.30935e+06 0 0 -5.30935e+06 -0 0 -0 -1.65e+06 0 0 1.65e+06 0 0 359352 0 -0 -359352 0 -0 -1.29065e+06 0 0 1.29065e+06 0 4.95e+06 4.95e+06 0 -4.95e+06 -4.95e+06 0 1.65e+06 1.65e+06 0 -1.65e+06 -1.65e+06 0 -359352 -359352 0 359352 359352 0 -1.29065e+06 1.29065e+06 0 1.29065e+06 -1.29065e+06 0 -4.95e+06 4.95e+06 0 4.95e+06 -4.95e+06 0
67 746301 0 0 -746301 -0 0 -928699 -0 0 928699 0 0 -563903 -0 0 563903 0 0 746301 0 0 -746301 -0 0 5.025e+06 0 0 -5.025e+06 -0 0 5.3898e+06 0 0 -5.3898e+06 -0 0 -0 -1.675e+06 0 0 1.675e+06 0 0 364797 0 -0 -364797 0 -0 -1.3102e+06 0 0 1.3102e+06 0 5.025e+06 5.025e+06 0 -5.025e+06 -5.025e+06 0 1.675e+06 1.675e+06 0 -1.675e+06 -1.675e+06 0 -364797 -364797 0 364797 364797 0 -1.3102e+06 1.3102e+06 0 1.3102e+06 -1.3102e+06 0 -5.025e+06 5.025e+06 0 5.025e+06 -5.025e+06 0
68 757440 0 0 -757440 -0 0 -942560 -0 0 942560 0 0 -572319 -0 0 572319 0 0 757440 0 0 -757440 -0 0 5.1e+06 0 0 -5.1e+06 -0 0 5.47024e+06 0 0 -5.47024e+06 -0 0 -0 -1.7e+06 0 0 1.7e+06 0 0 370241 0 -0 -370241 0 -0 -1.32976e+06 0 0 1.32976e+06 0 5.1e+06 5.1e+06 0 -5.1e+06 -5.1e+06 0 1.7e+06 1.7e+06 0 -1.7e+06 -1.7e+06 0 -370241 -370241 0 370241 370241 0 -1.32976e+06 1.32976e+06 0 1.32976e+06 -1.32976e+06 0 -5.1e+06 5.1e+06 0 5.1e+06 -5.1e+06 0
69 768578 0 0 -768578 -0 0 -956422 -0 0 956422 0 0 -580735 -0 0 580735 0 0 768578 0 0 -768578 -0 0 5.175e+06 0 0 -5.175e+06 -0 0 5.55069e+06 0 0 -5.55069e+06 -0 0 -0 -1.725e+06 0 0 1.725e+06 0 0 375686 0 -0 -375686 0 -0 -1.34931e+06 0 0 1.34931e+06 0 5.175e+06 5.175e+06 0 -5.175e+06 -5.175e+06 0 1.725e+06 1.725e+06 0 -1.725e+06 -1.725e+06 0 -375686 -375686 0 375686 375686 0 -1.34931e+06 1.34931e+06 0 1.34931e+06 -1.34931e+06 0 -5.175e+06 5.175e+06 0 5.175e+06 -5.175e+06 0
70 779717 0 0 -779717 -0 0 -970283 -0 0 970283 0 0 -589152 -0 0 589152 0 0 779717 0 0 -779717 -0 0 5.25e+06 0 0 -5.25e+06 -0 0 5.63113e+06 0 0 -5.63113e+06 -0 0 -0 -1.75e+06 0 0 1.75e+06 0 0 381131 0 -0 -381131 0 -0 -1.36887e+06 0 0 1.36887e+06 0 5.25e+06 5.25e+06 0 -5.25e+06 -5.25e+06 0 1.75e+06 1.75e+06 0 -1.75e+06 -1.75e+06 0 -381131 -381131 0 381131 381131 0 -1.36887e+06 1.36887e+06 0 1.36887e+06 -1.36887e+06 0 -5.25e+06 5.25e+06 0 5.25e+06 -5.25e+06 0
71 790856 0 0 -790856 -0 0 -984144 -0 0 984144 0 0 -597568 -0 0 597568 0 0 790856 0 0 -790856 -0 0 5.325e+06 0 0 -5.325e+06 -0 0 5.71158e+06 0 0 -5.71158e+06 -0 0 -0 -1.775e+06 0 0 1.775e+06 0 0 386576 0 -0 -386576 0 -0 -1.38842e+06 0 0 1.38842e+06 0 5.325e+06 5.325e+06 0 -5.325e+06 -5.325e+06 0 1.775e+06 1.775e+06 0 -1.775e+06 -1.775e+06 0 -386576 -386576 0 386576 386576 0 -1.38842e+06 1.38842e+06 0 1.38842e+06 -1.38842e+06 0 -5.325e+06 5.325e+06 0 5.325e+06 -5.325e+06 0
72 801995 0 0 -801995 -0 0 -998005 -0 0 998005 0 0 -605985 -0 0 605985 0 0 801995 0 0 -801995 -0 0 5.4e+06 0 0 -5.4e+06 -0 0 5.79202e+06 0 0 -5.79202e+06 -0 0 -0 -1.8e+06 0 0 1.8e+06 0 0 392020 0 -0 -392020 0 -0 -1.40798e+06 0 0 1.40798e+06 0 5.4e+06 5.4e+06 0 -5.4e+06 -5.4e+06 0 1.8e+06 1.8e+06 0 -1.8e+06 -1.8e+06 0 -392020 -392020 0 392020 392020 0 -1.40798e+06 1.40798e+06 0 1.40798e+06 -1.40798e+06 0 -5.4e+06 5.4e+06 0 5.4e+06 -5.4e+06 0
73 813134 0 0 -813134 -0 0 -1.01187e+06 -0 0 1.01187e+06 0 0 -614401 -0 0 614401 0 0 813134 0 0 -813134 -0 0 5.475e+06 0 0 -5.475e+06 -0 0 5.87247e+06 0 0 -5.87247e+06 -0 0 -0 -1.825e+06 0 0 1.825e+06 0 0 397465 0 -0 -397465 0 -0 -1.42753e+06 0 0 1.42753e+06 0 5.475e+06 5.475e+06 0 -5.475e+06 -5.475e+06 0 1.825e+06 1.825e+06 0 -1.825e+06 -1.825e+06 0 -397465 -397465 0 397465 397465 0 -1.42753e+06 1.42753e+06 0 1.42753e+06 -1.42753e+06 0 -5.475e+06 5.475e+06 0 5.475e+06 -5.475e+06 0
74 824273 0 0 -824273 -0 0 -1.02573e+06 -0 0 1.02573e+06 0 0 -622818 -0 0 622818 0 0 824273 0 0 -824273 -0 0 5.55e+06 0 0 -5.55e+06 -0 0 5.95291e+06 0 0 -5.95291e+06 -0 0 -0 -1.85e+06 0 0 1.85e+06 0 0 402910 0 -0 -402910 0 -0 -1.44709e+06 0 0 1.44709e+06 0 5.55e+06 5.55e+06 0 -5.55e+06 -5.55e+06 0 1.85e+06 1.85e+06 0 -1.85e+06 -1.85e+06 0 -402910 -402910 0 402910 402910 0 -1.44709e+06 1.44709e+06 0 1.44709e+06 -1.44709e+06 0 -5.55e+06 5.55e+06 0 5.55e+06 -5.55e+06 0
75 835411 0 0 -835411 -0 0 -1.03959e+06 -0 0 1.03959e+06 0 0 -631234 -0 0 631234 0 0 835411 0 0 -835411 -0 0 5.625e+06 0 0 -5.625e+06 -0 0 6.03335e+06 0 0 -6.03335e+06 -0 0 -0 -1.875e+06 0 0 1.875e+06 0 0 408354 0 -0 -408354 0 -0 -1.46665e+06 0 0 1.46665e+06 0 5.625e+06 5.625e+06 0 -5.625e+06 -5.625e+06 0 1.875e+06 1.875e+06 0 -1.875e+06 -1.875e+06 0 -408354 -408354 0 408354 408354 0 -1.46665e+06 1.46665e+06 0 1.46665e+06 -1.46665e+06 0 -5.625e+06 5.625e+06 0 5.625e+06 -5.625e+06 0
76 846550 0 0 -846550 -0 0 -1.05345e+06 -0 0 1.05345e+06 0 0 -639651 -0 0 639651 0 0 846550 0 0 -846550 -0 0 5.7e+06 0 0 -5.7e+06 -0 0 6.1138e+06 0 0 -6.1138e+06 -0 0 -0 -1.9e+06 0 0 1.9e+06 0 0 413799 0 -0 -413799 0 -0 -1.4862e+06 0 0 1.4862e+06 0 5.7e+06 5.7e+06 0 -5.7e+06 -5.7e+06 0 1.9e+06 1.9e+06 0 -1.9e+06 -1.9e+06 0 -413799 -413799 0 413799 413799 0 -1.4862e+06 1.4862e+06 0 1.4862e+06 -1.4862e+06 0 -5.7e+06 5.7e+06 0 5.7e+06 -5.7e+06 0
77 857689 0 0 -857689 -0 0 -1.06731e+06 -0 0 1.06731e+06 0 0 -648067 -0 0 648067 0 0 857689 0 0 -857689 -0 0 5.775e+06 0 0 -5.775e+06 -0 0 6.19424e+06 0 0 -6.19424e+06 -0 0 -0 -1.925e+06 0 0 1.925e+06 0 0 419244 0 -0 -419244 0 -0 -1.50576e+06 0 0 1.50576e+06 0 5.775e+06 5.775e+06 0 -5.775e+06 -5.775e+06 0 1.925e+06 1.925e+06 0 -1.925e+06 -1.925e+06 0 -419244 -419244 0 419244 419244 0 -1.50576e+06 1.50576e+06 0 1.50576e+06 -1.50576e+06 0 -5.775e+06 5.775e+06 0 5.775e+06 -5.775e+06 0
78 868828 0 0 -868828 -0 0 -1.08117e+06 -0 0 1.08117e+06 0 0 -656484 -0 0 656484 0 0 868828 0 0 -868828 -0 0 5.85e+06 0 0 -5.85e+06 -0 0 6.27469e+06 0 0 -6.27469e+06 -0 0 -0 -1.95e+06 0 0 1.95e+06 0 0 424689 0 -0 -424689 0 -0 -1.52531e+06 0 0 1.52531e+06 0 5.85e+06 5.85e+06 0 -5.85e+06 -5.85e+06 0 1.95e+06 1.95e+06 0 -1.95e+06 -1.95e+06 0 -424689 -424689 0 424689 424689 0 -1.52531e+06 1.52531e+06 0 1.52531e+06 -1.52531e+06 0 -5.85e+06 5.85e+06 0 5.85e+06 -5.85e+06 0
79 879967 0 0 -879967 -0 0 -1.09503e+06 -0 0 1.09503e+06 0 0 -664900 -0 0 664900 0 0 879967 0 0 -879967 -0 0 5.925e+06 0 0 -5.925e+06 -0 0 6.35513e+06 0 0 -6.35513e+06 -0 0 -0 -1.975e+06 0 0 1.975e+06 0 0 430133 0 -0 -430133 0 -0 -1.54487e+06 0 0 1.54487e+06 0 5.925e+06 5.925e+06 0 -5.925e+06 -5.925e+06 0 1.975e+06 1.975e+06 0 -1.975e+06 -1.975e+06 0 -430133 -430133 0 430133 430133 0 -1.54487e+06 1.54487e+06 0 1.54487e+06 -1.54487e+06 0 -5.925e+06 5.925e+06 0 5.925e+06 -5.925e+06 0
80 891105 0 0 -891105 -0 0 -1.10889e+06 -0 0 1.10889e+06 0 0 -673316 -0 0 673316 0 0 891105 0 0 -891105 -0 0 6e+06 0 0 -6e+06 -0 0 6.43558e+06 0 0 -6.43558e+06 -0 0 -0 -2e+06 0 0 2e+06 0 0 435578 0 -0 -435578 0 -0 -1.56442e+06 0 0 1.56442e+06 0 6e+06 6e+06 0 -6e+06 -6e+06 0 2e+06 2e+06 0 -2e+06 -2e+06 0 -435578 -435578 0 435578 435578 0 -1.56442e+06 1.56442e+06 0 1.56442e+06 -1.56442e+06 0 -6e+06 6e+06 0 6e+06 -6e+06 0
81 902244 0 0 -902244 -0 0 -1.12276e+06 -0 0 1.12276e+06 0 0 -681733 -0 0 681733 0 0 902244 0 0 -902244 -0 0 6.075e+06 0 0 -6.075e+06 -0 0 6.51602e+06 0 0 -6.51602e+06 -0 0 -0 -2.025e+06 0 0 2.025e+06 0 0 441023 0 -0 -441023 0 -0 -1.58398e+06 0 0 1.58398e+06 0 6.075e+06 6.075e+06 0 -6.075e+06 -6.075e+06 0 2.025e+06 2.025e+06 0 -2.025e+06 -2.025e+06 0 -441023 -441023 0 441023 441023 0 -1.58398e+06 1.58398e+06 0 1.58398e+06 -1.58398e+06 0 -6.075e+06 6.075e+06 0 6.075e+06 -6.075e+06 0
82 913383 0 0 -913383 -0 0 -1.13662e+06 -0 0 1.13662e+06 0 0 -690149 -0 0 690149 0 0 913383 0 0 -913383 -0 0 6.15e+06 0 0 -6.15e+06 -0 0 6.59647e+06 0 0 -6.59647e+06 -0 0 -0 -2.05e+06 0 0 2.05e+06 0 0 446468 0 -0 -446468 0 -0 -1.60353e+06 0 0 1.60353e+06 0 6.15e+06 6.15e+06 0 -6.15e+06 -6.15e+06 0 2.05e+06 2.05e+06 0 -2.05e+06 -2.05e+06 0 -446468 -446468 0 446468 446468 0 -1.60353e+06 1.60353e+06 0 1.60353e+06 -1.60353e+06 0 -6.15e+06 6.15e+06 0 6.15e+06 -6.15e+06 0
83 924522 0 0 -924522 -0 0 -1.15048e+06 -0 0 1.15048e+06 0 0 -698566 -0 0 698566 0 0 924522 0 0 -924522 -0 0 6.225e+06 0 0 -6.225e+06 -0 0 6.67691e+06 0 0 -6.67691e+06 -0 0 -0 -2.075e+06 0 0 2.075e+06 0 0 451912 0 -0 -451912 0 -0 -1.62309e+06 0 0 1.62309e+06 0 6.225e+06 6.225e+06 0 -6.225e+06 -6.225e+06 0 2.075e+06 2.075e+06 0 -2.075e+06 -2.075e+06 0 -451912 -451912 0 451912 451912 0 -1.62309e+06 1.62309e+06 0 1.62309e+06 -1.62309e+06 0 -6.225e+06 6.225e+06 0 6.225e+06 -6.225e+06 0
84 935661 0 0 -935661 -0 0 -1.16434e+06 -0 0 1.16434e+06 0 0 -706982 -0 0 706982 0 0 935661 0 0 -935661 -0 0 6.3e+06 0 0 -6.3e+06 -0 0 6.75736e+06 0 0 -6.75736e+06 -0 0 -0 -2.1e+06 0 0 2.1e+06 0 0 457357 0 -0 -457357 0 -0 -1.64264e+06 0 0 1.64264e+06 0 6.3e+06 6.3e+06 0 -6.3e+06 -6.3e+06 0 2.1e+06 2.1e+06 0 -2.1e+06 -2.1e+06 0 -457357 -457357 0 457357 457357 0 -1.64264e+06 1.64264e+06 0 1.64264e+06 -1.64264e+06 0 -6.3e+06 6.3e+06 0 6.3e+06 -6.3e+06 0
85 946800 0 0 -946800 -0 0 -1.1782e+06 -0 0 1.1782e+06 0 0 -715399 -0 0 715399 0 0 946800 0 0 -946800 -0 0 6.375e+06 0 0 -6.375e+06 -0 0 6.8378e+06 0 0 -6.8378e+06 -0 0 -0 -2.125e+06 0 0 2.125e+06 0 0 462802 0 -0 -462802 0 -0 -1.6622e+06 0 0 1.6622e+06 0 6.375e+06 6.375e+06 0 -6.375e+06 -6.375e+06 0 2.125e+06 2.125e+06 0 -2.125e+06 -2.125e+06 0 -462802 -462802 0 462802 462802 0 -1.6622e+06 1.6622e+06 0 1.6622e+06 -1.6622e+06 0 -6.375e+06 6.375e+06 0 6.375e+06 -6.375e+06 0
86 957938 0 0 -957938 -0 0 -1.19206e+06 -0 0 1.19206e+06 0 0 -723815 -0 0 723815 0 0 957938 0 0 -957938 -0 0 6.45e+06 0 0 -6.45e+06 -0 0 6.91825e+06 0 0 -6.91825e+06 -0 0 -0 -2.15e+06 0 0 2.15e+06 0 0 468246 0 -0 -468246 0 -0 -1.68175e+06 0 0 1.68175e+06 0 6.45e+06 6.45e+06 0 -6.45e+06 -6.45e+06 0 2.15e+06 2.15e+06 0 -2.15e+06 -2.15e+06 0 -468246 -468246 0 468246 468246 0 -1.68175e+06 1.68175e+06 0 1.68175e+06 -1.68175e+06 0 -6.45e+06 6.45e+06 0 6.45e+06 -6.45e+06 0
87 969077 0 0 -969077 -0 0 -1.20592e+06 -0 0 1.20592e+06 0 0 -732232 -0 0 732232 0 0 969077 0 0 -969077 -0 0 6.525e+06 0 0 -6.525e+06 -0 0 6.99869e+06 0 0 -6.99869e+06 -0 0 -0 -2.175e+06 0 0 2.175e+06 0 0 473691 0 -0 -473691 0 -0 -1.70131e+06 0 0 1.70131e+06 0 6.525e+06 6.525e+06 0 -6.525e+06 -6.525e+06 0 2.175e+06 2.175e+06 0 -2.175e+06 -2.175e+06 0 -473691 -473691 0 473691 473691 0 -1.70131e+06 1.70131e+06 0 1.70131e+06 -1.70131e+06 0 -6.525e+06 6.525e+06 0 6.525e+06 -6.525e+06 0
88 980216 0 0 -980216 -0 0 -1.21978e+06 -0 0 1.21978e+06 0 0 -740648 -0 0 740648 0 0 980216 0 0 -980216 -0 0 6.6e+06 0 0 -6.6e+06 -0 0 7.07914e+06 0 0 -7.07914e+06 -0 0 -0 -2.2e+06 0 0 2.2e+06 0 0 479136 0 -0 -479136 0 -0 -1.72086e+06 0 0 1.72086e+06 0 6.6e+06 6.6e+06 0 -6.6e+06 -6.6e+06 0 2.2e+06 2.2e+06 0 -2.2e+06 -2.2e+06 0 -479136 -479136 0 479136 479136 0 -1.72086e+06 1.72086e+06 0 1.72086e+06 -1.72086e+06 0 -6.6e+06 6.6e+06 0 6.6e+06 -6.6e+06 0
89 991355 0 0 -991355 -0 0 -1.23365e+06 -0 0 1.23365e+06 0 0 -749065 -0 0 749065 0 0 991355 0 0 -991355 -0 0 6.675e+06 0 0 -6.675e+06 -0 0 7.15958e+06 0 0 -7.15958e+06 -0 0 -0 -2.225e+06 0 0 2.225e+06 0 0 484581 0 -0 -484581 0 -0 -1.74042e+06 0 0 1.74042e+06 0 6.675e+06 6.675e+06 0 -6.675e+06 -6.675e+06 0 2.225e+06 2.225e+06 0 -2.225e+06 -2.225e+06 0 -484581 -484581 0 484581 484581 0 -1.74042e+06 1.74042e+06 0 1.74042e+06 -1.74042e+06 0 -6.675e+06 6.675e+06 0 6.675e+06 -6.675e+06 0
90 1.00249e+06 0 0 -1.00249e+06 -0 0 -1.24751e+06 -0 0 1.24751e+06 0 0 -757481 -0 0 757481 0 0 1.00249e+06 0 0 -1.00249e+06 -0 0 6.75e+06 0 0 -6.75e+06 -0 0 7.24003e+06 0 0 -7.24003e+06 -0 0 -0 -2.25e+06 0 0 2.25e+06 0 0 490025 0 -0 -490025 0 -0 -1.75997e+06 0 0 1.75997e+06 0 6.75e+06 6.75e+06 0 -6.75e+06 -6.75e+06 0 2.25e+06 2.25e+06 0 -2.25e+06 -2.25e+06 0 -490025 -490025 0 490025 490025 0 -1.75997e+06 1.75997e+06 0 1.75997e+06 -1.75997e+06 0 -6.75e+06 6.75e+06 0 6.75e+06 -6.75e+06 0
91 1.01363e+06 0 0 -1.01363e+06 -0 0 -1.26137e+06 -0 0 1.26137e+06 0 0 -765897 -0 0 765897 0 0 1.01363e+06 0 0 -1.01363e+06 -0 0 6.825e+06 0 0 -6.825e+06 -0 0 7.32047e+06 0 0 -7.32047e+06 -0 0 -0 -2.275e+06 0 0 2.275e+06 0 0 495470 0 -0 -495470 0 -0 -1.77953e+06 0 0 1.77953e+06 0 6.825e+06 6.825e+06 0 -6.825e+06 -6.825e+06 0 2.275e+06 2.275e+06 0 -2.275e+06 -2.275e+06 0 -495470 -495470 0 495470 495470 0 -1.77953e+06 1.77953e+06 0 1.77953e+06 -1.77953e+06 0 -6.825e+06 6.825e+06 0 6.825e+06 -6.825e+06 0
92 1.02477e+06 0 0 -1.02477e+06 -0 0 -1.27523e+06 -0 0 1.27523e+06 0 0 -774314 -0 0 774314 0 0 1.02477e+06 0 0 -1.02477e+06 -0 0 6.9e+06 0 0 -6.9e+06 -0 0 7.40091e+06 0 0 -7.40091e+06 -0 0 -0 -2.3e+06 0 0 2.3e+06 0 0 500915 0 -0 -500915 0 -0 -1.79909e+06 0 0 1.79909e+06 0 6.9e+06 6.9e+06 0 -6.9e+06 -6.9e+06 0 2.3e+06 2.3e+06 0 -2.3e+06 -2.3e+06 0 -500915 -500915 0 500915 500915 0 -1.79909e+06 1.79909e+06 0 1.79909e+06 -1.79909e+06 0 -6.9e+06 6.9e+06 0 6.9e+06 -6.9e+06 0
93 1.03591e+06 0 0 -1.03591e+06 -0 0 -1.28909e+06 -0 0 1.28909e+06 0 0 -782730 -0 0 782730 0 0 1.03591e+06 0 0 -1.03591e+06 -0 0 6.975e+06 0 0 -6.975e+06 -0 0 7.48136e+06 0 0 -7.48136e+06 -0 0 -0 -2.325e+06 0 0 2.325e+06 0 0 506360 0 -0 -506360 0 -0 -1.81864e+06 0 0 1.81864e+06 0 6.975e+06 6.975e+06 0 -6.975e+06 -6.975e+06 0 2.325e+06 2.325e+06 0 -2.325e+06 -2.325e+06 0 -506360 -506360 0 506360 506360 0 -1.81864e+06 1.81864e+06 0 1.81864e+06 -1.81864e+06 0 -6.975e+06 6.975e+06 0 6.975e+06 -6.975e+06 0
94 1.04705e+06 0 0 -1.04705e+06 -0 0 -1.30295e+06 -0 0 1.30295e+06 0 0 -791147 -0 0 791147 0 0 1.04705e+06 0 0 -1.04705e+06 -0 0 7.05e+06 0 0 -7.05e+06 -0 0 7.5618e+06 0 0 -7.5618e+06 -0 0 -0 -2.35e+06 0 0 2.35e+06 0 0 511804 0 -0 -511804 0 -0 -1.8382e+06 0 0 1.8382e+06 0 7.05e+06 7.05e+06 0 -7.05e+06 -7.05e+06 0 2.35e+06 2.35e+06 0 -2.35e+06 -2.35e+06 0 -511804 -511804 0 511804 511804 0 -1.8382e+06 1.8382e+06 0 1.8382e+06 -1.8382e+06 0 -7.05e+06 7.05e+06 0 7.05e+06 -7.05e+06 0
95 1.05819e+06 0 0 -1.05819e+06 -0 0 -1.31681e+06 -0 0 1.31681e+06 0 0 -799563 -0 0 799563 0 0 1.05819e+06 0 0 -1.05819e+06 -0 0 7.125e+06 0 0 -7.125e+06 -0 0 7.64225e+06 0 0 -7.64225e+06 -0 0 -0 -2.375e+06 0 0 2.375e+06 0 0 517249 0 -0 -517249 0 -0 -1.85775e+06 0 0 1.85775e+06 0 7.125e+06 7.125e+06 0 -7.125e+06 -7.125e+06 0 2.375e+06 2.375e+06 0 -2.375e+06 -2.375e+06 0 -517249 -517249 0 517249 517249 0 -1.85775e+06 1.85775e+06 0 1.85775e+06 -1.85775e+06 0 -7.125e+06 7.125e+06 0 7.125e+06 -7.125e+06 0
96 1.06933e+06 0 0 -1.06933e+06 -0 0 -1.33067e+06 -0 0 1.33067e+06 0 0 -807980 -0 0 807980 0 0 1.06933e+06 0 0 -1.06933e+06 -0 0 7.2e+06 0 0 -7.2e+06 -0 0 7.72269e+06 0 0 -7.72269e+06 -0 0 -0 -2.4e+06 0 0 2.4e+06 0 0 522694 0 -0 -522694 0 -0 -1.87731e+06 0 0 1.87731e+06 0 7.2e+06 7.2e+06 0 -7.2e+06 -7.2e+06 0 2.4e+06 2.4e+06 0 -2.4e+06 -2.4e+06 0 -522694 -522694 0 522694 522694 0 -1.87731e+06 1.87731e+06 0 1.87731e+06 -1.87731e+06 0 -7.2e+06 7.2e+06 0 7.2e+06 -7.2e+06 0
97 1.08047e+06 0 0 -1.08047e+06 -0 0 -1.34453e+06 -0 0 1.34453e+06 0 0 -816396 -0 0 816396 0 0 1.08047e+06 0 0 -1.08047e+06 -0 0 7.275e+06 0 0 -7.275e+06 -0 0 7.80314e+06 0 0 -7.80314e+06 -0 0 -0 -2.425e+06 0 0 2.425e+06 0 0 528138 0 -0 -528138 0 -0 -1.89686e+06 0 0 1.89686e+06 0 7.275e+06 7.275e+06 0 -7.275e+06 -7.275e+06 0 2.425e+06 2.425e+06 0 -2.425e+06 -2.425e+06 0 -528138 -528138 0 528138 528138 0 -1.89686e+06 1.89686e+06 0 1.89686e+06 -1.89686e+06 0 -7.275e+06 7.275e+06 0 7.275e+06 -7.275e+06 0
98 1.0916e+06 0 0 -1.0916e+06 -0 0 -1.3584e+06 -0 0 1.3584e+06 0 0 -824813 -0 0 824813 0 0 1.0916e+06 0 0 -1.0916e+06 -0 0 7.35e+06 0 0 -7.35e+06 -0 0 7.88358e+06 0 0 -7.88358e+06 -0 0 -0 -2.45e+06 0 0 2.45e+06 0 0 533583 0 -0 -533583 0 -0 -1.91642e+06 0 0 1.91642e+06 0 7.35e+06 7.35e+06 0 -7.35e+06 -7.35e+06 0 2.45e+06 2.45e+06 0 -2.45e+06 -2.45e+06 0 -533583 -533583 0 533583 533583 0 -1.91642e+06 1.91642e+06 0 1.91642e+06 -1.91642e+06 0 -7.35e+06 7.35e+06 0 7.35e+06 -7.35e+06 0
99 1.10274e+06 0 0 -1.10274e+06 -0 0 -1.37226e+06 -0 0 1.37226e+06 0 0 -833229 -0 0 833229 0 0 1.10274e+06 0 0 -1.10274e+06 -0 0 7.425e+06 0 0 -7.425e+06 -0 0 7.96403e+06 0 0 -7.96403e+06 -0 0 -0 -2.475e+06 0 0 2.475e+06 0 0 539028 0 -0 -539028 0 -0 -1.93597e+06 0 0 1.93597e+06 0 7.425e+06 7.425e+06 0 -7.425e+06 -7.425e+06 0 2.475e+06 2.475e+06 0 -2.475e+06 -2.475e+06 0 -539028 -539028 0 539028 539028 0 -1.93597e+06 1.93597e+06 0 1.93597e+06 -1.93597e+06 0 -7.425e+06 7.425e+06 0 7.425e+06 -7.425e+06 0
100 1.11388e+06 0 0 -1.11388e+06 -0 0 -1.38612e+06 -0 0 1.38612e+06 0 0 -841646 -0 0 841646 0 0 1.11388e+06 0 0 -1.11388e+06 -0 0 7.5e+06 0 0 -7.5e+06 -0 0 8.04447e+06 0 0 -8.04447e+06 -0 0 -0 -2.5e+06 0 0 2.5e+06 0 0 544473 0 -0 -544473 0 -0 -1.95553e+06 0 0 1.95553e+06 0 7.5e+06 7.5e+06 0 -7.5e+06 -7.5e+06 0 2.5e+06 2.5e+06 0 -2.5e+06 -2.5e+06 0 -544473 -544473 0 544473 544473 0 -1.95553e+06 1.95553e+06 0 1.95553e+06 -1.95553e+06 0 -7.5e+06 7.5e+06 0 7.5e+06 -7.5e+06 0
101 1.12502e+06 0 0 -1.12502e+06 -0 0 -1.39998e+06 -0 0 1.39998e+06 0 0 -850062 -0 0 850062 0 0 1.12502e+06 0 0 -1.12502e+06 -0 0 7.575e+06 0 0 -7.575e+06 -0 0 8.12492e+06 0 0 -8.12492e+06 -0 0 -0 -2.525e+06 0 0 2.525e+06 0 0 549917 0 -0 -549917 0 -0 -1.97508e+06 0 0 1.97508e+06 0 7.575e+06 7.575e+06 0 -7.575e+06 -7.575e+06 0 2.525e+06 2.525e+06 0 -2.525e+06 -2.525e+06 0 -549917 -549917 0 549917 549917 0 -1.97508e+06 1.97508e+06 0 1.97508e+06 -1.97508e+06 0 -7.575e+06 7.575e+06 0 7.575e+06 -7.575e+06 0
102 1.13616e+06 0 0 -1.13616e+06 -0 0 -1.41384e+06 -0 0 1.41384e+06 0 0 -858478 -0 0 858478 0 0 1.13616e+06 0 0 -1.13616e+06 -0 0 7.65e+06 0 0 -7.65e+06 -0 0 8.20536e+06 0 0 -8.20536e+06 -0 0 -0 -2.55e+06 0 0 2.55e+06 0 0 555362 0 -0 -555362 0 -0 -1.99464e+06 0 0 1.99464e+06 0 7.65e+06 7.65e+06 0 -7.65e+06 -7.65e+06 0 2.55e+06 2.55e+06 0 -2.55e+06 -2.55e+06 0 -555362 -555362 0 555362 555362 0 -1.99464e+06 1.99464e+06 0 1.99464e+06 -1.99464e+06 0 -7.65e+06 7.65e+06 0 7.65e+06 -7.65e+06 0
103 1.1473e+06 0 0 -1.1473e+06 -0 0 -1.4277e+06 -0 0 1.4277e+06 0 0 -866895 -0 0 866895 0 0 1.1473e+06 0 0 -1.1473e+06 -0 0 7.725e+06 0 0 -7.725e+06 -0 0 8.28581e+06 0 0 -8.28581e+06 -0 0 -0 -2.575e+06 0 0 2.575e+06 0 0 560807 0 -0 -560807 0 -0 -2.01419e+06 0 0 2.01419e+06 0 7.725e+06 7.725e+06 0 -7.725e+06 -7.725e+06 0 2.575e+06 2.575e+06 0 -2.575e+06 -2.575e+06 0 -560807 -560807 0 560807 560807 0 -2.01419e+06 2.01419e+06 0 2.01419e+06 -2.01419e+06 0 -7.725e+06 7.725e+06 0 7.725e+06 -7.725e+06 0
104 1.15844e+06 0 0 -1.15844e+06 -0 0 -1.44156e+06 -0 0 1.44156e+06 0 0 -875311 -0 0 875311 0 0 1.15844e+06 0 0 -1.15844e+06 -0 0 7.8e+06 0 0 -7.8e+06 -0 0 8.36625e+06 0 0 -8.36625e+06 -0 0 -0 -2.6e+06 0 0 2.6e+06 0 0 566252 0 -0 -566252 0 -0 -2.03375e+06 0 0 2.03375e+06 0 7.8e+06 7.8e+06 0 -7.8e+06 -7.8e+06 0 2.6e+06 2.6e+06 0 -2.6e+06 -2.6e+06 0 -566252 -566252 0 566252 566252 0 -2.03375e+06 2.03375e+06 0 2.03375e+06 -2.03375e+06 0 -7.8e+06 7.8e+06 0 7.8e+06 -7.8e+06 0
105 1.16958e+06 0 0 -1.16958e+06 -0 0 -1.45542e+06 -0 0 1.45542e+06 0 0 -883728 -0 0 883728 0 0 1.16958e+06 0 0 -1.16958e+06 -0 0 7.875e+06 0 0 -7.875e+06 -0 0 8.4467e+06 0 0 -8.4467e+06 -0 0 -0 -2.625e+06 0 0 2.625e+06 0 0 571696 0 -0 -571696 0 -0 -2.0533e+06 0 0 2.0533e+06 0 7.875e+06 7.875e+06 0 -7.875e+06 -7.875e+06 0 2.625e+06 2.625e+06 0 -2.625e+06 -2.625e+06 0 -571696 -571696 0 571696 571696 0 -2.0533e+06 2.0533e+06 0 2.0533e+06 -2.0533e+06 0 -7.875e+06 7.875e+06 0 7.875e+06 -7.875e+06 0
106 1.18071e+06 0 0 -1.18071e+06 -0 0 -1.46929e+06 -0 0 1.46929e+06 0 0 -892144 -0 0 892144 0 0 1.18071e+06 0 0 -1.18071e+06 -0 0 7.95e+06 0 0 -7.95e+06 -0 0 8.52714e+06 0 0 -8.52714e+06 -0 0 -0 -2.65e+06 0 0 2.65e+06 0 0 577141 0 -0 -577141 0 -0 -2.07286e+06 0 0 2.07286e+06 0 7.95e+06 7.95e+06 0 -7.95e+06 -7.95e+06 0 2.65e+06 2.65e+06 0 -2.65e+06 -2.65e+06 0 -577141 -577141 0 577141 577141 0 -2.07286e+06 2.07286e+06 0 2.07286e+06 -2.07286e+06 0 -7.95e+06 7.95e+06 0 7.95e+06 -7.95e+06 0
107 1.19185e+06 0 0 -1.19185e+06 -0 0 -1.48315e+06 -0 0 1.48315e+06 0 0 -900561 -0 0 900561 0 0 1.19185e+06 0 0 -1.19185e+06 -0 0 8.025e+06 0 0 -8.025e+06 -0 0 8.60759e+06 0 0 -8.60759e+06 -0 0 -0 -2.675e+06 0 0 2.675e+06 0 0 582586 0 -0 -582586 0 -0 -2.09241e+06 0 0 2.09241e+06 0 8.025e+06 8.025e+06 0 -8.025e+06 -8.025e+06 0 2.675e+06 2.675e+06 0 -2.675e+06 -2.675e+06 0 -582586 -582586 0 582586 582586 0 -2.09241e+06 2.09241e+06 0 2.09241e+06 -2.09241e+06 0 -8.025e+06 8.025e+06 0 8.025e+06 -8.025e+06 0
108 1.20299e+06 0 0 -1.20299e+06 -0 0 -1.49701e+06 -0 0 1.49701e+06 0 0 -908977 -0 0 908977 0 0 1.20299e+06 0 0 -1.20299e+06 -0 0 8.1e+06 0 0 -8.1e+06 -0 0 8.68803e+06 0 0 -8.68803e+06 -0 0 -0 -2.7e+06 0 0 2.7e+06 0 0 588030 0 -0 -588030 0 -0 -2.11197e+06 0 0 2.11197e+06 0 8.1e+06 8.1e+06 0 -8.1e+06 -8.1e+06 0 2.7e+06 2.7e+06 0 -2.7e+06 -2.7e+06 0 -588030 -588030 0 588030 588030 0 -2.11197e+06 2.11197e+06 0 2.11197e+06 -2.11197e+06 0 -8.1e+06 8.1e+06 0 8.1e+06 -8.1e+06 0
109 1.21413e+06 0 0 -1.21413e+06 -0 0 -1.51087e+06 -0 0 1.51087e+06 0 0 -917394 -0 0 917394 0 0 1.21413e+06 0 0 -1.21413e+06 -0 0 8.175e+06 0 0 -8.175e+06 -0 0 8.76848e+06 0 0 -8.76848e+06 -0 0 -0 -2.725e+06 0 0 2.725e+06 0 0 593475 0 -0 -593475 0 -0 -2.13152e+06 0 0 2.13152e+06 0 8.175e+06 8.175e+06 0 -8.175e+06 -8.175e+06 0 2.725e+06 2.725e+06 0 -2.725e+06 -2.725e+06 0 -593475 -593475 0 593475 593475 0 -2.13152e+06 2.13152e+06 0 2.13152e+06 -2.13152e+06 0 -8.175e+06 8.175e+06 0 8.175e+06 -8.175e+06 0
110 1.22527e+06 0 0 -1.22527e+06 -0 0 -1.52473e+06 -0 0 1.52473e+06 0 0 -925810 -0 0 925810 0 0 1.22527e+06 0 0 -1.22527e+06 -0 0 8.25e+06 0 0 -8.25e+06 -0 0 8.84892e+06 0 0 -8.84892e+06 -0 0 -0 -2.75e+06 0 0 2.75e+06 0 0 598920 0 -0 -598920 0 -0 -2.15108e+06 0 0 2.15108e+06 0 8.25e+06 8.25e+06 0 -8.25e+06 -8.25e+06 0 2.75e+06 2.75e+06 0 -2.75e+06 -2.75e+06 0 -598920 -598920 0 598920 598920 0 -2.15108e+06 2.15108e+06 0 2.15108e+06 -2.15108e+06 0 -8.25e+06 8.25e+06 0 8.25e+06 -8.25e+06 0
111 1.23641e+06 0 0 -1.23641e+06 -0 0 -1.53859e+06 -0 0 1.53859e+06 0 0 -934227 -0 0 934227 0 0 1.23641e+06 0 0 -1.23641e+06 -0 0 8.325e+06 0 0 -8.325e+06 -0 0 8.92936e+06 0 0 -8.92936e+06 -0 0 -0 -2.775e+06 0 0 2.775e+06 0 0 604365 0 -0 -604365 0 -0 -2.17064e+06 0 0 2.17064e+06 0 8.325e+06 8.325e+06 0 -8.325e+06 -8.325e+06 0 2.775e+06 2.775e+06 0 -2.775e+06 -2.775e+06 0 -604365 -604365 0 604365 604365 0 -2.17064e+06 2.17064e+06 0 2.17064e+06 -2.17064e+06 0 -8.325e+06 8.325e+06 0 8.325e+06 -8.325e+06 0
112 1.24755e+06 0 0 -1.24755e+06 -0 0 -1.55245e+06 -0 0 1.55245e+06 0 0 -942643 -0 0 942643 0 0 1.24755e+06 0 0 -1.24755e+06 -0 0 8.4e+06 0 0 -8.4e+06 -0 0 9.00981e+06 0 0 -9.00981e+06 -0 0 -0 -2.8e+06 0 0 2.8e+06 0 0 609809 0 -0 -609809 0 -0 -2.19019e+06 0 0 2.19019e+06 0 8.4e+06 8.4e+06 0 -8.4e+06 -8.4e+06 0 2.8e+06 2.8e+06 0 -2.8e+06 -2.8e+06 0 -609809 -609809 0 609809 609809 0 -2.19019e+06 2.19019e+06 0 2.19019e+06 -2.19019e+06 0 -8.4e+06 8.4e+06 0 8.4e+06 -8.4e+06 0
113 1.25869e+06 0 0 -1.25869e+06 -0 0 -1.56631e+06 -0 0 1.56631e+06 0 0 -951059 -0 0 951059 0 0 1.25869e+06 0 0 -1.25869e+06 -0 0 8.475e+06 0 0 -8.475e+06 -0 0 9.09025e+06 0 0 -9.09025e+06 -0 0 -0 -2.825e+06 0 0 2.825e+06 0 0 615254 0 -0 -615254 0 -0 -2.20975e+06 0 0 2.20975e+06 0 8.475e+06 8.475e+06 0 -8.475e+06 -8.475e+06 0 2.825e+06 2.825e+06 0 -2.825e+06 -2.825e+06 0 -615254 -615254 0 615254 615254 0 -2.20975e+06 2.20975e+06 0 2.20975e+06 -2.20975e+06 0 -8.475e+06 8.475e+06 0 8.475e+06 -8.475e+06 0
114 1.26983e+06 0 0 -1.26983e+06 -0 0 -1.58017e+06 -0 0 1.58017e+06 0 0 -959476 -0 0 959476 0 0 1.26983e+06 0 0 -1.26983e+06 -0 0 8.55e+06 0 0 -8.55e+06 -0 0 9.1707e+06 0 0 -9.1707e+06 -0 0 -0 -2.85e+06 0 0 2.85e+06 0 0 620699 0 -0 -620699 0 -0 -2.2293e+06 0 0 2.2293e+06 0 8.55e+06 8.55e+06 0 -8.55e+06 -8.55e+06 0 2.85e+06 2.85e+06 0 -2.85e+06 -2.85e+06 0 -620699 -620699 0 620699 620699 0 -2.2293e+06 2.2293e+06 0 2.2293e+06 -2.2293e+06 0 -8.55e+06 8.55e+06 0 8.55e+06 -8.55e+06 0
115 1.28096e+06 0 0 -1.28096e+06 -0 0 -1.59404e+06 -0 0 1.59404e+06 0 0 -967892 -0 0 967892 0 0 1.28096e+06 0 0 -1.28096e+06 -0 0 8.625e+06 0 0 -8.625e+06 -0 0 9.25114e+06 0 0 -9.25114e+06 -0 0 -0 -2.875e+06 0 0 2.875e+06 0 0 626144 0 -0 -626144 0 -0 -2.24886e+06 0 0 2.24886e+06 0 8.625e+06 8.625e+06 0 -8.625e+06 -8.625e+06 0 2.875e+06 2.875e+06 0 -2.875e+06 -2.875e+06 0 -626144 -626144 0 626144 626144 0 -2.24886e+06 2.24886e+06 0 2.24886e+06 -2.24886e+06 0 -8.625e+06 8.625e+06 0 8.625e+06 -8.625e+06 0
116 1.2921e+06 0 0 -1.2921e+06 -0 0 -1.6079e+06 -0 0 1.6079e+06 0 0 -976309 -0 0 976309 0 0 1.2921e+06 0 0 -1.2921e+06 -0 0 8.7e+06 0 0 -8.7e+06 -0 0 9.33159e+06 0 0 -9.33159e+06 -0 0 -0 -2.9e+06 0 0 2.9e+06 0 0 631588 0 -0 -631588 0 -0 -2.26841e+06 0 0 2.26841e+06 0 8.7e+06 8.7e+06 0 -8.7e+06 -8.7e+06 0 2.9e+06 2.9e+06 0 -2.9e+06 -2.9e+06 0 -631588 -631588 0 631588 631588 0 -2.26841e+06 2.26841e+06 0 2.26841e+06 -2.26841e+06 0 -8.7e+06 8.7e+06 0 8.7e+06 -8.7e+06 0
117 1.30324e+06 0 0 -1.30324e+06 -0 0 -1.62176e+06 -0 0 1.62176e+06 0 0 -984725 -0 0 984725 0 0 1.30324e+06 0 0 -1.30324e+06 -0 0 8.775e+06 0 0 -8.775e+06 -0 0 9.41203e+06 0 0 -9.41203e+06 -0 0 -0 -2.925e+06 0 0 2.925e+06 0 0 637033 0 -0 -637033 0 -0 -2.28797e+06 0 0 2.28797e+06 0 8.775e+06 8.775e+06 0 -8.775e+06 -8.775e+06 0 2.925e+06 2.925e+06 0 -2.925e+06 -2.925e+06 0 -637033 -637033 0 637033 637033 0 -2.28797e+06 2.28797e+06 0 2.28797e+06 -2.28797e+06 0 -8.775e+06 8.775e+06 0 8.775e+06 -8.775e+06 0
118 1.31438e+06 0 0 -1.31438e+06 -0 0 -1.63562e+06 -0 0 1.63562e+06 0 0 -993142 -0 0 993142 0 0 1.31438e+06 0 0 -1.31438e+06 -0 0 8.85e+06 0 0 -8.85e+06 -0 0 9.49248e+06 0 0 -9.49248e+06 -0 0 -0 -2.95e+06 0 0 2.95e+06 0 0 642478 0 -0 -642478 0 -0 -2.30752e+06 0 0 2.30752e+06 0 8.85e+06 8.85e+06 0 -8.85e+06 -8.85e+06 0 2.95e+06 2.95e+06 0 -2.95e+06 -2.95e+06 0 -642478 -642478 0 642478 642478 0 -2.30752e+06 2.30752e+06 0 2.30752e+06 -2.30752e+06 0 -8.85e+06 8.85e+06 0 8.85e+06 -8.85e+06 0
119 1.32552e+06 0 0 -1.32552e+06 -0 0 -1.64948e+06 -0 0 1.64948e+06 0 0 -1.00156e+06 -0 0 1.00156e+06 0 0 1.32552e+06 0 0 -1.32552e+06 -0 0 8.925e+06 0 0 -8.925e+06 -0 0 9.57292e+06 0 0 -9.57292e+06 -0 0 -0 -2.975e+06 0 0 2.975e+06 0 0 647922 0 -0 -647922 0 -0 -2.32708e+06 0 0 2.32708e+06 0 8.925e+06 8.925e+06 0 -8.925e+06 -8.925e+06 0 2.975e+06 2.975e+06 0 -2.975e+06 -2.975e+06 0 -647922 -647922 0 647922 647922 0 -2.32708e+06 2.32708e+06 0 2.32708e+06 -2.32708e+06 0 -8.925e+06 8.925e+06 0 8.925e+06 -8.925e+06 0
120 1.33666e+06 0 0 -1.33666e+06 -0 0 -1.66334e+06 -0 0 1.66334e+06 0 0 -1.00997e+06 -0 0 1.00997e+06 0 0 1.33666e+06 0 0 -1.33666e+06 -0 0 9e+06 0 0 -9e+06 -0 0 9.65337e+06 0 0 -9.65337e+06 -0 0 -0 -3e+06 0 0 3e+06 0 0 653367 0 -0 -653367 0 -0 -2.34663e+06 0 0 2.34663e+06 0 9e+06 9e+06 0 -9e+06 -9e+06 0 3e+06 3e+06 0 -3e+06 -3e+06 0 -653367 -653367 0 653367 653367 0 -2.34663e+06 2.34663e+06 0 2.34663e+06 -2.34663e+06 0 -9e+06 9e+06 0 9e+06 -9e+06 0
121 1.3478e+06 0 0 -1.3478e+06 -0 0 -1.6772e+06 -0 0 1.6772e+06 0 0 -1.01839e+06 -0 0 1.01839e+06 0 0 1.3478e+06 0 0 -1.3478e+06 -0 0 9.075e+06 0 0 -9.075e+06 -0 0 9.73381e+06 0 0 -9.73381e+06 -0 0 -0 -3.025e+06 0 0 3.025e+06 0 0 658812 0 -0 -658812 0 -0 -2.36619e+06 0 0 2.36619e+06 0 9.075e+06 9.075e+06 0 -9.075e+06 -9.075e+06 0 3.025e+06 3.025e+06 0 -3.025e+06 -3.025e+06 0 -658812 -658812 0 658812 658812 0 -2.36619e+06 2.36619e+06 0 2.36619e+06 -2.36619e+06 0 -9.075e+06 9.075e+06 0 9.075e+06 -9.075e+06 0
122 1.35894e+06 0 0 -1.35894e+06 -0 0 -1.69106e+06 -0 0 1.69106e+06 0 0 -1.02681e+06 -0 0 1.02681e+06 0 0 1.35894e+06 0 0 -1.35894e+06 -0 0 9.15e+06 0 0 -9.15e+06 -0 0 9.81426e+06 0 0 -9.81426e+06 -0 0 -0 -3.05e+06 0 0 3.05e+06 0 0 664257 0 -0 -664257 0 -0 -2.38574e+06 0 0 2.38574e+06 0 9.15e+06 9.15e+06 0 -9.15e+06 -9.15e+06 0 3.05e+06 3.05e+06 0 -3.05e+06 -3.05e+06 0 -664257 -664257 0 664257 664257 0 -2.38574e+06 2.38574e+06 0 2.38574e+06 -2.38574e+06 0 -9.15e+06 9.15e+06 0 9.15e+06 -9.15e+06 0
123 1.37007e+06 0 0 -1.37007e+06 -0 0 -1.70493e+06 -0 0 1.70493e+06 0 0 -1.03522e+06 -0 0 1.03522e+06 0 0 1.37007e+06 0 0 -1.37007e+06 -0 0 9.225e+06 0 0 -9.225e+06 -0 0 9.8947e+06 0 0 -9.8947e+06 -0 0 -0 -3.075e+06 0 0 3.075e+06 0 0 669701 0 -0 -669701 0 -0 -2.4053e+06 0 0 2.4053e+06 0 9.225e+06 9.225e+06 0 -9.225e+06 -9.225e+06 0 3.075e+06 3.075e+06 0 -3.075e+06 -3.075e+06 0 -669701 -669701 0 669701 669701 0 -2.4053e+06 2.4053e+06 0 2.4053e+06 -2.4053e+06 0 -9.225e+06 9.225e+06 0 9.225e+06 -9.225e+06 0
124 1.38121e+06 0 0 -1.38121e+06 -0 0 -1.71879e+06 -0 0 1.71879e+06 0 0 -1.04364e+06 -0 0 1.04364e+06 0 0 1.38121e+06 0 0 -1.38121e+06 -0 0 9.3e+06 0 0 -9.3e+06 -0 0 9.97515e+06 0 0 -9.97515e+06 -0 0 -0 -3.1e+06 0 0 3.1e+06 0 0 675146 0 -0 -675146 0 -0 -2.42485e+06 0 0 2.42485e+06 0 9.3e+06 9.3e+06 0 -9.3e+06 -9.3e+06 0 3.1e+06 3.1e+06 0 -3.1e+06 -3.1e+06 0 -675146 -675146 0 675146 675146 0 -2.42485e+06 2.42485e+06 0 2.42485e+06 -2.42485e+06 0 -9.3e+06 9.3e+06 0 9.3e+06 -9.3e+06 0
125 1.39235e+06 0 0 -1.39235e+06 -0 0 -1.73265e+06 -0 0 1.73265e+06 0 0 -1.05206e+06 -0 0 1.05206e+06 0 0 1.39235e+06 0 0 -1.39235e+06 -0 0 9.375e+06 0 0 -9.375e+06 -0 0 1.00556e+07 0 0 -1.00556e+07 -0 0 -0 -3.125e+06 0 0 3.125e+06 0 0 680591 0 -0 -680591 0 -0 -2.44441e+06 0 0 2.44441e+06 0 9.375e+06 9.375e+06 0 -9.375e+06 -9.375e+06 0 3.125e+06 3.125e+06 0 -3.125e+06 -3.125e+06 0 -680591 -680591 0 680591 680591 0 -2.44441e+06 2.44441e+06 0 2.44441e+06 -2.44441e+06 0 -9.375e+06 9.375e+06 0 9.375e+06 -9.375e+06 0
126 1.40349e+06 0 0 -1.40349e+06 -0 0 -1.74651e+06 -0 0 1.74651e+06 0 0 -1.06047e+06 -0 0 1.06047e+06 0 0 1.40349e+06 0 0 -1.40349e+06 -0 0 9.45e+06 0 0 -9.45e+06 -0 0 1.0136e+07 0 0 -1.0136e+07 -0 0 -0 -3.15e+06 0 0 3.15e+06 0 0 686036 0 -0 -686036 0 -0 -2.46396e+06 0 0 2.46396e+06 0 9.45e+06 9.45e+06 0 -9.45e+06 -9.45e+06 0 3.15e+06 3.15e+06 0 -3.15e+06 -3.15e+06 0 -686036 -686036 0 686036 686036 0 -2.46396e+06 2.46396e+06 0 2.46396e+06 -2.46396e+06 0 -9.45e+06 9.45e+06 0 9.45e+06 -9.45e+06 0
127 1.41463e+06 0 0 -1.41463e+06 -0 0 -1.76037e+06 -0 0 1.76037e+06 0 0 -1.06889e+06 -0 0 1.06889e+06 0 0 1.41463e+06 0 0 -1.41463e+06 -0 0 9.525e+06 0 0 -9.525e+06 -0 0 1.02165e+07 0 0 -1.02165e+07 -0 0 -0 -3.175e+06 0 0 3.175e+06 0 0 691480 0 -0 -691480 0 -0 -2.48352e+06 0 0 2.48352e+06 0 9.525e+06 9.525e+06 0 -9.525e+06 -9.525e+06 0 3.175e+06 3.175e+06 0 -3.175e+06 -3.175e+06 0 -691480 -691480 0 691480 691480 0 -2.48352e+06 2.48352e+06 0 2.48352e+06 -2.48352e+06 0 -9.525e+06 9.525e+06 0 9.525e+06 -9.525e+06 0
128 1.42577e+06 0 0 -1.42577e+06 -0 0 -1.77423e+06 -0 0 1.77423e+06 0 0 -1.07731e+06 -0 0 1.07731e+06 0 0 1.42577e+06 0 0 -1.42577e+06 -0 0 9.6e+06 0 0 -9.6e+06 -0 0 1.02969e+07 0 0 -1.02969e+07 -0 0 -0 -3.2e+06 0 0 3.2e+06 0 0 696925 0 -0 -696925 0 -0 -2.50308e+06 0 0 2.50308e+06 0 9.6e+06 9.6e+06 0 -9.6e+06 -9.6e+06 0 3.2e+06 3.2e+06 0 -3.2e+06 -3.2e+06 0 -696925 -696925 0 696925 696925 0 -2.50308e+06 2.50308e+06 0 2.50308e+06 -2.50308e+06 0 -9.6e+06 9.6e+06 0 9.6e+06 -9.6e+06 0
129 1.43691e+06 0 0 -1.43691e+06 -0 0 -1.78809e+06 -0 0 1.78809e+06 0 0 -1.08572e+06 -0 0 1.08572e+06 0 0 1.43691e+06 0 0 -1.43691e+06 -0 0 9.675e+06 0 0 -9.675e+06 -0 0 1.03774e+07 0 0 -1.03774e+07 -0 0 -0 -3.225e+06 0 0 3.225e+06 0 0 702370 0 -0 -702370 0 -0 -2.52263e+06 0 0 2.52263e+06 0 9.675e+06 9.675e+06 0 -9.675e+06 -9.675e+06 0 3.225e+06 3.225e+06 0 -3.225e+06 -3.225e+06 0 -702370 -702370 0 702370 702370 0 -2.52263e+06 2.52263e+06 0 2.52263e+06 -2.52263e+06 0 -9.675e+06 9.675e+06 0 9.675e+06 -9.675e+06 0
130 1.44805e+06 0 0 -1.44805e+06 -0 0 -1.80195e+06 -0 0 1.80195e+06 0 0 -1.09414e+06 -0 0 1.09414e+06 0 0 1.44805e+06 0 0 -1.44805e+06 -0 0 9.75e+06 0 0 -9.75e+06 -0 0 1.04578e+07 0 0 -1.04578e+07 -0 0 -0 -3.25e+06 0 0 3.25e+06 0 0 707814 0 -0 -707814 0 -0 -2.54219e+06 0 0 2.54219e+06 0 9.75e+06 9.75e+06 0 -9.75e+06 -9.75e+06 0 3.25e+06 3.25e+06 0 -3.25e+06 -3.25e+06 0 -707814 -707814 0 707814 707814 0 -2.54219e+06 2.54219e+06 0 2.54219e+06 -2.54219e+06 0 -9.75e+06 9.75e+06 0 9.75e+06 -9.75e+06 0
131 1.45919e+06 0 0 -1.45919e+06 -0 0 -1.81581e+06 -0 0 1.81581e+06 0 0 -1.10256e+06 -0 0 1.10256e+06 0 0 1.45919e+06 0 0 -1.45919e+06 -0 0 9.825e+06 0 0 -9.825e+06 -0 0 1.05383e+07 0 0 -1.05383e+07 -0 0 -0 -3.275e+06 0 0 3.275e+06 0 0 713259 0 -0 -713259 0 -0 -2.56174e+06 0 0 2.56174e+06 0 9.825e+06 9.825e+06 0 -9.825e+06 -9.825e+06 0 3.275e+06 3.275e+06 0 -3.275e+06 -3.275e+06 0 -713259 -713259 0 713259 713259 0 -2.56174e+06 2.56174e+06 0 2.56174e+06 -2.56174e+06 0 -9.825e+06 9.825e+06 0 9.825e+06 -9.825e+06 0
132 1.47032e+06 0 0 -1.47032e+06 -0 0 -1.82968e+06 -0 0 1.82968e+06 0 0 -1.11097e+06 -0 0 1.11097e+06 0 0 1.47032e+06 0 0 -1.47032e+06 -0 0 9.9e+06 0 0 -9.9e+06 -0 0 1.06187e+07 0 0 -1.06187e+07 -0 0 -0 -3.3e+06 0 0 3.3e+06 0 0 718704 0 -0 -718704 0 -0 -2.5813e+06 0 0 2.5813e+06 0 9.9e+06 9.9e+06 0 -9.9e+06 -9.9e+06 0 3.3e+06 3.3e+06 0 -3.3e+06 -3.3e+06 0 -718704 -718704 0 718704 718704 0 -2.5813e+06 2.5813e+06 0 2.5813e+06 -2.5813e+06 0 -9.9e+06 9.9e+06 0 9.9e+06 -9.9e+06 0
133 1.48146e+06 0 0 -1.48146e+06 -0 0 -1.84354e+06 -0 0 1.84354e+06 0 0 -1.11939e+06 -0 0 1.11939e+06 0 0 1.48146e+06 0 0 -1.48146e+06 -0 0 9.975e+06 0 0 -9.975e+06 -0 0 1.06991e+07 0 0 -1.06991e+07 -0 0 -0 -3.325e+06 0 0 3.325e+06 0 0 724149 0 -0 -724149 0 -0 -2.60085e+06 0 0 2.60085e+06 0 9.975e+06 9.975e+06 0 -9.975e+06 -9.975e+06 0 3.325e+06 3.325e+06 0 -3.325e+06 -3.325e+06 0 -724149 -724149 0 724149 724149 0 -2.60085e+06 2.60085e+06 0 2.60085e+06 -2.60085e+06 0 -9.975e+06 9.975e+06 0 9.975e+06 -9.975e+06 0
134 1.4926e+06 0 0 -1.4926e+06 -0 0 -1.8574e+06 -0 0 1.8574e+06 0 0 -1.12781e+06 -0 0 1.12781e+06 0 0 1.4926e+06 0 0 -1.4926e+06 -0 0 1.005e+07 0 0 -1.005e+07 -0 0 1.07796e+07 0 0 -1.07796e+07 -0 0 -0 -3.35e+06 0 0 3.35e+06 0 0 729593 0 -0 -729593 0 -0 -2.62041e+06 0 0 2.62041e+06 0 1.005e+07 1.005e+07 0 -1.005e+07 -1.005e+07 0 3.35e+06 3.35e+06 0 -3.35e+06 -3.35e+06 0 -729593 -729593 0 729593 729593 0 -2.62041e+06 2.62041e+06 0 2.62041e+06 -2.62041e+06 0 -1.005e+07 1.005e+07 0 1.005e+07 -1.005e+07 0
135 1.50374e+06 0 0 -1.50374e+06 -0 0 -1.87126e+06 -0 0 1.87126e+06 0 0 -1.13622e+06 -0 0 1.13622e+06 0 0 1.50374e+06 0 0 -1.50374e+06 -0 0 1.0125e+07 0 0 -1.0125e+07 -0 0 1.086e+07 0 0 -1.086e+07 -0 0 -0 -3.375e+06 0 0 3.375e+06 0 0 735038 0 -0 -735038 0 -0 -2.63996e+06 0 0 2.63996e+06 0 1.0125e+07 1.0125e+07 0 -1.0125e+07 -1.0125e+07 0 3.375e+06 3.375e+06 0 -3.375e+06 -3.375e+06 0 -735038 -735038 0 735038 735038 0 -2.63996e+06 2.63996e+06 0 2.63996e+06 -2.63996e+06 0 -1.0125e+07 1.0125e+07 0 1.0125e+07 -1.0125e+07 0
136 1.51488e+06 0 0 -1.51488e+06 -0 0 -1.88512e+06 -0 0 1.88512e+06 0 0 -1.14464e+06 -0 0 1.14464e+06 0 0 1.51488e+06 0 0 -1.51488e+06 -0 0 1.02e+07 0 0 -1.02e+07 -0 0 1.09405e+07 0 0 -1.09405e+07 -0 0 -0 -3.4e+06 0 0 3.4e+06 0 0 740483 0 -0 -740483 0 -0 -2.65952e+06 0 0 2.65952e+06 0 1.02e+07 1.02e+07 0 -1.02e+07 -1.02e+07 0 3.4e+06 3.4e+06 0 -3.4e+06 -3.4e+06 0 -740483 -740483 0 740483 740483 0 -2.65952e+06 2.65952e+06 0 2.65952e+06 -2.65952e+06 0 -1.02e+07 1.02e+07 0 1.02e+07 -1.02e+07 0
137 1.52602e+06 0 0 -1.52602e+06 -0 0 -1.89898e+06 -0 0 1.89898e+06 0 0 -1.15305e+06 -0 0 1.15305e+06 0 0 1.52602e+06 0 0 -1.52602e+06 -0 0 1.0275e+07 0 0 -1.0275e+07 -0 0 1.10209e+07 0 0 -1.10209e+07 -0 0 -0 -3.425e+06 0 0 3.425e+06 0 0 745927 0 -0 -745927 0 -0 -2.67907e+06 0 0 2.67907e+06 0 1.0275e+07 1.0275e+07 0 -1.0275e+07 -1.0275e+07 0 3.425e+06 3.425e+06 0 -3.425e+06 -3.425e+06 0 -745927 -745927 0 745927 745927 0 -2.67907e+06 2.67907e+06 0 2.67907e+06 -2.67907e+06 0 -1.0275e+07 1.0275e+07 0 1.0275e+07 -1.0275e+07 0
138 1.53716e+06 0 0 -1.53716e+06 -0 0 -1.91284e+06 -0 0 1.91284e+06 0 0 -1.16147e+06 -0 0 1.16147e+06 0 0 1.53716e+06 0 0 -1.53716e+06 -0 0 1.035e+07 0 0 -1.035e+07 -0 0 1.11014e+07 0 0 -1.11014e+07 -0 0 -0 -3.45e+06 0 0 3.45e+06 0 0 751372 0 -0 -751372 0 -0 -2.69863e+06 0 0 2.69863e+06 0 1.035e+07 1.035e+07 0 -1.035e+07 -1.035e+07 0 3.45e+06 3.45e+06 0 -3.45e+06 -3.45e+06 0 -751372 -751372 0 751372 751372 0 -2.69863e+06 2.69863e+06 0 2.69863e+06 -2.69863e+06 0 -1.035e+07 1.035e+07 0 1.035e+07 -1.035e+07 0
139 1.5483e+06 0 0 -1.5483e+06 -0 0 -1.9267e+06 -0 0 1.9267e+06 0 0 -1.16989e+06 -0 0 1.16989e+06 0 0 1.5483e+06 0 0 -1.5483e+06 -0 0 1.0425e+07 0 0 -1.0425e+07 -0 0 1.11818e+07 0 0 -1.11818e+07 -0 0 -0 -3.475e+06 0 0 3.475e+06 0 0 756817 0 -0 -756817 0 -0 -2.71818e+06 0 0 2.71818e+06 0 1.0425e+07 1.0425e+07 0 -1.0425e+07 -1.0425e+07 0 3.475e+06 3.475e+06 0 -3.475e+06 -3.475e+06 0 -756817 -756817 0 756817 756817 0 -2.71818e+06 2.71818e+06 0 2.71818e+06 -2.71818e+06 0 -1.0425e+07 1.0425e+07 0 1.0425e+07 -1.0425e+07 0
140 1.55943e+06 0 0 -1.55943e+06 -0 0 -1.94057e+06 -0 0 1.94057e+06 0 0 -1.1783e+06 -0 0 1.1783e+06 0 0 1.55943e+06 0 0 -1.55943e+06 -0 0 1.05e+07 0 0 -1.05e+07 -0 0 1.12623e+07 0 0 -1.12623e+07 -0 0 -0 -3.5e+06 0 0 3.5e+06 0 0 762262 0 -0 -762262 0 -0 -2.73774e+06 0 0 2.73774e+06 0 1.05e+07 1.05e+07 0 -1.05e+07 -1.05e+07 0 3.5e+06 3.5e+06 0 -3.5e+06 -3.5e+06 0 -762262 -762262 0 762262 762262 0 -2.73774e+06 2.73774e+06 0 2.73774e+06 -2.73774e+06 0 -1.05e+07 1.05e+07 0 1.05e+07 -1.05e+07 0
141 1.57057e+06 0 0 -1.57057e+06 -0 0 -1.95443e+06 -0 0 1.95443e+06 0 0 -1.18672e+06 -0 0 1.18672e+06 0 0 1.57057e+06 0 0 -1.57057e+06 -0 0 1.0575e+07 0 0 -1.0575e+07 -0 0 1.13427e+07 0 0 -1.13427e+07 -0 0 -0 -3.525e+06 0 0 3.525e+06 0 0 767706 0 -0 -767706 0 -0 -2.75729e+06 0 0 2.75729e+06 0 1.0575e+07 1.0575e+07 0 -1.0575e+07 -1.0575e+07 0 3.525e+06 3.525e+06 0 -3.525e+06 -3.525e+06 0 -767706 -767706 0 767706 767706 0 -2.75729e+06 2.75729e+06 0 2.75729e+06 -2.75729e+06 0 -1.0575e+07 1.0575e+07 0 1.0575e+07 -1.0575e+07 0
142 1.58171e+06 0 0 -1.58171e+06 -0 0 -1.96829e+06 -0 0 1.96829e+06 0 0 -1.19514e+06 -0 0 1.19514e+06 0 0 1.58171e+06 0 0 -1.58171e+06 -0 0 1.065e+07 0 0 -1.065e+07 -0 0 1.14232e+07 0 0 -1.14232e+07 -0 0 -0 -3.55e+06 0 0 3.55e+06 0 0 773151 0 -0 -773151 0 -0 -2.77685e+06 0 0 2.77685e+06 0 1.065e+07 1.065e+07 0 -1.065e+07 -1.065e+07 0 3.55e+06 3.55e+06 0 -3.55e+06 -3.55e+06 0 -773151 -773151 0 773151 773151 0 -2.77685e+06 2.77685e+06 0 2.77685e+06 -2.77685e+06 0 -1.065e+07 1.065e+07 0 1.065e+07 -1.065e+07 0
143 1.59285e+06 0 0 -1.59285e+06 -0 0 -1.98215e+06 -0 0 1.98215e+06 0 0 -1.20355e+06 -0 0 1.20355e+06 0 0 1.59285e+06 0 0 -1.59285e+06 -0 0 1.0725e+07 0 0 -1.0725e+07 -0 0 1.15036e+07 0 0 -1.15036e+07 -0 0 -0 -3.575e+06 0 0 3.575e+06 0 0 778596 0 -0 -778596 0 -0 -2.7964e+06 0 0 2.7964e+06 0 1.0725e+07 1.0725e+07 0 -1.0725e+07 -1.0725e+07 0 3.575e+06 3.575e+06 0 -3.575e+06 -3.575e+06 0 -778596 -778596 0 778596 778596 0 -2.7964e+06 2.7964e+06 0 2.7964e+06 -2.7964e+06 0 -1.0725e+07 1.0725e+07 0 1.0725e+07 -1.0725e+07 0
144 1.60399e+06 0 0 -1.60399e+06 -0 0 -1.99601e+06 -0 0 1.99601e+06 0 0 -1.21197e+06 -0 0 1.21197e+06 0 0 1.60399e+06 0 0 -1.60399e+06 -0 0 1.08e+07 0 0 -1.08e+07 -0 0 1.1584e+07 0 0 -1.1584e+07 -0 0 -0 -3.6e+06 0 0 3.6e+06 0 0 784041 0 -0 -784041 0 -0 -2.81596e+06 0 0 2.81596e+06 0 1.08e+07 1.08e+07 0 -1.08e+07 -1.08e+07 0 3.6e+06 3.6e+06 0 -3.6e+06 -3.6e+06 0 -784041 -784041 0 784041 784041 0 -2.81596e+06 2.81596e+06 0 2.81596e+06 -2.81596e+06 0 -1.08e+07 1.08e+07 0 1.08e+07 -1.08e+07 0
145 1.61513e+06 0 0 -1.61513e+06 -0 0 -2.00987e+06 -0 0 2.00987e+06 0 0 -1.22039e+06 -0 0 1.22039e+06 0 0 1.61513e+06 0 0 -1.61513e+06 -0 0 1.0875e+07 0 0 -1.0875e+07 -0 0 1.16645e+07 0 0 -1.16645e+07 -0 0 -0 -3.625e+06 0 0 3.625e+06 0 0 789485 0 -0 -789485 0 -0 -2.83551e+06 0 0 2.83551e+06 0 1.0875e+07 1.0875e+07 0 -1.0875e+07 -1.0875e+07 0 3.625e+06 3.625e+06 0 -3.625e+06 -3.625e+06 0 -789485 -789485 0 789485 789485 0 -2.83551e+06 2.83551e+06 0 2.83551e+06 -2.83551e+06 0 -1.0875e+07 1.0875e+07 0 1.0875e+07 -1.0875e+07 0
146 1.62627e+06 0 0 -1.62627e+06 -0 0 -2.02373e+06 -0 0 2.02373e+06 0 0 -1.2288e+06 -0 0 1.2288e+06 0 0 1.62627e+06 0 0 -1.62627e+06 -0 0 1.095e+07 0 0 -1.095e+07 -0 0 1.17449e+07 0 0 -1.17449e+07 -0 0 -0 -3.65e+06 0 0 3.65e+06 0 0 794930 0 -0 -794930 0 -0 -2.85507e+06 0 0 2.85507e+06 0 1.095e+07 1.095e+07 0 -1.095e+07 -1.095e+07 0 3.65e+06 3.65e+06 0 -3.65e+06 -3.65e+06 0 -794930 -794930 0 794930 794930 0 -2.85507e+06 2.85507e+06 0 2.85507e+06 -2.85507e+06 0 -1.095e+07 1.095e+07 0 1.095e+07 -1.095e+07 0
147 1.63741e+06 0 0 -1.63741e+06 -0 0 -2.03759e+06 -0 0 2.03759e+06 0 0 -1.23722e+06 -0 0 1.23722e+06 0 0 1.63741e+06 0 0 -1.63741e+06 -0 0 1.1025e+07 0 0 -1.1025e+07 -0 0 1.18254e+07 0 0 -1.18254e+07 -0 0 -0 -3.675e+06 0 0 3.675e+06 0 0 800375 0 -0 -800375 0 -0 -2.87463e+06 0 0 2.87463e+06 0 1.1025e+07 1.1025e+07 0 -1.1025e+07 -1.1025e+07 0 3.675e+06 3.675e+06 0 -3.675e+06 -3.675e+06 0 -800375 -800375 0 800375 800375 0 -2.87463e+06 2.87463e+06 0 2.87463e+06 -2.87463e+06 0 -1.1025e+07 1.1025e+07 0 1.1025e+07 -1.1025e+07 0
148 1.64855e+06 0 0 -1.64855e+06 -0 0 -2.05145e+06 -0 0 2.05145e+06 0 0 -1.24564e+06 -0 0 1.24564e+06 0 0 1.64855e+06 0 0 -1.64855e+06 -0 0 1.11e+07 0 0 -1.11e+07 -0 0 1.19058e+07 0 0 -1.19058e+07 -0 0 -0 -3.7e+06 0 0 3.7e+06 0 0 805819 0 -0 -805819 0 -0 -2.89418e+06 0 0 2.89418e+06 0 1.11e+07 1.11e+07 0 -1.11e+07 -1.11e+07 0 3.7e+06 3.7e+06 0 -3.7e+06 -3.7e+06 0 -805819 -805819 0 805819 805819 0 -2.89418e+06 2.89418e+06 0 2.89418e+06 -2.89418e+06 0 -1.11e+07 1.11e+07 0 1.11e+07 -1.11e+07 0
149 1.65968e+06 0 0 -1.65968e+06 -0 0 -2.06532e+06 -0 0 2.06532e+06 0 0 -1.25405e+06 -0 0 1.25405e+06 0 0 1.65968e+06 0 0 -1.65968e+06 -0 0 1.1175e+07 0 0 -1.1175e+07 -0 0 1.19863e+07 0 0 -1.19863e+07 -0 0 -0 -3.725e+06 0 0 3.725e+06 0 0 811264 0 -0 -811264 0 -0 -2.91374e+06 0 0 2.91374e+06 0 1.1175e+07 1.1175e+07 0 -1.1175e+07 -1.1175e+07 0 3.725e+06 3.725e+06 0 -3.725e+06 -3.725e+06 0 -811264 -811264 0 811264 811264 0 -2.91374e+06 2.91374e+06 0 2.91374e+06 -2.91374e+06 0 -1.1175e+07 1.1175e+07 0 1.1175e+07 -1.1175e+07 0
150 1.67082e+06 0 0 -1.67082e+06 -0 0 -2.07918e+06 -0 0 2.07918e+06 0 0 -1.26247e+06 -0 0 1.26247e+06 0 0 1.67082e+06 0 0 -1.67082e+06 -0 0 1.125e+07 0 0 -1.125e+07 -0 0 1.20667e+07 0 0 -1.20667e+07 -0 0 -0 -3.75e+06 0 0 3.75e+06 0 0 816709 0 -0 -816709 0 -0 -2.93329e+06 0 0 2.93329e+06 0 1.125e+07 1.125e+07 0 -1.125e+07 -1.125e+07 0 3.75e+06 3.75e+06 0 -3.75e+06 -3.75e+06 0 -816709 -816709 0 816709 816709 0 -2.93329e+06 2.93329e+06 0 2.93329e+06 -2.93329e+06 0 -1.125e+07 1.125e+07 0 1.125e+07 -1.125e+07 0
151 1.68196e+06 0 0 -1.68196e+06 -0 0 -2.09304e+06 -0 0 2.09304e+06 0 0 -1.27088e+06 -0 0 1.27088e+06 0 0 1.68196e+06 0 0 -1.68196e+06 -0 0 1.1325e+07 0 0 -1.1325e+07 -0 0 1.21472e+07 0 0 -1.21472e+07 -0 0 -0 -3.775e+06 0 0 3.775e+06 0 0 822154 0 -0 -822154 0 -0 -2.95285e+06 0 0 2.95285e+06 0 1.1325e+07 1.1325e+07 0 -1.1325e+07 -1.1325e+07 0 3.775e+06 3.775e+06 0 -3.775e+06 -3.775e+06 0 -822154 -822154 0 822154 822154 0 -2.95285e+06 2.95285e+06 0 2.95285e+06 -2.95285e+06 0 -1.1325e+07 1.1325e+07 0 1.1325e+07 -1.1325e+07 0
152 1.6931e+06 0 0 -1.6931e+06 -0 0 -2.1069e+06 -0 0 2.1069e+06 0 0 -1.2793e+06 -0 0 1.2793e+06 0 0 1.6931e+06 0 0 -1.6931e+06 -0 0 1.14e+07 0 0 -1.14e+07 -0 0 1.22276e+07 0 0 -1.22276e+07 -0 0 -0 -3.8e+06 0 0 3.8e+06 0 0 827598 0 -0 -827598 0 -0 -2.9724e+06 0 0 2.9724e+06 0 1.14e+07 1.14e+07 0 -1.14e+07 -1.14e+07 0 3.8e+06 3.8e+06 0 -3.8e+06 -3.8e+06 0 -827598 -827598 0 827598 827598 0 -2.9724e+06 2.9724e+06 0 2.9724e+06 -2.9724e+06 0 -1.14e+07 1.14e+07 0 1.14e+07 -1.14e+07 0
153 1.70424e+06 0 0 -1.70424e+06 -0 0 -2.12076e+06 -0 0 2.12076e+06 0 0 -1.28772e+06 -0 0 1.28772e+06 0 0 1.70424e+06 0 0 -1.70424e+06 -0 0 1.1475e+07 0 0 -1.1475e+07 -0 0 1.2308e+07 0 0 -1.2308e+07 -0 0 -0 -3.825e+06 0 0 3.825e+06 0 0 833043 0 -0 -833043 0 -0 -2.99196e+06 0 0 2.99196e+06 0 1.1475e+07 1.1475e+07 0 -1.1475e+07 -1.1475e+07 0 3.825e+06 3.825e+06 0 -3.825e+06 -3.825e+06 0 -833043 -833043 0 833043 833043 0 -2.99196e+06 2.99196e+06 0 2.99196e+06 -2.99196e+06 0 -1.1475e+07 1.1475e+07 0 1.1475e+07 -1.1475e+07 0
154 1.71538e+06 0 0 -1.71538e+06 -0 0 -2.13462e+06 -0 0 2.13462e+06 0 0 -1.29613e+06 -0 0 1.29613e+06 0 0 1.71538e+06 0 0 -1.71538e+06 -0 0 1.155e+07 0 0 -1.155e+07 -0 0 1.23885e+07 0 0 -1.23885e+07 -0 0 -0 -3.85e+06 0 0 3.85e+06 0 0 838488 0 -0 -838488 0 -0 -3.01151e+06 0 0 3.01151e+06 0 1.155e+07 1.155e+07 0 -1.155e+07 -1.155e+07 0 3.85e+06 3.85e+06 0 -3.85e+06 -3.85e+06 0 -838488 -838488 0 838488 838488 0 -3.01151e+06 3.01151e+06 0 3.01151e+06 -3.01151e+06 0 -1.155e+07 1.155e+07 0 1.155e+07 -1.155e+07 0
155 1.72652e+06 0 0 -1.72652e+06 -0 0 -2.14848e+06 -0 0 2.14848e+06 0 0 -1.30455e+06 -0 0 1.30455e+06 0 0 1.72652e+06 0 0 -1.72652e+06 -0 0 1.1625e+07 0 0 -1.1625e+07 -0 0 1.24689e+07 0 0 -1.24689e+07 -0 0 -0 -3.875e+06 0 0 3.875e+06 0 0 843933 0 -0 -843933 0 -0 -3.03107e+06 0 0 3.03107e+06 0 1.1625e+07 1.1625e+07 0 -1.1625e+07 -1.1625e+07 0 3.875e+06 3.875e+06 0 -3.875e+06 -3.875e+06 0 -843933 -843933 0 843933 843933 0 -3.03107e+06 3.03107e+06 0 3.03107e+06 -3.03107e+06 0 -1.1625e+07 1.1625e+07 0 1.1625e+07 -1.1625e+07 0
156 1.73766e+06 0 0 -1.73766e+06 -0 0 -2.16234e+06 -0 0 2.16234e+06 0 0 -1.31297e+06 -0 0 1.31297e+06 0 0 1.73766e+06 0 0 -1.73766e+06 -0 0 1.17e+07 0 0 -1.17e+07 -0 0 1.25494e+07 0 0 -1.25494e+07 -0 0 -0 -3.9e+06 0 0 3.9e+06 0 0 849377 0 -0 -849377 0 -0 -3.05062e+06 0 0 3.05062e+06 0 1.17e+07 1.17e+07 0 -1.17e+07 -1.17e+07 0 3.9e+06 3.9e+06 0 -3.9e+06 -3.9e+06 0 -849377 -849377 0 849377 849377 0 -3.05062e+06 3.05062e+06 0 3.05062e+06 -3.05062e+06 0 -1.17e+07 1.17e+07 0 1.17e+07 -1.17e+07 0
157 1.74879e+06 0 0 -1.74879e+06 -0 0 -2.17621e+06 -0 0 2.17621e+06 0 0 -1.32138e+06 -0 0 1.32138e+06 0 0 1.74879e+06 0 0 -1.74879e+06 -0 0 1.1775e+07 0 0 -1.1775e+07 -0 0 1.26298e+07 0 0 -1.26298e+07 -0 0 -0 -3.925e+06 0 0 3.925e+06 0 0 854822 0 -0 -854822 0 -0 -3.07018e+06 0 0 3.07018e+06 0 1.1775e+07 1.1775e+07 0 -1.1775e+07 -1.1775e+07 0 3.925e+06 3.925e+06 0 -3.925e+06 -3.925e+06 0 -854822 -854822 0 854822 854822 0 -3.07018e+06 3.07018e+06 0 3.07018e+06 -3.07018e+06 0 -1.1775e+07 1.1775e+07 0 1.1775e+07 -1.1775e+07 0
158 1.75993e+06 0 0 -1.75993e+06 -0 0 -2.19007e+06 -0 0 2.19007e+06 0 0 -1.3298e+06 -0 0 1.3298e+06 0 0 1.75993e+06 0 0 -1.75993e+06 -0 0 1.185e+07 0 0 -1.185e+07 -0 0 1.27103e+07 0 0 -1.27103e+07 -0 0 -0 -3.95e+06 0 0 3.95e+06 0 0 860267 0 -0 -860267 0 -0 -3.08973e+06 0 0 3.08973e+06 0 1.185e+07 1.185e+07 0 -1.185e+07 -1.185e+07 0 3.95e+06 3.95e+06 0 -3.95e+06 -3.95e+06 0 -860267 -860267 0 860267 860267 0 -3.08973e+06 3.08973e+06 0 3.08973e+06 -3.08973e+06 0 -1.185e+07 1.185e+07 0 1.185e+07 -1.185e+07 0
159 1.77107e+06 0 0 -1.77107e+06 -0 0 -2.20393e+06 -0 0 2.20393e+06 0 0 -1.33822e+06 -0 0 1.33822e+06 0 0 1.77107e+06 0 0 -1.77107e+06 -0 0 1.1925e+07 0 0 -1.1925e+07 -0 0 1.27907e+07 0 0 -1.27907e+07 -0 0 -0 -3.975e+06 0 0 3.975e+06 0 0 865711 0 -0 -865711 0 -0 -3.10929e+06 0 0 3.10929e+06 0 1.1925e+07 1.1925e+07 0 -1.1925e+07 -1.1925e+07 0 3.975e+06 3.975e+06 0 -3.975e+06 -3.975e+06 0 -865711 -865711 0 865711 865711 0 -3.10929e+06 3.10929e+06 0 3.10929e+06 -3.10929e+06 0 -1.1925e+07 1.1925e+07 0 1.1925e+07 -1.1925e+07 0
160 1.78221e+06 0 0 -1.78221e+06 -0 0 -2.21779e+06 -0 0 2.21779e+06 0 0 -1.34663e+06 -0 0 1.34663e+06 0 0 1.78221e+06 0 0 -1.78221e+06 -0 0 1.2e+07 0 0 -1.2e+07 -0 0 1.28712e+07 0 0 -1.28712e+07 -0 0 -0 -4e+06 0 0 4e+06 0 0 871156 0 -0 -871156 0 -0 -3.12884e+06 0 0 3.12884e+06 0 1.2e+07 1.2e+07 0 -1.2e+07 -1.2e+07 0 4e+06 4e+06 0 -4e+06 -4e+06 0 -871156 -871156 0 871156 871156 0 -3.12884e+06 3.12884e+06 0 3.12884e+06 -3.12884e+06 0 -1.2e+07 1.2e+07 0 1.2e+07 -1.2e+07 0
161 1.79335e+06 0 0 -1.79335e+06 -0 0 -2.23165e+06 -0 0 2.23165e+06 0 0 -1.35505e+06 -0 0 1.35505e+06 0 0 1.79335e+06 0 0 -1.79335e+06 -0 0 1.2075e+07 0 0 -1.2075e+07 -0 0 1.29516e+07 0 0 -1.29516e+07 -0 0 -0 -4.025e+06 0 0 4.025e+06 0 0 876601 0 -0 -876601 0 -0 -3.1484e+06 0 0 3.1484e+06 0 1.2075e+07 1.2075e+07 0 -1.2075e+07 -1.2075e+07 0 4.025e+06 4.025e+06 0 -4.025e+06 -4.025e+06 0 -876601 -876601 0 876601 876601 0 -3.1484e+06 3.1484e+06 0 3.1484e+06 -3.1484e+06 0 -1.2075e+07 1.2075e+07 0 1.2075e+07 -1.2075e+07 0
162 1.80449e+06 0 0 -1.80449e+06 -0 0 -2.24551e+06 -0 0 2.24551e+06 0 0 -1.36347e+06 -0 0 1.36347e+06 0 0 1.80449e+06 0 0 -1.80449e+06 -0 0 1.215e+07 0 0 -1.215e+07 -0 0 1.3032e+07 0 0 -1.3032e+07 -0 0 -0 -4.05e+06 0 0 4.05e+06 0 0 882046 0 -0 -882046 0 -0 -3.16795e+06 0 0 3.16795e+06 0 1.215e+07 1.215e+07 0 -1.215e+07 -1.215e+07 0 4.05e+06 4.05e+06 0 -4.05e+06 -4.05e+06 0 -882046 -882046 0 882046 882046 0 -3.16795e+06 3.16795e+06 0 3.16795e+06 -3.16795e+06 0 -1.215e+07 1.215e+07 0 1.215e+07 -1.215e+07 0
163 1.81563e+06 0 0 -1.81563e+06 -0 0 -2.25937e+06 -0 0 2.25937e+06 0 0 -1.37188e+06 -0 0 1.37188e+06 0 0 1.81563e+06 0 0 -1.81563e+06 -0 0 1.2225e+07 0 0 -1.2225e+07 -0 0 1.31125e+07 0 0 -1.31125e+07 -0 0 -0 -4.075e+06 0 0 4.075e+06 0 0 887490 0 -0 -887490 0 -0 -3.18751e+06 0 0 3.18751e+06 0 1.2225e+07 1.2225e+07 0 -1.2225e+07 -1.2225e+07 0 4.075e+06 4.075e+06 0 -4.075e+06 -4.075e+06 0 -887490 -887490 0 887490 887490 0 -3.18751e+06 3.18751e+06 0 3.18751e+06 -3.18751e+06 0 -1.2225e+07 1.2225e+07 0 1.2225e+07 -1.2225e+07 0
164 1.82677e+06 0 0 -1.82677e+06 -0 0 -2.27323e+06 -0 0 2.27323e+06 0 0 -1.3803e+06 -0 0 1.3803e+06 0 0 1.82677e+06 0 0 -1.82677e+06 -0 0 1.23e+07 0 0 -1.23e+07 -0 0 1.31929e+07 0 0 -1.31929e+07 -0 0 -0 -4.1e+06 0 0 4.1e+06 0 0 892935 0 -0 -892935 0 -0 -3.20706e+06 0 0 3.20706e+06 0 1.23e+07 1.23e+07 0 -1.23e+07 -1.23e+07 0 4.1e+06 4.1e+06 0 -4.1e+06 -4.1e+06 0 -892935 -892935 0 892935 892935 0 -3.20706e+06 3.20706e+06 0 3.20706e+06 -3.20706e+06 0 -1.23e+07 1.23e+07 0 1.23e+07 -1.23e+07 0
165 1.83791e+06 0 0 -1.83791e+06 -0 0 -2.28709e+06 -0 0 2.28709e+06 0 0 -1.38872e+06 -0 0 1.38872e+06 0 0 1.83791e+06 0 0 -1.83791e+06 -0 0 1.2375e+07 0 0 -1.2375e+07 -0 0 1.32734e+07 0 0 -1.32734e+07 -0 0 -0 -4.125e+06 0 0 4.125e+06 0 0 898380 0 -0 -898380 0 -0 -3.22662e+06 0 0 3.22662e+06 0 1.2375e+07 1.2375e+07 0 -1.2375e+07 -1.2375e+07 0 4.125e+06 4.125e+06 0 -4.125e+06 -4.125e+06 0 -898380 -898380 0 898380 898380 0 -3.22662e+06 3.22662e+06 0 3.22662e+06 -3.22662e+06 0 -1.2375e+07 1.2375e+07 0 1.2375e+07 -1.2375e+07 0
166 1.84904e+06 0 0 -1.84904e+06 -0 0 -2.30096e+06 -0 0 2.30096e+06 0 0 -1.39713e+06 -0 0 1.39713e+06 0 0 1.84904e+06 0 0 -1.84904e+06 -0 0 1.245e+07 0 0 -1.245e+07 -0 0 1.33538e+07 0 0 -1.33538e+07 -0 0 -0 -4.15e+06 0 0 4.15e+06 0 0 903825 0 -0 -903825 0 -0 -3.24618e+06 0 0 3.24618e+06 0 1.245e+07 1.245e+07 0 -1.245e+07 -1.245e+07 0 4.15e+06 4.15e+06 0 -4.15e+06 -4.15e+06 0 -903825 -903825 0 903825 903825 0 -3.24618e+06 3.24618e+06 0 3.24618e+06 -3.24618e+06 0 -1.245e+07 1.245e+07 0 1.245e+07 -1.245e+07 0
167 1.86018e+06 0 0 -1.86018e+06 -0 0 -2.31482e+06 -0 0 2.31482e+06 0 0 -1.40555e+06 -0 0 1.40555e+06 0 0 1.86018e+06 0 0 -1.86018e+06 -0 0 1.2525e+07 0 0 -1.2525e+07 -0 0 1.34343e+07 0 0 -1.34343e+07 -0 0 -0 -4.175e+06 0 0 4.175e+06 0 0 909269 0 -0 -909269 0 -0 -3.26573e+06 0 0 3.26573e+06 0 1.2525e+07 1.2525e+07 0 -1.2525e+07 -1.2525e+07 0 4.175e+06 4.175e+06 0 -4.175e+06 -4.175e+06 0 -909269 -909269 0 909269 909269 0 -3.26573e+06 3.26573e+06 0 3.26573e+06 -3.26573e+06 0 -1.2525e+07 1.2525e+07 0 1.2525e+07 -1.2525e+07 0
168 1.87132e+06 0 0 -1.87132e+06 -0 0 -2.32868e+06 -0 0 2.32868e+06 0 0 -1.41396e+06 -0 0 1.41396e+06 0 0 1.87132e+06 0 0 -1.87132e+06 -0 0 1.26e+07 0 0 -1.26e+07 -0 0 1.35147e+07 0 0 -1.35147e+07 -0 0 -0 -4.2e+06 0 0 4.2e+06 0 0 914714 0 -0 -914714 0 -0 -3.28529e+06 0 0 3.28529e+06 0 1.26e+07 1.26e+07 0 -1.26e+07 -1.26e+07 0 4.2e+06 4.2e+06 0 -4.2e+06 -4.2e+06 0 -914714 -914714 0 914714 914714 0 -3.28529e+06 3.28529e+06 0 3.28529e+06 -3.28529e+06 0 -1.26e+07 1.26e+07 0 1.26e+07 -1.26e+07 0
169 1.88246e+06 0 0 -1.88246e+06 -0 0 -2.34254e+06 -0 0 2.34254e+06 0 0 -1.42238e+06 -0 0 1.42238e+06 0 0 1.88246e+06 0 0 -1.88246e+06 -0 0 1.2675e+07 0 0 -1.2675e+07 -0 0 1.35952e+07 0 0 -1.35952e+07 -0 0 -0 -4.225e+06 0 0 4.225e+06 0 0 920159 0 -0 -920159 0 -0 -3.30484e+06 0 0 3.30484e+06 0 1.2675e+07 1.2675e+07 0 -1.2675e+07 -1.2675e+07 0 4.225e+06 4.225e+06 0 -4.225e+06 -4.225e+06 0 -920159 -920159 0 920159 920159 0 -3.30484e+06 3.30484e+06 0 3.30484e+06 -3.30484e+06 0 -1.2675e+07 1.2675e+07 0 1.2675e+07 -1.2675e+07 0
170 1.8936e+06 0 0 -1.8936e+06 -0 0 -2.3564e+06 -0 0 2.3564e+06 0 0 -1.4308e+06 -0 0 1.4308e+06 0 0 1.8936e+06 0 0 -1.8936e+06 -0 0 1.275e+07 0 0 -1.275e+07 -0 0 1.36756e+07 0 0 -1.36756e+07 -0 0 -0 -4.25e+06 0 0 4.25e+06 0 0 925603 0 -0 -925603 0 -0 -3.3244e+06 0 0 3.3244e+06 0 1.275e+07 1.275e+07 0 -1.275e+07 -1.275e+07 0 4.25e+06 4.25e+06 0 -4.25e+06 -4.25e+06 0 -925603 -925603 0 925603 925603 0 -3.3244e+06 3.3244e+06 0 3.3244e+06 -3.3244e+06 0 -1.275e+07 1.275e+07 0 1.275e+07 -1.275e+07 0
171 1.90474e+06 0 0 -1.90474e+06 -0 0 -2.37026e+06 -0 0 2.37026e+06 0 0 -1.43921e+06 -0 0 1.43921e+06 0 0 1.90474e+06 0 0 -1.90474e+06 -0 0 1.2825e+07 0 0 -1.2825e+07 -0 0 1.3756e+07 0 0 -1.3756e+07 -0 0 -0 -4.275e+06 0 0 4.275e+06 0 0 931048 0 -0 -931048 0 -0 -3.34395e+06 0 0 3.34395e+06 0 1.2825e+07 1.2825e+07 0 -1.2825e+07 -1.2825e+07 0 4.275e+06 4.275e+06 0 -4.275e+06 -4.275e+06 0 -931048 -931048 0 931048 931048 0 -3.34395e+06 3.34395e+06 0 3.34395e+06 -3.34395e+06 0 -1.2825e+07 1.2825e+07 0 1.2825e+07 -1.2825e+07 0
172 1.91588e+06 0 0 -1.91588e+06 -0 0 -2.38412e+06 -0 0 2.38412e+06 0 0 -1.44763e+06 -0 0 1.44763e+06 0 0 1.91588e+06 0 0 -1.91588e+06 -0 0 1.29e+07 0 0 -1.29e+07 -0 0 1.38365e+07 0 0 -1.38365e+07 -0 0 -0 -4.3e+06 0 0 4.3e+06 0 0 936493 0 -0 -936493 0 -0 -3.36351e+06 0 0 3.36351e+06 0 1.29e+07 1.29e+07 0 -1.29e+07 -1.29e+07 0 4.3e+06 4.3e+06 0 -4.3e+06 -4.3e+06 0 -936493 -936493 0 936493 936493 0 -3.36351e+06 3.36351e+06 0 3.36351e+06 -3.36351e+06 0 -1.29e+07 1.29e+07 0 1.29e+07 -1.29e+07 0
173 1.92702e+06 0 0 -1.92702e+06 -0 0 -2.39798e+06 -0 0 2.39798e+06 0 0 -1.45605e+06 -0 0 1.45605e+06 0 0 1.92702e+06 0 0 -1.92702e+06 -0 0 1.2975e+07 0 0 -1.2975e+07 -0 0 1.39169e+07 0 0 -1.39169e+07 -0 0 -0 -4.325e+06 0 0 4.325e+06 0 0 941938 0 -0 -941938 0 -0 -3.38306e+06 0 0 3.38306e+06 0 1.2975e+07 1.2975e+07 0 -1.2975e+07 -1.2975e+07 0 4.325e+06 4.325e+06 0 -4.325e+06 -4.325e+06 0 -941938 -941938 0 941938 941938 0 -3.38306e+06 3.38306e+06 0 3.38306e+06 -3.38306e+06 0 -1.2975e+07 1.2975e+07 0 1.2975e+07 -1.2975e+07 0
174 1.93815e+06 0 0 -1.93815e+06 -0 0 -2.41185e+06 -0 0 2.41185e+06 0 0 -1.46446e+06 -0 0 1.46446e+06 0 0 1.93815e+06 0 0 -1.93815e+06 -0 0 1.305e+07 0 0 -1.305e+07 -0 0 1.39974e+07 0 0 -1.39974e+07 -0 0 -0 -4.35e+06 0 0 4.35e+06 0 0 947382 0 -0 -947382 0 -0 -3.40262e+06 0 0 3.40262e+06 0 1.305e+07 1.305e+07 0 -1.305e+07 -1.305e+07 0 4.35e+06 4.35e+06 0 -4.35e+06 -4.35e+06 0 -947382 -947382 0 947382 947382 0 -3.40262e+06 3.40262e+06 0 3.40262e+06 -3.40262e+06 0 -1.305e+07 1.305e+07 0 1.305e+07 -1.305e+07 0
175 1.94929e+06 0 0 -1.94929e+06 -0 0 -2.42571e+06 -0 0 2.42571e+06 0 0 -1.47288e+06 -0 0 1.47288e+06 0 0 1.94929e+06 0 0 -1.94929e+06 -0 0 1.3125e+07 0 0 -1.3125e+07 -0 0 1.40778e+07 0 0 -1.40778e+07 -0 0 -0 -4.375e+06 0 0 4.375e+06 0 0 952827 0 -0 -952827 0 -0 -3.42217e+06 0 0 3.42217e+06 0 1.3125e+07 1.3125e+07 0 -1.3125e+07 -1.3125e+07 0 4.375e+06 4.375e+06 0 -4.375e+06 -4.375e+06 0 -952827 -952827 0 952827 952827 0 -3.42217e+06 3.42217e+06 0 3.42217e+06 -3.42217e+06 0 -1.3125e+07 1.3125e+07 0 1.3125e+07 -1.3125e+07 0
176 1.96043e+06 0 0 -1.96043e+06 -0 0 -2.43957e+06 -0 0 2.43957e+06 0 0 -1.4813e+06 -0 0 1.4813e+06 0 0 1.96043e+06 0 0 -1.96043e+06 -0 0 1.32e+07 0 0 -1.32e+07 -0 0 1.41583e+07 0 0 -1.41583e+07 -0 0 -0 -4.4e+06 0 0 4.4e+06 0 0 958272 0 -0 -958272 0 -0 -3.44173e+06 0 0 3.44173e+06 0 1.32e+07 1.32e+07 0 -1.32e+07 -1.32e+07 0 4.4e+06 4.4e+06 0 -4.4e+06 -4.4e+06 0 -958272 -958272 0 958272 958272 0 -3.44173e+06 3.44173e+06 0 3.44173e+06 -3.44173e+06 0 -1.32e+07 1.32e+07 0 1.32e+07 -1.32e+07 0
177 1.97157e+06 0 0 -1.97157e+06 -0 0 -2.45343e+06 -0 0 2.45343e+06 0 0 -1.48971e+06 -0 0 1.48971e+06 0 0 1.97157e+06 0 0 -1.97157e+06 -0 0 1.3275e+07 0 0 -1.3275e+07 -0 0 1.42387e+07 0 0 -1.42387e+07 -0 0 -0 -4.425e+06 0 0 4.425e+06 0 0 963717 0 -0 -963717 0 -0 -3.46128e+06 0 0 3.46128e+06 0 1.3275e+07 1.3275e+07 0 -1.3275e+07 -1.3275e+07 0 4.425e+06 4.425e+06 0 -4.425e+06 -4.425e+06 0 -963717 -963717 0 963717 963717 0 -3.46128e+06 3.46128e+06 0 3.46128e+06 -3.46128e+06 0 -1.3275e+07 1.3275e+07 0 1.3275e+07 -1.3275e+07 0
178 1.98271e+06 0 0 -1.98271e+06 -0 0 -2.46729e+06 -0 0 2.46729e+06 0 0 -1.49813e+06 -0 0 1.49813e+06 0 0 1.98271e+06 0 0 -1.98271e+06 -0 0 1.335e+07 0 0 -1.335e+07 -0 0 1.43192e+07 0 0 -1.43192e+07 -0 0 -0 -4.45e+06 0 0 4.45e+06 0 0 969161 0 -0 -969161 0 -0 -3.48084e+06 0 0 3.48084e+06 0 1.335e+07 1.335e+07 0 -1.335e+07 -1.335e+07 0 4.45e+06 4.45e+06 0 -4.45e+06 -4.45e+06 0 -969161 -969161 0 969161 969161 0 -3.48084e+06 3.48084e+06 0 3.48084e+06 -3.48084e+06 0 -1.335e+07 1.335e+07 0 1.335e+07 -1.335e+07 0
179 1.99385e+06 0 0 -1.99385e+06 -0 0 -2.48115e+06 -0 0 2.48115e+06 0 0 -1.50655e+06 -0 0 1.50655e+06 0 0 1.99385e+06 0 0 -1.99385e+06 -0 0 1.3425e+07 0 0 -1.3425e+07 -0 0 1.43996e+07 0 0 -1.43996e+07 -0 0 -0 -4.475e+06 0 0 4.475e+06 0 0 974606 0 -0 -974606 0 -0 -3.50039e+06 0 0 3.50039e+06 0 1.3425e+07 1.3425e+07 0 -1.3425e+07 -1.3425e+07 0 4.475e+06 4.475e+06 0 -4.475e+06 -4.475e+06 0 -974606 -974606 0 974606 974606 0 -3.50039e+06 3.50039e+06 0 3.50039e+06 -3.50039e+06 0 -1.3425e+07 1.3425e+07 0 1.3425e+07 -1.3425e+07 0
180 2.00499e+06 0 0 -2.00499e+06 -0 0 -2.49501e+06 -0 0 2.49501e+06 0 0 -1.51496e+06 -0 0 1.51496e+06 0 0 2.00499e+06 0 0 -2.00499e+06 -0 0 1.35e+07 0 0 -1.35e+07 -0 0 1.44801e+07 0 0 -1.44801e+07 -0 0 -0 -4.5e+06 0 0 4.5e+06 0 0 980051 0 -0 -980051 0 -0 -3.51995e+06 0 0 3.51995e+06 0 1.35e+07 1.35e+07 0 -1.35e+07 -1.35e+07 0 4.5e+06 4.5e+06 0 -4.5e+06 -4.5e+06 0 -980051 -980051 0 980051 980051 0 -3.51995e+06 3.51995e+06 0 3.51995e+06 -3.51995e+06 0 -1.35e+07 1.35e+07 0 1.35e+07 -1.35e+07 0
181 2.01613e+06 0 0 -2.01613e+06 -0 0 -2.50887e+06 -0 0 2.50887e+06 0 0 -1.52338e+06 -0 0 1.52338e+06 0 0 2.01613e+06 0 0 -2.01613e+06 -0 0 1.3575e+07 0 0 -1.3575e+07 -0 0 1.45605e+07 0 0 -1.45605e+07 -0 0 -0 -4.525e+06 0 0 4.525e+06 0 0 985495 0 -0 -985495 0 -0 -3.5395e+06 0 0 3.5395e+06 0 1.3575e+07 1.3575e+07 0 -1.3575e+07 -1.3575e+07 0 4.525e+06 4.525e+06 0 -4.525e+06 -4.525e+06 0 -985495 -985495 0 985495 985495 0 -3.5395e+06 3.5395e+06 0 3.5395e+06 -3.5395e+06 0 -1.3575e+07 1.3575e+07 0 1.3575e+07 -1.3575e+07 0
182 2.02726e+06 0 0 -2.02726e+06 -0 0 -2.52274e+06 -0 0 2.52274e+06 0 0 -1.53179e+06 -0 0 1.53179e+06 0 0 2.02726e+06 0 0 -2.02726e+06 -0 0 1.365e+07 0 0 -1.365e+07 -0 0 1.46409e+07 0 0 -1.46409e+07 -0 0 -0 -4.55e+06 0 0 4.55e+06 0 0 990940 0 -0 -990940 0 -0 -3.55906e+06 0 0 3.55906e+06 0 1.365e+07 1.365e+07 0 -1.365e+07 -1.365e+07 0 4.55e+06 4.55e+06 0 -4.55e+06 -4.55e+06 0 -990940 -990940 0 990940 990940 0 -3.55906e+06 3.55906e+06 0 3.55906e+06 -3.55906e+06 0 -1.365e+07 1.365e+07 0 1.365e+07 -1.365e+07 0
183 2.0384e+06 0 0 -2.0384e+06 -0 0 -2.5366e+06 -0 0 2.5366e+06 0 0 -1.54021e+06 -0 0 1.54021e+06 0 0 2.0384e+06 0 0 -2.0384e+06 -0 0 1.3725e+07 0 0 -1.3725e+07 -0 0 1.47214e+07 0 0 -1.47214e+07 -0 0 -0 -4.575e+06 0 0 4.575e+06 0 0 996385 0 -0 -996385 0 -0 -3.57862e+06 0 0 3.57862e+06 0 1.3725e+07 1.3725e+07 0 -1.3725e+07 -1.3725e+07 0 4.575e+06 4.575e+06 0 -4.575e+06 -4.575e+06 0 -996385 -996385 0 996385 996385 0 -3.57862e+06 3.57862e+06 0 3.57862e+06 -3.57862e+06 0 -1.3725e+07 1.3725e+07 0 1.3725e+07 -1.3725e+07 0
184 2.04954e+06 0 0 -2.04954e+06 -0 0 -2.55046e+06 -0 0 2.55046e+06 0 0 -1.54863e+06 -0 0 1.54863e+06 0 0 2.04954e+06 0 0 -2.04954e+06 -0 0 1.38e+07 0 0 -1.38e+07 -0 0 1.48018e+07 0 0 -1.48018e+07 -0 0 -0 -4.6e+06 0 0 4.6e+06 0 0 1.00183e+06 0 -0 -1.00183e+06 0 -0 -3.59817e+06 0 0 3.59817e+06 0 1.38e+07 1.38e+07 0 -1.38e+07 -1.38e+07 0 4.6e+06 4.6e+06 0 -4.6e+06 -4.6e+06 0 -1.00183e+06 -1.00183e+06 0 1.00183e+06 1.00183e+06 0 -3.59817e+06 3.59817e+06 0 3.59817e+06 -3.59817e+06 0 -1.38e+07 1.38e+07 0 1.38e+07 -1.38e+07 0
185 2.06068e+06 0 0 -2.06068e+06 -0 0 -2.56432e+06 -0 0 2.56432e+06 0 0 -1.55704e+06 -0 0 1.55704e+06 0 0 2.06068e+06 0 0 -2.06068e+06 -0 0 1.3875e+07 0 0 -1.3875e+07 -0 0 1.48823e+07 0 0 -1.48823e+07 -0 0 -0 -4.625e+06 0 0 4.625e+06 0 0 1.00727e+06 0 -0 -1.00727e+06 0 -0 -3.61773e+06 0 0 3.61773e+06 0 1.3875e+07 1.3875e+07 0 -1.3875e+07 -1.3875e+07 0 4.625e+06 4.625e+06 0 -4.625e+06 -4.625e+06 0 -1.00727e+06 -1.00727e+06 0 1.00727e+06 1.00727e+06 0 -3.61773e+06 3.61773e+06 0 3.61773e+06 -3.61773e+06 0 -1.3875e+07 1.3875e+07 0 1.3875e+07 -1.3875e+07 0
186 2.07182e+06 0 0 -2.07182e+06 -0 0 -2.57818e+06 -0 0 2.57818e+06 0 0 -1.56546e+06 -0 0 1.56546e+06 0 0 2.07182e+06 0 0 -2.07182e+06 -0 0 1.395e+07 0 0 -1.395e+07 -0 0 1.49627e+07 0 0 -1.49627e+07 -0 0 -0 -4.65e+06 0 0 4.65e+06 0 0 1.01272e+06 0 -0 -1.01272e+06 0 -0 -3.63728e+06 0 0 3.63728e+06 0 1.395e+07 1.395e+07 0 -1.395e+07 -1.395e+07 0 4.65e+06 4.65e+06 0 -4.65e+06 -4.65e+06 0 -1.01272e+06 -1.01272e+06 0 1.01272e+06 1.01272e+06 0 -3.63728e+06 3.63728e+06 0 3.63728e+06 -3.63728e+06 0 -1.395e+07 1.395e+07 0 1.395e+07 -1.395e+07 0
187 2.08296e+06 0 0 -2.08296e+06 -0 0 -2.59204e+06 -0 0 2.59204e+06 0 0 -1.57388e+06 -0 0 1.57388e+06 0 0 2.08296e+06 0 0 -2.08296e+06 -0 0 1.4025e+07 0 0 -1.4025e+07 -0 0 1.50432e+07 0 0 -1.50432e+07 -0 0 -0 -4.675e+06 0 0 4.675e+06 0 0 1.01816e+06 0 -0 -1.01816e+06 0 -0 -3.65684e+06 0 0 3.65684e+06 0 1.4025e+07 1.4025e+07 0 -1.4025e+07 -1.4025e+07 0 4.675e+06 4.675e+06 0 -4.675e+06 -4.675e+06 0 -1.01816e+06 -1.01816e+06 0 1.01816e+06 1.01816e+06 0 -3.65684e+06 3.65684e+06 0 3.65684e+06 -3.65684e+06 0 -1.4025e+07 1.4025e+07 0 1.4025e+07 -1.4025e+07 0
188 2.0941e+06 0 0 -2.0941e+06 -0 0 -2.6059e+06 -0 0 2.6059e+06 0 0 -1.58229e+06 -0 0 1.58229e+06 0 0 2.0941e+06 0 0 -2.0941e+06 -0 0 1.41e+07 0 0 -1.41e+07 -0 0 1.51236e+07 0 0 -1.51236e+07 -0 0 -0 -4.7e+06 0 0 4.7e+06 0 0 1.02361e+06 0 -0 -1.02361e+06 0 -0 -3.67639e+06 0 0 3.67639e+06 0 1.41e+07 1.41e+07 0 -1.41e+07 -1.41e+07 0 4.7e+06 4.7e+06 0 -4.7e+06 -4.7e+06 0 -1.02361e+06 -1.02361e+06 0 1.02361e+06 1.02361e+06 0 -3.67639e+06 3.67639e+06 0 3.67639e+06 -3.67639e+06 0 -1.41e+07 1.41e+07 0 1.41e+07 -1.41e+07 0
189 2.10524e+06 0 0 -2.10524e+06 -0 0 -2.61976e+06 -0 0 2.61976e+06 0 0 -1.59071e+06 -0 0 1.59071e+06 0 0 2.10524e+06 0 0 -2.10524e+06 -0 0 1.4175e+07 0 0 -1.4175e+07 -0 0 1.52041e+07 0 0 -1.52041e+07 -0 0 -0 -4.725e+06 0 0 4.725e+06 0 0 1.02905e+06 0 -0 -1.02905e+06 0 -0 -3.69595e+06 0 0 3.69595e+06 0 1.4175e+07 1.4175e+07 0 -1.4175e+07 -1.4175e+07 0 4.725e+06 4.725e+06 0 -4.725e+06 -4.725e+06 0 -1.02905e+06 -1.02905e+06 0 1.02905e+06 1.02905e+06 0 -3.69595e+06 3.69595e+06 0 3.69595e+06 -3.69595e+06 0 -1.4175e+07 1.4175e+07 0 1.4175e+07 -1.4175e+07 0
190 2.11638e+06 0 0 -2.11638e+06 -0 0 -2.63362e+06 -0 0 2.63362e+06 0 0 -1.59913e+06 -0 0 1.59913e+06 0 0 2.11638e+06 0 0 -2.11638e+06 -0 0 1.425e+07 0 0 -1.425e+07 -0 0 1.52845e+07 0 0 -1.52845e+07 -0 0 -0 -4.75e+06 0 0 4.75e+06 0 0 1.0345e+06 0 -0 -1.0345e+06 0 -0 -3.7155e+06 0 0 3.7155e+06 0 1.425e+07 1.425e+07 0 -1.425e+07 -1.425e+07 0 4.75e+06 4.75e+06 0 -4.75e+06 -4.75e+06 0 -1.0345e+06 -1.0345e+06 0 1.0345e+06 1.0345e+06 0 -3.7155e+06 3.7155e+06 0 3.7155e+06 -3.7155e+06 0 -1.425e+07 1.425e+07 0 1.425e+07 -1.425e+07 0
191 2.12751e+06 0 0 -2.12751e+06 -0 0 -2.64749e+06 -0 0 2.64749e+06 0 0 -1.60754e+06 -0 0 1.60754e+06 0 0 2.12751e+06 0 0 -2.12751e+06 -0 0 1.4325e+07 0 0 -1.4325e+07 -0 0 1.53649e+07 0 0 -1.53649e+07 -0 0 -0 -4.775e+06 0 0 4.775e+06 0 0 1.03994e+06 0 -0 -1.03994e+06 0 -0 -3.73506e+06 0 0 3.73506e+06 0 1.4325e+07 1.4325e+07 0 -1.4325e+07 -1.4325e+07 0 4.775e+06 4.775e+06 0 -4.775e+06 -4.775e+06 0 -1.03994e+06 -1.03994e+06 0 1.03994e+06 1.03994e+06 0 -3.73506e+06 3.73506e+06 0 3.73506e+06 -3.73506e+06 0 -1.4325e+07 1.4325e+07 0 1.4325e+07 -1.4325e+07 0
192 2.13865e+06 0 0 -2.13865e+06 -0 0 -2.66135e+06 -0 0 2.66135e+06 0 0 -1.61596e+06 -0 0 1.61596e+06 0 0 2.13865e+06 0 0 -2.13865e+06 -0 0 1.44e+07 0 0 -1.44e+07 -0 0 1.54454e+07 0 0 -1.54454e+07 -0 0 -0 -4.8e+06 0 0 4.8e+06 0 0 1.04539e+06 0 -0 -1.04539e+06 0 -0 -3.75461e+06 0 0 3.75461e+06 0 1.44e+07 1.44e+07 0 -1.44e+07 -1.44e+07 0 4.8e+06 4.8e+06 0 -4.8e+06 -4.8e+06 0 -1.04539e+06 -1.04539e+06 0 1.04539e+06 1.04539e+06 0 -3.75461e+06 3.75461e+06 0 3.75461e+06 -3.75461e+06 0 -1.44e+07 1.44e+07 0 1.44e+07 -1.44e+07 0
193 2.14979e+06 0 0 -2.14979e+06 -0 0 -2.67521e+06 -0 0 2.67521e+06 0 0 -1.62438e+06 -0 0 1.62438e+06 0 0 2.14979e+06 0 0 -2.14979e+06 -0 0 1.4475e+07 0 0 -1.4475e+07 -0 0 1.55258e+07 0 0 -1.55258e+07 -0 0 -0 -4.825e+06 0 0 4.825e+06 0 0 1.05083e+06 0 -0 -1.05083e+06 0 -0 -3.77417e+06 0 0 3.77417e+06 0 1.4475e+07 1.4475e+07 0 -1.4475e+07 -1.4475e+07 0 4.825e+06 4.825e+06 0 -4.825e+06 -4.825e+06 0 -1.05083e+06 -1.05083e+06 0 1.05083e+06 1.05083e+06 0 -3.77417e+06 3.77417e+06 0 3.77417e+06 -3.77417e+06 0 -1.4475e+07 1.4475e+07 0 1.4475e+07 -1.4475e+07 0
194 2.16093e+06 0 0 -2.16093e+06 -0 0 -2.68907e+06 -0 0 2.68907e+06 0 0 -1.63279e+06 -0 0 1.63279e+06 0 0 2.16093e+06 0 0 -2.16093e+06 -0 0 1.455e+07 0 0 -1.455e+07 -0 0 1.56063e+07 0 0 -1.56063e+07 -0 0 -0 -4.85e+06 0 0 4.85e+06 0 0 1.05628e+06 0 -0 -1.05628e+06 0 -0 -3.79372e+06 0 0 3.79372e+06 0 1.455e+07 1.455e+07 0 -1.455e+07 -1.455e+07 0 4.85e+06 4.85e+06 0 -4.85e+06 -4.85e+06 0 -1.05628e+06 -1.05628e+06 0 1.05628e+06 1.05628e+06 0 -3.79372e+06 3.79372e+06 0 3.79372e+06 -3.79372e+06 0 -1.455e+07 1.455e+07 0 1.455e+07 -1.455e+07 0
195 2.17207e+06 0 0 -2.17207e+06 -0 0 -2.70293e+06 -0 0 2.70293e+06 0 0 -1.64121e+06 -0 0 1.64121e+06 0 0 2.17207e+06 0 0 -2.17207e+06 -0 0 1.4625e+07 0 0 -1.4625e+07 -0 0 1.56867e+07 0 0 -1.56867e+07 -0 0 -0 -4.875e+06 0 0 4.875e+06 0 0 1.06172e+06 0 -0 -1.06172e+06 0 -0 -3.81328e+06 0 0 3.81328e+06 0 1.4625e+07 1.4625e+07 0 -1.4625e+07 -1.4625e+07 0 4.875e+06 4.875e+06 0 -4.875e+06 -4.875e+06 0 -1.06172e+06 -1.06172e+06 0 1.06172e+06 1.06172e+06 0 -3.81328e+06 3.81328e+06 0 3.81328e+06 -3.81328e+06 0 -1.4625e+07 1.4625e+07 0 1.4625e+07 -1.4625e+07 0
196 2.18321e+06 0 0 -2.18321e+06 -0 0 -2.71679e+06 -0 0 2.71679e+06 0 0 -1.64963e+06 -0 0 1.64963e+06 0 0 2.18321e+06 0 0 -2.18321e+06 -0 0 1.47e+07 0 0 -1.47e+07 -0 0 1.57672e+07 0 0 -1.57672e+07 -0 0 -0 -4.9e+06 0 0 4.9e+06 0 0 1.06717e+06 0 -0 -1.06717e+06 0 -0 -3.83283e+06 0 0 3.83283e+06 0 1.47e+07 1.47e+07 0 -1.47e+07 -1.47e+07 0 4.9e+06 4.9e+06 0 -4.9e+06 -4.9e+06 0 -1.06717e+06 -1.06717e+06 0 1.06717e+06 1.06717e+06 0 -3.83283e+06 3.83283e+06 0 3.83283e+06 -3.83283e+06 0 -1.47e+07 1.47e+07 0 1.47e+07 -1.47e+07 0
197 2.19435e+06 0 0 -2.19435e+06 -0 0 -2.73065e+06 -0 0 2.73065e+06 0 0 -1.65804e+06 -0 0 1.65804e+06 0 0 2.19435e+06 0 0 -2.19435e+06 -0 0 1.4775e+07 0 0 -1.4775e+07 -0 0 1.58476e+07 0 0 -1.58476e+07 -0 0 -0 -4.925e+06 0 0 4.925e+06 0 0 1.07261e+06 0 -0 -1.07261e+06 0 -0 -3.85239e+06 0 0 3.85239e+06 0 1.4775e+07 1.4775e+07 0 -1.4775e+07 -1.4775e+07 0 4.925e+06 4.925e+06 0 -4.925e+06 -4.925e+06 0 -1.07261e+06 -1.07261e+06 0 1.07261e+06 1.07261e+06 0 -3.85239e+06 3.85239e+06 0 3.85239e+06 -3.85239e+06 0 -1.4775e+07 1.4775e+07 0 1.4775e+07 -1.4775e+07 0
198 2.20549e+06 0 0 -2.20549e+06 -0 0 -2.74451e+06 -0 0 2.74451e+06 0 0 -1.66646e+06 -0 0 1.66646e+06 0 0 2.20549e+06 0 0 -2.20549e+06 -0 0 1.485e+07 0 0 -1.485e+07 -0 0 1.59281e+07 0 0 -1.59281e+07 -0 0 -0 -4.95e+06 0 0 4.95e+06 0 0 1.07806e+06 0 -0 -1.07806e+06 0 -0 -3.87194e+06 0 0 3.87194e+06 0 1.485e+07 1.485e+07 0 -1.485e+07 -1.485e+07 0 4.95e+06 4.95e+06 0 -4.95e+06 -4.95e+06 0 -1.07806e+06 -1.07806e+06 0 1.07806e+06 1.07806e+06 0 -3.87194e+06 3.87194e+06 0 3.87194e+06 -3.87194e+06 0 -1.485e+07 1.485e+07 0 1.485e+07 -1.485e+07 0
199 2.21662e+06 0 0 -2.21662e+06 -0 0 -2.75838e+06 -0 0 2.75838e+06 0 0 -1.67487e+06 -0 0 1.67487e+06 0 0 2.21662e+06 0 0 -2.21662e+06 -0 0 1.4925e+07 0 0 -1.4925e+07 -0 0 1.60085e+07 0 0 -1.60085e+07 -0 0 -0 -4.975e+06 0 0 4.975e+06 0 0 1.0835e+06 0 -0 -1.0835e+06 0 -0 -3.8915e+06 0 0 3.8915e+06 0 1.4925e+07 1.4925e+07 0 -1.4925e+07 -1.4925e+07 0 4.975e+06 4.975e+06 0 -4.975e+06 -4.975e+06 0 -1.0835e+06 -1.0835e+06 0 1.0835e+06 1.0835e+06 0 -3.8915e+06 3.8915e+06 0 3.8915e+06 -3.8915e+06 0 -1.4925e+07 1.4925e+07 0 1.4925e+07 -1.4925e+07 0
200 2.22776e+06 0 0 -2.22776e+06 -0 0 -2.77224e+06 -0 0 2.77224e+06 0 0 -1.68329e+06 -0 0 1.68329e+06 0 0 2.22776e+06 0 0 -2.22776e+06 -0 0 1.5e+07 0 0 -1.5e+07 -0 0 1.60889e+07 0 0 -1.60889e+07 -0 0 -0 -5e+06 0 0 5e+06 0 0 1.08895e+06 0 -0 -1.08895e+06 0 -0 -3.91105e+06 0 0 3.91105e+06 0 1.5e+07 1.5e+07 0 -1.5e+07 -1.5e+07 0 5e+06 5e+06 0 -5e+06 -5e+06 0 -1.08895e+06 -1.08895e+06 0 1.08895e+06 1.08895e+06 0 -3.91105e+06 3.91105e+06 0 3.91105e+06 -3.91105e+06 0 -1.5e+07 1.5e+07 0 1.5e+07 -1.5e+07 0
