1 -922.749 -1000.09 1181.64 36.3095 -181.64 -590.866 -77.2507 590.866 -772.414
2 -1845.5 -2000.19 2363.28 72.619 -363.28 -1181.73 -154.501 1181.73 -1544.83
3 -2768.25 -3000.28 3544.92 108.928 -544.92 -1772.6 -231.752 1772.6 -2317.24
4 -3691 -4000.37 4726.56 145.238 -726.561 -2363.47 -309.003 2363.47 -3089.66
5 -4613.75 -5000.46 5908.2 181.547 -908.201 -2954.33 -386.253 2954.33 -3862.07
6 -5536.5 -6000.56 7089.84 217.857 -1089.84 -3545.2 -463.504 3545.2 -4634.48
7 -6459.25 -7000.65 8271.48 254.166 -1271.48 -4136.07 -540.755 4136.07 -5406.9
8 -7381.99 -8000.74 9453.12 290.476 -1453.12 -4726.93 -618.005 4726.93 -6179.31
9 -8304.74 -9000.83 10634.8 326.785 -1634.76 -5317.8 -695.256 5317.8 -6951.72
10 -9227.49 -10000.9 11816.4 363.095 -1816.4 -5908.66 -772.507 5908.66 -7724.14
