1 -0.00276936 -0.000132576 0.000140141 0.000217944 1.89655e-05 -8.33411e-05 -0.000231845 8.14228e-05 -8.89873e-05
2 -0.00553871 -0.000265152 0.000280281 0.000435888 3.7931e-05 -0.000166682 -0.000463689 0.000162846 -0.000177975
3 -0.00830807 -0.000397728 0.000420422 0.000653832 5.68965e-05 -0.000250023 -0.000695534 0.000244268 -0.000266962
4 -0.0110774 -0.000530304 0.000560562 0.000871776 7.5862e-05 -0.000333364 -0.000927379 0.000325691 -0.000355949
5 -0.0138468 -0.00066288 0.000700703 0.00108972 9.48276e-05 -0.000416705 -0.00115922 0.000407114 -0.000444936
6 -0.0166161 -0.000795456 0.000840843 0.00130766 0.000113793 -0.000500046 -0.00139107 0.000488537 -0.000533924
7 -0.0193855 -0.000928032 0.000980984 0.00152561 0.000132759 -0.000583387 -0.00162291 0.000569959 -0.000622911
8 -0.0221548 -0.00106061 0.00112112 0.00174355 0.000151724 -0.000666729 -0.00185476 0.000651382 -0.000711898
9 -0.0249242 -0.00119318 0.00126126 0.0019615 0.00017069 -0.00075007 -0.0020866 0.000732805 -0.000800885
10 -0.0276936 -0.00132576 0.00140141 0.00217944 0.000189655 -0.000833411 -0.00231845 0.000814228 -0.000889873
