1 922.749 36.3095 -1000.09 -922.749 -36.3095 1181.64 -36.3095 -77.2507 -181.64 36.3095 77.2507 -590.866 77.2507 -36.3095 590.866 -77.2507 36.3095 -772.414
2 1845.5 72.619 -2000.19 -1845.5 -72.619 2363.28 -72.619 -154.501 -363.28 72.619 154.501 -1181.73 154.501 -72.619 1181.73 -154.501 72.619 -1544.83
3 2768.25 108.928 -3000.28 -2768.25 -108.928 3544.92 -108.928 -231.752 -544.92 108.928 231.752 -1772.6 231.752 -108.928 1772.6 -231.752 108.928 -2317.24
4 3691 145.238 -4000.37 -3691 -145.238 4726.56 -145.238 -309.003 -726.561 145.238 309.003 -2363.47 309.003 -145.238 2363.47 -309.003 145.238 -3089.66
5 4613.75 181.547 -5000.46 -4613.75 -181.547 5908.2 -181.547 -386.253 -908.201 181.547 386.253 -2954.33 386.253 -181.547 2954.33 -386.253 181.547 -3862.07
6 5536.5 217.857 -6000.56 -5536.5 -217.857 7089.84 -217.857 -463.504 -1089.84 217.857 463.504 -3545.2 463.504 -217.857 3545.2 -463.504 217.857 -4634.48
7 6459.25 254.166 -7000.65 -6459.25 -254.166 8271.48 -254.166 -540.755 -1271.48 254.166 540.755 -4136.07 540.755 -254.166 4136.07 -540.755 254.166 -5406.9
8 7381.99 290.476 -8000.74 -7381.99 -290.476 9453.12 -290.476 -618.005 -1453.12 290.476 618.005 -4726.93 618.005 -290.476 4726.93 -618.005 290.476 -6179.31
9 8304.74 326.785 -9000.83 -8304.74 -326.785 10634.8 -326.785 -695.256 -1634.76 326.785 695.256 -5317.8 695.256 -326.785 5317.8 -695.256 326.785 -6951.72
10 9227.49 363.095 -10000.9 -9227.49 -363.095 11816.4 -363.095 -772.507 -1816.4 363.095 772.507 -5908.66 772.507 -363.095 5908.66 -772.507 363.095 -7724.14
