1 -36.3095 922.749 -1000.09 36.3095 -922.749 1181.64 -36.3095 -77.2507 -181.64 36.3095 77.2507 -590.866 -36.3095 -77.2507 590.866 36.3095 77.2507 -772.414
2 -72.619 1845.5 -2000.19 72.619 -1845.5 2363.28 -72.619 -154.501 -363.28 72.619 154.501 -1181.73 -72.619 -154.501 1181.73 72.619 154.501 -1544.83
3 -108.928 2768.25 -3000.28 108.928 -2768.25 3544.92 -108.928 -231.752 -544.92 108.928 231.752 -1772.6 -108.928 -231.752 1772.6 108.928 231.752 -2317.24
4 -145.238 3691 -4000.37 145.238 -3691 4726.56 -145.238 -309.003 -726.561 145.238 309.003 -2363.47 -145.238 -309.003 2363.47 145.238 309.003 -3089.66
5 -181.547 4613.75 -5000.46 181.547 -4613.75 5908.2 -181.547 -386.253 -908.201 181.547 386.253 -2954.33 -181.547 -386.253 2954.33 181.547 386.253 -3862.07
6 -217.857 5536.5 -6000.56 217.857 -5536.5 7089.84 -217.857 -463.504 -1089.84 217.857 463.504 -3545.2 -217.857 -463.504 3545.2 217.857 463.504 -4634.48
7 -254.166 6459.25 -7000.65 254.166 -6459.25 8271.48 -254.166 -540.755 -1271.48 254.166 540.755 -4136.07 -254.166 -540.755 4136.07 254.166 540.755 -5406.9
8 -290.476 7381.99 -8000.74 290.476 -7381.99 9453.12 -290.476 -618.005 -1453.12 290.476 618.005 -4726.93 -290.476 -618.005 4726.93 290.476 618.005 -6179.31
9 -326.785 8304.74 -9000.83 326.785 -8304.74 10634.8 -326.785 -695.256 -1634.76 326.785 695.256 -5317.8 -326.785 -695.256 5317.8 326.785 695.256 -6951.72
10 -363.095 9227.49 -10000.9 363.095 -9227.49 11816.4 -363.095 -772.507 -1816.4 363.095 772.507 -5908.66 -363.095 -772.507 5908.66 363.095 772.507 -7724.14
