1 -36.3095 922.749 -4.26326e-14 1.84741e-13 4.26326e-14 -4.26326e-14 36.3095 77.2507
2 -72.619 1845.5 -7.10543e-14 -2.84217e-13 7.10543e-14 5.68434e-14 72.619 154.501
3 -108.928 2768.25 -2.41585e-13 5.40012e-13 1.56319e-13 -2.27374e-13 108.928 231.752
4 -145.238 3691 -1.42109e-13 -5.68434e-13 1.42109e-13 1.7053e-13 145.238 309.003
5 -181.547 4613.75 2.27374e-13 9.66338e-13 5.68434e-14 -1.7053e-13 181.547 386.253
6 -217.857 5536.5 -4.83169e-13 1.08002e-12 3.12639e-13 -4.54747e-13 217.857 463.504
7 -254.166 6459.25 2.84217e-13 5.68434e-13 -4.83169e-13 -2.27374e-13 254.166 540.755
8 -290.476 7381.99 -2.84217e-13 -1.13687e-12 2.84217e-13 3.41061e-13 290.476 618.005
9 -326.785 8304.74 -1.59162e-12 -1.36424e-12 5.11591e-13 3.41061e-13 326.785 695.256
10 -363.095 9227.49 2.84217e-13 0 1.36424e-12 -3.41061e-13 363.095 772.507
