1 0 0 -0.00066288 -0.00276936 -0.000444936 -0.000231845 0 0
2 0 0 -0.00132576 -0.00553871 -0.000889873 -0.000463689 0 0
3 0 0 -0.00198864 -0.00830807 -0.00133481 -0.000695534 0 0
4 0 0 -0.00265152 -0.0110774 -0.00177975 -0.000927379 0 0
5 0 0 -0.0033144 -0.0138468 -0.00222468 -0.00115922 0 0
6 0 0 -0.00397728 -0.0166161 -0.00266962 -0.00139107 0 0
7 0 0 -0.00464016 -0.0193855 -0.00311455 -0.00162291 0 0
8 0 0 -0.00530304 -0.0221548 -0.00355949 -0.00185476 0 0
9 0 0 -0.00596592 -0.0249242 -0.00400443 -0.0020866 0 0
10 0 0 -0.0066288 -0.0276936 -0.00444936 -0.00231845 0 0
