1 5475.61 34635.9 -6352.95 -5475.61 -34635.9 -15549.5 -5179.05 68666.3 7839.57 5179.05 -68666.3 12876.6 -296.562 -2002.16 1329.14 296.562 2002.16 -142.894 5475.61 34635.9 15549.5 -5475.61 40364.1 -29870.2 296.562 8302.16 16993.6 -296.562 -2002.16 142.894
2 5475.61 34635.9 -6352.95 -5475.61 -34635.9 -15549.5 -5179.05 68666.3 7839.57 5179.05 -68666.3 12876.6 -296.562 -2002.16 1329.14 296.562 2002.16 -142.894 5475.61 34635.9 15549.5 -5475.61 40364.1 -29870.2 296.562 8302.16 16993.6 -296.562 -2002.16 142.894
3 5475.61 34635.9 -6352.95 -5475.61 -34635.9 -15549.5 -5179.05 68666.3 7839.57 5179.05 -68666.3 12876.6 -296.562 -2002.16 1329.14 296.562 2002.16 -142.894 5475.61 34635.9 15549.5 -5475.61 40364.1 -29870.2 296.562 8302.16 16993.6 -296.562 -2002.16 142.894
4 5475.61 34635.9 -6352.95 -5475.61 -34635.9 -15549.5 -5179.05 68666.3 7839.57 5179.05 -68666.3 12876.6 -296.562 -2002.16 1329.14 296.562 2002.16 -142.894 5475.61 34635.9 15549.5 -5475.61 40364.1 -29870.2 296.562 8302.16 16993.6 -296.562 -2002.16 142.894
5 5475.61 34635.9 -6352.95 -5475.61 -34635.9 -15549.5 -5179.05 68666.3 7839.57 5179.05 -68666.3 12876.6 -296.562 -2002.16 1329.14 296.562 2002.16 -142.894 5475.61 34635.9 15549.5 -5475.61 40364.1 -29870.2 296.562 8302.16 16993.6 -296.562 -2002.16 142.894
6 5475.61 34635.9 -6352.95 -5475.61 -34635.9 -15549.5 -5179.05 68666.3 7839.57 5179.05 -68666.3 12876.6 -296.562 -2002.16 1329.14 296.562 2002.16 -142.894 5475.61 34635.9 15549.5 -5475.61 40364.1 -29870.2 296.562 8302.16 16993.6 -296.562 -2002.16 142.894
7 5475.61 34635.9 -6352.95 -5475.61 -34635.9 -15549.5 -5179.05 68666.3 7839.57 5179.05 -68666.3 12876.6 -296.562 -2002.16 1329.14 296.562 2002.16 -142.894 5475.61 34635.9 15549.5 -5475.61 40364.1 -29870.2 296.562 8302.16 16993.6 -296.562 -2002.16 142.894
8 5475.61 34635.9 -6352.95 -5475.61 -34635.9 -15549.5 -5179.05 68666.3 7839.57 5179.05 -68666.3 12876.6 -296.562 -2002.16 1329.14 296.562 2002.16 -142.894 5475.61 34635.9 15549.5 -5475.61 40364.1 -29870.2 296.562 8302.16 16993.6 -296.562 -2002.16 142.894
9 5475.61 34635.9 -6352.95 -5475.61 -34635.9 -15549.5 -5179.05 68666.3 7839.57 5179.05 -68666.3 12876.6 -296.562 -2002.16 1329.14 296.562 2002.16 -142.894 5475.61 34635.9 15549.5 -5475.61 40364.1 -29870.2 296.562 8302.16 16993.6 -296.562 -2002.16 142.894
10 5475.61 34635.9 -6352.95 -5475.61 -34635.9 -15549.5 -5179.05 68666.3 7839.57 5179.05 -68666.3 12876.6 -296.562 -2002.16 1329.14 296.562 2002.16 -142.894 5475.61 34635.9 15549.5 -5475.61 40364.1 -29870.2 296.562 8302.16 16993.6 -296.562 -2002.16 142.894
11 5475.61 34635.9 -6352.95 -5475.61 -34635.9 -15549.5 -5179.05 68666.3 7839.57 5179.05 -68666.3 12876.6 -296.562 -2002.16 1329.14 296.562 2002.16 -142.894 5475.61 34635.9 15549.5 -5475.61 40364.1 -29870.2 296.562 8302.16 16993.6 -296.562 -2002.16 142.894
12 5475.61 34635.9 -6352.95 -5475.61 -34635.9 -15549.5 -5179.05 68666.3 7839.57 5179.05 -68666.3 12876.6 -296.562 -2002.16 1329.14 296.562 2002.16 -142.894 5475.61 34635.9 15549.5 -5475.61 40364.1 -29870.2 296.562 8302.16 16993.6 -296.562 -2002.16 142.894
13 5475.61 34635.9 -6352.95 -5475.61 -34635.9 -15549.5 -5179.05 68666.3 7839.57 5179.05 -68666.3 12876.6 -296.562 -2002.16 1329.14 296.562 2002.16 -142.894 5475.61 34635.9 15549.5 -5475.61 40364.1 -29870.2 296.562 8302.16 16993.6 -296.562 -2002.16 142.894
14 5475.61 34635.9 -6352.95 -5475.61 -34635.9 -15549.5 -5179.05 68666.3 7839.57 5179.05 -68666.3 12876.6 -296.562 -2002.16 1329.14 296.562 2002.16 -142.894 5475.61 34635.9 15549.5 -5475.61 40364.1 -29870.2 296.562 8302.16 16993.6 -296.562 -2002.16 142.894
15 5475.61 34635.9 -6352.95 -5475.61 -34635.9 -15549.5 -5179.05 68666.3 7839.57 5179.05 -68666.3 12876.6 -296.562 -2002.16 1329.14 296.562 2002.16 -142.894 5475.61 34635.9 15549.5 -5475.61 40364.1 -29870.2 296.562 8302.16 16993.6 -296.562 -2002.16 142.894
16 5475.61 34635.9 -6352.95 -5475.61 -34635.9 -15549.5 -5179.05 68666.3 7839.57 5179.05 -68666.3 12876.6 -296.562 -2002.16 1329.14 296.562 2002.16 -142.894 5475.61 34635.9 15549.5 -5475.61 40364.1 -29870.2 296.562 8302.16 16993.6 -296.562 -2002.16 142.894
17 5475.61 34635.9 -6352.95 -5475.61 -34635.9 -15549.5 -5179.05 68666.3 7839.57 5179.05 -68666.3 12876.6 -296.562 -2002.16 1329.14 296.562 2002.16 -142.894 5475.61 34635.9 15549.5 -5475.61 40364.1 -29870.2 296.562 8302.16 16993.6 -296.562 -2002.16 142.894
18 5475.61 34635.9 -6352.95 -5475.61 -34635.9 -15549.5 -5179.05 68666.3 7839.57 5179.05 -68666.3 12876.6 -296.562 -2002.16 1329.14 296.562 2002.16 -142.894 5475.61 34635.9 15549.5 -5475.61 40364.1 -29870.2 296.562 8302.16 16993.6 -296.562 -2002.16 142.894
19 5475.61 34635.9 -6352.95 -5475.61 -34635.9 -15549.5 -5179.05 68666.3 7839.57 5179.05 -68666.3 12876.6 -296.562 -2002.16 1329.14 296.562 2002.16 -142.894 5475.61 34635.9 15549.5 -5475.61 40364.1 -29870.2 296.562 8302.16 16993.6 -296.562 -2002.16 142.894
20 5475.61 34635.9 -6352.95 -5475.61 -34635.9 -15549.5 -5179.05 68666.3 7839.57 5179.05 -68666.3 12876.6 -296.562 -2002.16 1329.14 296.562 2002.16 -142.894 5475.61 34635.9 15549.5 -5475.61 40364.1 -29870.2 296.562 8302.16 16993.6 -296.562 -2002.16 142.894
21 5475.61 34635.9 -6352.95 -5475.61 -34635.9 -15549.5 -5179.05 68666.3 7839.57 5179.05 -68666.3 12876.6 -296.562 -2002.16 1329.14 296.562 2002.16 -142.894 5475.61 34635.9 15549.5 -5475.61 40364.1 -29870.2 296.562 8302.16 16993.6 -296.562 -2002.16 142.894
22 5475.61 34635.9 -6352.95 -5475.61 -34635.9 -15549.5 -5179.05 68666.3 7839.57 5179.05 -68666.3 12876.6 -296.562 -2002.16 1329.14 296.562 2002.16 -142.894 5475.61 34635.9 15549.5 -5475.61 40364.1 -29870.2 296.562 8302.16 16993.6 -296.562 -2002.16 142.894
23 5475.61 34635.9 -6352.95 -5475.61 -34635.9 -15549.5 -5179.05 68666.3 7839.57 5179.05 -68666.3 12876.6 -296.562 -2002.16 1329.14 296.562 2002.16 -142.894 5475.61 34635.9 15549.5 -5475.61 40364.1 -29870.2 296.562 8302.16 16993.6 -296.562 -2002.16 142.894
24 5475.61 34635.9 -6352.95 -5475.61 -34635.9 -15549.5 -5179.05 68666.3 7839.57 5179.05 -68666.3 12876.6 -296.562 -2002.16 1329.14 296.562 2002.16 -142.894 5475.61 34635.9 15549.5 -5475.61 40364.1 -29870.2 296.562 8302.16 16993.6 -296.562 -2002.16 142.894
25 5475.61 34635.9 -6352.95 -5475.61 -34635.9 -15549.5 -5179.05 68666.3 7839.57 5179.05 -68666.3 12876.6 -296.562 -2002.16 1329.14 296.562 2002.16 -142.894 5475.61 34635.9 15549.5 -5475.61 40364.1 -29870.2 296.562 8302.16 16993.6 -296.562 -2002.16 142.894
26 5475.61 34635.9 -6352.95 -5475.61 -34635.9 -15549.5 -5179.05 68666.3 7839.57 5179.05 -68666.3 12876.6 -296.562 -2002.16 1329.14 296.562 2002.16 -142.894 5475.61 34635.9 15549.5 -5475.61 40364.1 -29870.2 296.562 8302.16 16993.6 -296.562 -2002.16 142.894
27 5475.61 34635.9 -6352.95 -5475.61 -34635.9 -15549.5 -5179.05 68666.3 7839.57 5179.05 -68666.3 12876.6 -296.562 -2002.16 1329.14 296.562 2002.16 -142.894 5475.61 34635.9 15549.5 -5475.61 40364.1 -29870.2 296.562 8302.16 16993.6 -296.562 -2002.16 142.894
28 5475.61 34635.9 -6352.95 -5475.61 -34635.9 -15549.5 -5179.05 68666.3 7839.57 5179.05 -68666.3 12876.6 -296.562 -2002.16 1329.14 296.562 2002.16 -142.894 5475.61 34635.9 15549.5 -5475.61 40364.1 -29870.2 296.562 8302.16 16993.6 -296.562 -2002.16 142.894
29 5475.61 34635.9 -6352.95 -5475.61 -34635.9 -15549.5 -5179.05 68666.3 7839.57 5179.05 -68666.3 12876.6 -296.562 -2002.16 1329.14 296.562 2002.16 -142.894 5475.61 34635.9 15549.5 -5475.61 40364.1 -29870.2 296.562 8302.16 16993.6 -296.562 -2002.16 142.894
30 5475.61 34635.9 -6352.95 -5475.61 -34635.9 -15549.5 -5179.05 68666.3 7839.57 5179.05 -68666.3 12876.6 -296.562 -2002.16 1329.14 296.562 2002.16 -142.894 5475.61 34635.9 15549.5 -5475.61 40364.1 -29870.2 296.562 8302.16 16993.6 -296.562 -2002.16 142.894
31 5475.61 34635.9 -6352.95 -5475.61 -34635.9 -15549.5 -5179.05 68666.3 7839.57 5179.05 -68666.3 12876.6 -296.562 -2002.16 1329.14 296.562 2002.16 -142.894 5475.61 34635.9 15549.5 -5475.61 40364.1 -29870.2 296.562 8302.16 16993.6 -296.562 -2002.16 142.894
32 5475.61 34635.9 -6352.95 -5475.61 -34635.9 -15549.5 -5179.05 68666.3 7839.57 5179.05 -68666.3 12876.6 -296.562 -2002.16 1329.14 296.562 2002.16 -142.894 5475.61 34635.9 15549.5 -5475.61 40364.1 -29870.2 296.562 8302.16 16993.6 -296.562 -2002.16 142.894
33 5475.61 34635.9 -6352.95 -5475.61 -34635.9 -15549.5 -5179.05 68666.3 7839.57 5179.05 -68666.3 12876.6 -296.562 -2002.16 1329.14 296.562 2002.16 -142.894 5475.61 34635.9 15549.5 -5475.61 40364.1 -29870.2 296.562 8302.16 16993.6 -296.562 -2002.16 142.894
34 5475.61 34635.9 -6352.95 -5475.61 -34635.9 -15549.5 -5179.05 68666.3 7839.57 5179.05 -68666.3 12876.6 -296.562 -2002.16 1329.14 296.562 2002.16 -142.894 5475.61 34635.9 15549.5 -5475.61 40364.1 -29870.2 296.562 8302.16 16993.6 -296.562 -2002.16 142.894
35 5475.61 34635.9 -6352.95 -5475.61 -34635.9 -15549.5 -5179.05 68666.3 7839.57 5179.05 -68666.3 12876.6 -296.562 -2002.16 1329.14 296.562 2002.16 -142.894 5475.61 34635.9 15549.5 -5475.61 40364.1 -29870.2 296.562 8302.16 16993.6 -296.562 -2002.16 142.894
36 5475.61 34635.9 -6352.95 -5475.61 -34635.9 -15549.5 -5179.05 68666.3 7839.57 5179.05 -68666.3 12876.6 -296.562 -2002.16 1329.14 296.562 2002.16 -142.894 5475.61 34635.9 15549.5 -5475.61 40364.1 -29870.2 296.562 8302.16 16993.6 -296.562 -2002.16 142.894
37 5475.61 34635.9 -6352.95 -5475.61 -34635.9 -15549.5 -5179.05 68666.3 7839.57 5179.05 -68666.3 12876.6 -296.562 -2002.16 1329.14 296.562 2002.16 -142.894 5475.61 34635.9 15549.5 -5475.61 40364.1 -29870.2 296.562 8302.16 16993.6 -296.562 -2002.16 142.894
38 5475.61 34635.9 -6352.95 -5475.61 -34635.9 -15549.5 -5179.05 68666.3 7839.57 5179.05 -68666.3 12876.6 -296.562 -2002.16 1329.14 296.562 2002.16 -142.894 5475.61 34635.9 15549.5 -5475.61 40364.1 -29870.2 296.562 8302.16 16993.6 -296.562 -2002.16 142.894
39 5475.61 34635.9 -6352.95 -5475.61 -34635.9 -15549.5 -5179.05 68666.3 7839.57 5179.05 -68666.3 12876.6 -296.562 -2002.16 1329.14 296.562 2002.16 -142.894 5475.61 34635.9 15549.5 -5475.61 40364.1 -29870.2 296.562 8302.16 16993.6 -296.562 -2002.16 142.894
40 5475.61 34635.9 -6352.95 -5475.61 -34635.9 -15549.5 -5179.05 68666.3 7839.57 5179.05 -68666.3 12876.6 -296.562 -2002.16 1329.14 296.562 2002.16 -142.894 5475.61 34635.9 15549.5 -5475.61 40364.1 -29870.2 296.562 8302.16 16993.6 -296.562 -2002.16 142.894
41 5475.61 34635.9 -6352.95 -5475.61 -34635.9 -15549.5 -5179.05 68666.3 7839.57 5179.05 -68666.3 12876.6 -296.562 -2002.16 1329.14 296.562 2002.16 -142.894 5475.61 34635.9 15549.5 -5475.61 40364.1 -29870.2 296.562 8302.16 16993.6 -296.562 -2002.16 142.894
42 5475.61 34635.9 -6352.95 -5475.61 -34635.9 -15549.5 -5179.05 68666.3 7839.57 5179.05 -68666.3 12876.6 -296.562 -2002.16 1329.14 296.562 2002.16 -142.894 5475.61 34635.9 15549.5 -5475.61 40364.1 -29870.2 296.562 8302.16 16993.6 -296.562 -2002.16 142.894
43 5475.61 34635.9 -6352.95 -5475.61 -34635.9 -15549.5 -5179.05 68666.3 7839.57 5179.05 -68666.3 12876.6 -296.562 -2002.16 1329.14 296.562 2002.16 -142.894 5475.61 34635.9 15549.5 -5475.61 40364.1 -29870.2 296.562 8302.16 16993.6 -296.562 -2002.16 142.894
44 5475.61 34635.9 -6352.95 -5475.61 -34635.9 -15549.5 -5179.05 68666.3 7839.57 5179.05 -68666.3 12876.6 -296.562 -2002.16 1329.14 296.562 2002.16 -142.894 5475.61 34635.9 15549.5 -5475.61 40364.1 -29870.2 296.562 8302.16 16993.6 -296.562 -2002.16 142.894
45 5475.61 34635.9 -6352.95 -5475.61 -34635.9 -15549.5 -5179.05 68666.3 7839.57 5179.05 -68666.3 12876.6 -296.562 -2002.16 1329.14 296.562 2002.16 -142.894 5475.61 34635.9 15549.5 -5475.61 40364.1 -29870.2 296.562 8302.16 16993.6 -296.562 -2002.16 142.894
46 5475.61 34635.9 -6352.95 -5475.61 -34635.9 -15549.5 -5179.05 68666.3 7839.57 5179.05 -68666.3 12876.6 -296.562 -2002.16 1329.14 296.562 2002.16 -142.894 5475.61 34635.9 15549.5 -5475.61 40364.1 -29870.2 296.562 8302.16 16993.6 -296.562 -2002.16 142.894
47 5475.61 34635.9 -6352.95 -5475.61 -34635.9 -15549.5 -5179.05 68666.3 7839.57 5179.05 -68666.3 12876.6 -296.562 -2002.16 1329.14 296.562 2002.16 -142.894 5475.61 34635.9 15549.5 -5475.61 40364.1 -29870.2 296.562 8302.16 16993.6 -296.562 -2002.16 142.894
48 5475.61 34635.9 -6352.95 -5475.61 -34635.9 -15549.5 -5179.05 68666.3 7839.57 5179.05 -68666.3 12876.6 -296.562 -2002.16 1329.14 296.562 2002.16 -142.894 5475.61 34635.9 15549.5 -5475.61 40364.1 -29870.2 296.562 8302.16 16993.6 -296.562 -2002.16 142.894
49 5475.61 34635.9 -6352.95 -5475.61 -34635.9 -15549.5 -5179.05 68666.3 7839.57 5179.05 -68666.3 12876.6 -296.562 -2002.16 1329.14 296.562 2002.16 -142.894 5475.61 34635.9 15549.5 -5475.61 40364.1 -29870.2 296.562 8302.16 16993.6 -296.562 -2002.16 142.894
50 5475.61 34635.9 -6352.95 -5475.61 -34635.9 -15549.5 -5179.05 68666.3 7839.57 5179.05 -68666.3 12876.6 -296.562 -2002.16 1329.14 296.562 2002.16 -142.894 5475.61 34635.9 15549.5 -5475.61 40364.1 -29870.2 296.562 8302.16 16993.6 -296.562 -2002.16 142.894
51 5475.61 34635.9 -6352.95 -5475.61 -34635.9 -15549.5 -5179.05 68666.3 7839.57 5179.05 -68666.3 12876.6 -296.562 -2002.16 1329.14 296.562 2002.16 -142.894 5475.61 34635.9 15549.5 -5475.61 40364.1 -29870.2 296.562 8302.16 16993.6 -296.562 -2002.16 142.894
52 5475.61 34635.9 -6352.95 -5475.61 -34635.9 -15549.5 -5179.05 68666.3 7839.57 5179.05 -68666.3 12876.6 -296.562 -2002.16 1329.14 296.562 2002.16 -142.894 5475.61 34635.9 15549.5 -5475.61 40364.1 -29870.2 296.562 8302.16 16993.6 -296.562 -2002.16 142.894
53 5475.61 34635.9 -6352.95 -5475.61 -34635.9 -15549.5 -5179.05 68666.3 7839.57 5179.05 -68666.3 12876.6 -296.562 -2002.16 1329.14 296.562 2002.16 -142.894 5475.61 34635.9 15549.5 -5475.61 40364.1 -29870.2 296.562 8302.16 16993.6 -296.562 -2002.16 142.894
54 5475.61 34635.9 -6352.95 -5475.61 -34635.9 -15549.5 -5179.05 68666.3 7839.57 5179.05 -68666.3 12876.6 -296.562 -2002.16 1329.14 296.562 2002.16 -142.894 5475.61 34635.9 15549.5 -5475.61 40364.1 -29870.2 296.562 8302.16 16993.6 -296.562 -2002.16 142.894
55 5475.61 34635.9 -6352.95 -5475.61 -34635.9 -15549.5 -5179.05 68666.3 7839.57 5179.05 -68666.3 12876.6 -296.562 -2002.16 1329.14 296.562 2002.16 -142.894 5475.61 34635.9 15549.5 -5475.61 40364.1 -29870.2 296.562 8302.16 16993.6 -296.562 -2002.16 142.894
56 5475.61 34635.9 -6352.95 -5475.61 -34635.9 -15549.5 -5179.05 68666.3 7839.57 5179.05 -68666.3 12876.6 -296.562 -2002.16 1329.14 296.562 2002.16 -142.894 5475.61 34635.9 15549.5 -5475.61 40364.1 -29870.2 296.562 8302.16 16993.6 -296.562 -2002.16 142.894
57 5475.61 34635.9 -6352.95 -5475.61 -34635.9 -15549.5 -5179.05 68666.3 7839.57 5179.05 -68666.3 12876.6 -296.562 -2002.16 1329.14 296.562 2002.16 -142.894 5475.61 34635.9 15549.5 -5475.61 40364.1 -29870.2 296.562 8302.16 16993.6 -296.562 -2002.16 142.894
58 5475.61 34635.9 -6352.95 -5475.61 -34635.9 -15549.5 -5179.05 68666.3 7839.57 5179.05 -68666.3 12876.6 -296.562 -2002.16 1329.14 296.562 2002.16 -142.894 5475.61 34635.9 15549.5 -5475.61 40364.1 -29870.2 296.562 8302.16 16993.6 -296.562 -2002.16 142.894
59 5475.61 34635.9 -6352.95 -5475.61 -34635.9 -15549.5 -5179.05 68666.3 7839.57 5179.05 -68666.3 12876.6 -296.562 -2002.16 1329.14 296.562 2002.16 -142.894 5475.61 34635.9 15549.5 -5475.61 40364.1 -29870.2 296.562 8302.16 16993.6 -296.562 -2002.16 142.894
60 5475.61 34635.9 -6352.95 -5475.61 -34635.9 -15549.5 -5179.05 68666.3 7839.57 5179.05 -68666.3 12876.6 -296.562 -2002.16 1329.14 296.562 2002.16 -142.894 5475.61 34635.9 15549.5 -5475.61 40364.1 -29870.2 296.562 8302.16 16993.6 -296.562 -2002.16 142.894
61 5475.61 34635.9 -6352.95 -5475.61 -34635.9 -15549.5 -5179.05 68666.3 7839.57 5179.05 -68666.3 12876.6 -296.562 -2002.16 1329.14 296.562 2002.16 -142.894 5475.61 34635.9 15549.5 -5475.61 40364.1 -29870.2 296.562 8302.16 16993.6 -296.562 -2002.16 142.894
62 5475.61 34635.9 -6352.95 -5475.61 -34635.9 -15549.5 -5179.05 68666.3 7839.57 5179.05 -68666.3 12876.6 -296.562 -2002.16 1329.14 296.562 2002.16 -142.894 5475.61 34635.9 15549.5 -5475.61 40364.1 -29870.2 296.562 8302.16 16993.6 -296.562 -2002.16 142.894
63 5475.61 34635.9 -6352.95 -5475.61 -34635.9 -15549.5 -5179.05 68666.3 7839.57 5179.05 -68666.3 12876.6 -296.562 -2002.16 1329.14 296.562 2002.16 -142.894 5475.61 34635.9 15549.5 -5475.61 40364.1 -29870.2 296.562 8302.16 16993.6 -296.562 -2002.16 142.894
64 5475.61 34635.9 -6352.95 -5475.61 -34635.9 -15549.5 -5179.05 68666.3 7839.57 5179.05 -68666.3 12876.6 -296.562 -2002.16 1329.14 296.562 2002.16 -142.894 5475.61 34635.9 15549.5 -5475.61 40364.1 -29870.2 296.562 8302.16 16993.6 -296.562 -2002.16 142.894
65 5475.61 34635.9 -6352.95 -5475.61 -34635.9 -15549.5 -5179.05 68666.3 7839.57 5179.05 -68666.3 12876.6 -296.562 -2002.16 1329.14 296.562 2002.16 -142.894 5475.61 34635.9 15549.5 -5475.61 40364.1 -29870.2 296.562 8302.16 16993.6 -296.562 -2002.16 142.894
66 5475.61 34635.9 -6352.95 -5475.61 -34635.9 -15549.5 -5179.05 68666.3 7839.57 5179.05 -68666.3 12876.6 -296.562 -2002.16 1329.14 296.562 2002.16 -142.894 5475.61 34635.9 15549.5 -5475.61 40364.1 -29870.2 296.562 8302.16 16993.6 -296.562 -2002.16 142.894
67 5475.61 34635.9 -6352.95 -5475.61 -34635.9 -15549.5 -5179.05 68666.3 7839.57 5179.05 -68666.3 12876.6 -296.562 -2002.16 1329.14 296.562 2002.16 -142.894 5475.61 34635.9 15549.5 -5475.61 40364.1 -29870.2 296.562 8302.16 16993.6 -296.562 -2002.16 142.894
68 5475.61 34635.9 -6352.95 -5475.61 -34635.9 -15549.5 -5179.05 68666.3 7839.57 5179.05 -68666.3 12876.6 -296.562 -2002.16 1329.14 296.562 2002.16 -142.894 5475.61 34635.9 15549.5 -5475.61 40364.1 -29870.2 296.562 8302.16 16993.6 -296.562 -2002.16 142.894
69 5475.61 34635.9 -6352.95 -5475.61 -34635.9 -15549.5 -5179.05 68666.3 7839.57 5179.05 -68666.3 12876.6 -296.562 -2002.16 1329.14 296.562 2002.16 -142.894 5475.61 34635.9 15549.5 -5475.61 40364.1 -29870.2 296.562 8302.16 16993.6 -296.562 -2002.16 142.894
70 5475.61 34635.9 -6352.95 -5475.61 -34635.9 -15549.5 -5179.05 68666.3 7839.57 5179.05 -68666.3 12876.6 -296.562 -2002.16 1329.14 296.562 2002.16 -142.894 5475.61 34635.9 15549.5 -5475.61 40364.1 -29870.2 296.562 8302.16 16993.6 -296.562 -2002.16 142.894
71 5475.61 34635.9 -6352.95 -5475.61 -34635.9 -15549.5 -5179.05 68666.3 7839.57 5179.05 -68666.3 12876.6 -296.562 -2002.16 1329.14 296.562 2002.16 -142.894 5475.61 34635.9 15549.5 -5475.61 40364.1 -29870.2 296.562 8302.16 16993.6 -296.562 -2002.16 142.894
72 5475.61 34635.9 -6352.95 -5475.61 -34635.9 -15549.5 -5179.05 68666.3 7839.57 5179.05 -68666.3 12876.6 -296.562 -2002.16 1329.14 296.562 2002.16 -142.894 5475.61 34635.9 15549.5 -5475.61 40364.1 -29870.2 296.562 8302.16 16993.6 -296.562 -2002.16 142.894
73 5475.61 34635.9 -6352.95 -5475.61 -34635.9 -15549.5 -5179.05 68666.3 7839.57 5179.05 -68666.3 12876.6 -296.562 -2002.16 1329.14 296.562 2002.16 -142.894 5475.61 34635.9 15549.5 -5475.61 40364.1 -29870.2 296.562 8302.16 16993.6 -296.562 -2002.16 142.894
74 5475.61 34635.9 -6352.95 -5475.61 -34635.9 -15549.5 -5179.05 68666.3 7839.57 5179.05 -68666.3 12876.6 -296.562 -2002.16 1329.14 296.562 2002.16 -142.894 5475.61 34635.9 15549.5 -5475.61 40364.1 -29870.2 296.562 8302.16 16993.6 -296.562 -2002.16 142.894
75 5475.61 34635.9 -6352.95 -5475.61 -34635.9 -15549.5 -5179.05 68666.3 7839.57 5179.05 -68666.3 12876.6 -296.562 -2002.16 1329.14 296.562 2002.16 -142.894 5475.61 34635.9 15549.5 -5475.61 40364.1 -29870.2 296.562 8302.16 16993.6 -296.562 -2002.16 142.894
76 5475.61 34635.9 -6352.95 -5475.61 -34635.9 -15549.5 -5179.05 68666.3 7839.57 5179.05 -68666.3 12876.6 -296.562 -2002.16 1329.14 296.562 2002.16 -142.894 5475.61 34635.9 15549.5 -5475.61 40364.1 -29870.2 296.562 8302.16 16993.6 -296.562 -2002.16 142.894
77 5475.61 34635.9 -6352.95 -5475.61 -34635.9 -15549.5 -5179.05 68666.3 7839.57 5179.05 -68666.3 12876.6 -296.562 -2002.16 1329.14 296.562 2002.16 -142.894 5475.61 34635.9 15549.5 -5475.61 40364.1 -29870.2 296.562 8302.16 16993.6 -296.562 -2002.16 142.894
78 5475.61 34635.9 -6352.95 -5475.61 -34635.9 -15549.5 -5179.05 68666.3 7839.57 5179.05 -68666.3 12876.6 -296.562 -2002.16 1329.14 296.562 2002.16 -142.894 5475.61 34635.9 15549.5 -5475.61 40364.1 -29870.2 296.562 8302.16 16993.6 -296.562 -2002.16 142.894
79 5475.61 34635.9 -6352.95 -5475.61 -34635.9 -15549.5 -5179.05 68666.3 7839.57 5179.05 -68666.3 12876.6 -296.562 -2002.16 1329.14 296.562 2002.16 -142.894 5475.61 34635.9 15549.5 -5475.61 40364.1 -29870.2 296.562 8302.16 16993.6 -296.562 -2002.16 142.894
80 5475.61 34635.9 -6352.95 -5475.61 -34635.9 -15549.5 -5179.05 68666.3 7839.57 5179.05 -68666.3 12876.6 -296.562 -2002.16 1329.14 296.562 2002.16 -142.894 5475.61 34635.9 15549.5 -5475.61 40364.1 -29870.2 296.562 8302.16 16993.6 -296.562 -2002.16 142.894
81 5475.61 34635.9 -6352.95 -5475.61 -34635.9 -15549.5 -5179.05 68666.3 7839.57 5179.05 -68666.3 12876.6 -296.562 -2002.16 1329.14 296.562 2002.16 -142.894 5475.61 34635.9 15549.5 -5475.61 40364.1 -29870.2 296.562 8302.16 16993.6 -296.562 -2002.16 142.894
82 5475.61 34635.9 -6352.95 -5475.61 -34635.9 -15549.5 -5179.05 68666.3 7839.57 5179.05 -68666.3 12876.6 -296.562 -2002.16 1329.14 296.562 2002.16 -142.894 5475.61 34635.9 15549.5 -5475.61 40364.1 -29870.2 296.562 8302.16 16993.6 -296.562 -2002.16 142.894
83 5475.61 34635.9 -6352.95 -5475.61 -34635.9 -15549.5 -5179.05 68666.3 7839.57 5179.05 -68666.3 12876.6 -296.562 -2002.16 1329.14 296.562 2002.16 -142.894 5475.61 34635.9 15549.5 -5475.61 40364.1 -29870.2 296.562 8302.16 16993.6 -296.562 -2002.16 142.894
84 5475.61 34635.9 -6352.95 -5475.61 -34635.9 -15549.5 -5179.05 68666.3 7839.57 5179.05 -68666.3 12876.6 -296.562 -2002.16 1329.14 296.562 2002.16 -142.894 5475.61 34635.9 15549.5 -5475.61 40364.1 -29870.2 296.562 8302.16 16993.6 -296.562 -2002.16 142.894
85 5475.61 34635.9 -6352.95 -5475.61 -34635.9 -15549.5 -5179.05 68666.3 7839.57 5179.05 -68666.3 12876.6 -296.562 -2002.16 1329.14 296.562 2002.16 -142.894 5475.61 34635.9 15549.5 -5475.61 40364.1 -29870.2 296.562 8302.16 16993.6 -296.562 -2002.16 142.894
86 5475.61 34635.9 -6352.95 -5475.61 -34635.9 -15549.5 -5179.05 68666.3 7839.57 5179.05 -68666.3 12876.6 -296.562 -2002.16 1329.14 296.562 2002.16 -142.894 5475.61 34635.9 15549.5 -5475.61 40364.1 -29870.2 296.562 8302.16 16993.6 -296.562 -2002.16 142.894
87 5475.61 34635.9 -6352.95 -5475.61 -34635.9 -15549.5 -5179.05 68666.3 7839.57 5179.05 -68666.3 12876.6 -296.562 -2002.16 1329.14 296.562 2002.16 -142.894 5475.61 34635.9 15549.5 -5475.61 40364.1 -29870.2 296.562 8302.16 16993.6 -296.562 -2002.16 142.894
88 5475.61 34635.9 -6352.95 -5475.61 -34635.9 -15549.5 -5179.05 68666.3 7839.57 5179.05 -68666.3 12876.6 -296.562 -2002.16 1329.14 296.562 2002.16 -142.894 5475.61 34635.9 15549.5 -5475.61 40364.1 -29870.2 296.562 8302.16 16993.6 -296.562 -2002.16 142.894
89 5475.61 34635.9 -6352.95 -5475.61 -34635.9 -15549.5 -5179.05 68666.3 7839.57 5179.05 -68666.3 12876.6 -296.562 -2002.16 1329.14 296.562 2002.16 -142.894 5475.61 34635.9 15549.5 -5475.61 40364.1 -29870.2 296.562 8302.16 16993.6 -296.562 -2002.16 142.894
90 5475.61 34635.9 -6352.95 -5475.61 -34635.9 -15549.5 -5179.05 68666.3 7839.57 5179.05 -68666.3 12876.6 -296.562 -2002.16 1329.14 296.562 2002.16 -142.894 5475.61 34635.9 15549.5 -5475.61 40364.1 -29870.2 296.562 8302.16 16993.6 -296.562 -2002.16 142.894
91 5475.61 34635.9 -6352.95 -5475.61 -34635.9 -15549.5 -5179.05 68666.3 7839.57 5179.05 -68666.3 12876.6 -296.562 -2002.16 1329.14 296.562 2002.16 -142.894 5475.61 34635.9 15549.5 -5475.61 40364.1 -29870.2 296.562 8302.16 16993.6 -296.562 -2002.16 142.894
92 5475.61 34635.9 -6352.95 -5475.61 -34635.9 -15549.5 -5179.05 68666.3 7839.57 5179.05 -68666.3 12876.6 -296.562 -2002.16 1329.14 296.562 2002.16 -142.894 5475.61 34635.9 15549.5 -5475.61 40364.1 -29870.2 296.562 8302.16 16993.6 -296.562 -2002.16 142.894
93 5475.61 34635.9 -6352.95 -5475.61 -34635.9 -15549.5 -5179.05 68666.3 7839.57 5179.05 -68666.3 12876.6 -296.562 -2002.16 1329.14 296.562 2002.16 -142.894 5475.61 34635.9 15549.5 -5475.61 40364.1 -29870.2 296.562 8302.16 16993.6 -296.562 -2002.16 142.894
94 5475.61 34635.9 -6352.95 -5475.61 -34635.9 -15549.5 -5179.05 68666.3 7839.57 5179.05 -68666.3 12876.6 -296.562 -2002.16 1329.14 296.562 2002.16 -142.894 5475.61 34635.9 15549.5 -5475.61 40364.1 -29870.2 296.562 8302.16 16993.6 -296.562 -2002.16 142.894
95 5475.61 34635.9 -6352.95 -5475.61 -34635.9 -15549.5 -5179.05 68666.3 7839.57 5179.05 -68666.3 12876.6 -296.562 -2002.16 1329.14 296.562 2002.16 -142.894 5475.61 34635.9 15549.5 -5475.61 40364.1 -29870.2 296.562 8302.16 16993.6 -296.562 -2002.16 142.894
96 5475.61 34635.9 -6352.95 -5475.61 -34635.9 -15549.5 -5179.05 68666.3 7839.57 5179.05 -68666.3 12876.6 -296.562 -2002.16 1329.14 296.562 2002.16 -142.894 5475.61 34635.9 15549.5 -5475.61 40364.1 -29870.2 296.562 8302.16 16993.6 -296.562 -2002.16 142.894
97 5475.61 34635.9 -6352.95 -5475.61 -34635.9 -15549.5 -5179.05 68666.3 7839.57 5179.05 -68666.3 12876.6 -296.562 -2002.16 1329.14 296.562 2002.16 -142.894 5475.61 34635.9 15549.5 -5475.61 40364.1 -29870.2 296.562 8302.16 16993.6 -296.562 -2002.16 142.894
98 5475.61 34635.9 -6352.95 -5475.61 -34635.9 -15549.5 -5179.05 68666.3 7839.57 5179.05 -68666.3 12876.6 -296.562 -2002.16 1329.14 296.562 2002.16 -142.894 5475.61 34635.9 15549.5 -5475.61 40364.1 -29870.2 296.562 8302.16 16993.6 -296.562 -2002.16 142.894
99 5475.61 34635.9 -6352.95 -5475.61 -34635.9 -15549.5 -5179.05 68666.3 7839.57 5179.05 -68666.3 12876.6 -296.562 -2002.16 1329.14 296.562 2002.16 -142.894 5475.61 34635.9 15549.5 -5475.61 40364.1 -29870.2 296.562 8302.16 16993.6 -296.562 -2002.16 142.894
100 5475.61 34635.9 -6352.95 -5475.61 -34635.9 -15549.5 -5179.05 68666.3 7839.57 5179.05 -68666.3 12876.6 -296.562 -2002.16 1329.14 296.562 2002.16 -142.894 5475.61 34635.9 15549.5 -5475.61 40364.1 -29870.2 296.562 8302.16 16993.6 -296.562 -2002.16 142.894
