1 -0.000230906 0.00047393 -0.00412434 -0.000457775 0.000467085 0.00298561 1.33477e-05 0.000466863 -0.000269155 -2.73781e-05 -0.00455289 0.0025639 -8.89685e-07 0.00236149 -0.000893058
2 -0.000230906 0.00047393 -0.00412434 -0.000457775 0.000467085 0.00298561 1.33477e-05 0.000466863 -0.000269155 -2.73781e-05 -0.00455289 0.0025639 -8.89685e-07 0.00236149 -0.000893058
3 -0.000230906 0.00047393 -0.00412434 -0.000457775 0.000467085 0.00298561 1.33477e-05 0.000466863 -0.000269155 -2.73781e-05 -0.00455289 0.0025639 -8.89685e-07 0.00236149 -0.000893058
4 -0.000230906 0.00047393 -0.00412434 -0.000457775 0.000467085 0.00298561 1.33477e-05 0.000466863 -0.000269155 -2.73781e-05 -0.00455289 0.0025639 -8.89685e-07 0.00236149 -0.000893058
5 -0.000230906 0.00047393 -0.00412434 -0.000457775 0.000467085 0.00298561 1.33477e-05 0.000466863 -0.000269155 -2.73781e-05 -0.00455289 0.0025639 -8.89685e-07 0.00236149 -0.000893058
6 -0.000230906 0.00047393 -0.00412434 -0.000457775 0.000467085 0.00298561 1.33477e-05 0.000466863 -0.000269155 -2.73781e-05 -0.00455289 0.0025639 -8.89685e-07 0.00236149 -0.000893058
7 -0.000230906 0.00047393 -0.00412434 -0.000457775 0.000467085 0.00298561 1.33477e-05 0.000466863 -0.000269155 -2.73781e-05 -0.00455289 0.0025639 -8.89685e-07 0.00236149 -0.000893058
8 -0.000230906 0.00047393 -0.00412434 -0.000457775 0.000467085 0.00298561 1.33477e-05 0.000466863 -0.000269155 -2.73781e-05 -0.00455289 0.0025639 -8.89685e-07 0.00236149 -0.000893058
9 -0.000230906 0.00047393 -0.00412434 -0.000457775 0.000467085 0.00298561 1.33477e-05 0.000466863 -0.000269155 -2.73781e-05 -0.00455289 0.0025639 -8.89685e-07 0.00236149 -0.000893058
10 -0.000230906 0.00047393 -0.00412434 -0.000457775 0.000467085 0.00298561 1.33477e-05 0.000466863 -0.000269155 -2.73781e-05 -0.00455289 0.0025639 -8.89685e-07 0.00236149 -0.000893058
11 -0.000230906 0.00047393 -0.00412434 -0.000457775 0.000467085 0.00298561 1.33477e-05 0.000466863 -0.000269155 -2.73781e-05 -0.00455289 0.0025639 -8.89685e-07 0.00236149 -0.000893058
12 -0.000230906 0.00047393 -0.00412434 -0.000457775 0.000467085 0.00298561 1.33477e-05 0.000466863 -0.000269155 -2.73781e-05 -0.00455289 0.0025639 -8.89685e-07 0.00236149 -0.000893058
13 -0.000230906 0.00047393 -0.00412434 -0.000457775 0.000467085 0.00298561 1.33477e-05 0.000466863 -0.000269155 -2.73781e-05 -0.00455289 0.0025639 -8.89685e-07 0.00236149 -0.000893058
14 -0.000230906 0.00047393 -0.00412434 -0.000457775 0.000467085 0.00298561 1.33477e-05 0.000466863 -0.000269155 -2.73781e-05 -0.00455289 0.0025639 -8.89685e-07 0.00236149 -0.000893058
15 -0.000230906 0.00047393 -0.00412434 -0.000457775 0.000467085 0.00298561 1.33477e-05 0.000466863 -0.000269155 -2.73781e-05 -0.00455289 0.0025639 -8.89685e-07 0.00236149 -0.000893058
16 -0.000230906 0.00047393 -0.00412434 -0.000457775 0.000467085 0.00298561 1.33477e-05 0.000466863 -0.000269155 -2.73781e-05 -0.00455289 0.0025639 -8.89685e-07 0.00236149 -0.000893058
17 -0.000230906 0.00047393 -0.00412434 -0.000457775 0.000467085 0.00298561 1.33477e-05 0.000466863 -0.000269155 -2.73781e-05 -0.00455289 0.0025639 -8.89685e-07 0.00236149 -0.000893058
18 -0.000230906 0.00047393 -0.00412434 -0.000457775 0.000467085 0.00298561 1.33477e-05 0.000466863 -0.000269155 -2.73781e-05 -0.00455289 0.0025639 -8.89685e-07 0.00236149 -0.000893058
19 -0.000230906 0.00047393 -0.00412434 -0.000457775 0.000467085 0.00298561 1.33477e-05 0.000466863 -0.000269155 -2.73781e-05 -0.00455289 0.0025639 -8.89685e-07 0.00236149 -0.000893058
20 -0.000230906 0.00047393 -0.00412434 -0.000457775 0.000467085 0.00298561 1.33477e-05 0.000466863 -0.000269155 -2.73781e-05 -0.00455289 0.0025639 -8.89685e-07 0.00236149 -0.000893058
21 -0.000230906 0.00047393 -0.00412434 -0.000457775 0.000467085 0.00298561 1.33477e-05 0.000466863 -0.000269155 -2.73781e-05 -0.00455289 0.0025639 -8.89685e-07 0.00236149 -0.000893058
22 -0.000230906 0.00047393 -0.00412434 -0.000457775 0.000467085 0.00298561 1.33477e-05 0.000466863 -0.000269155 -2.73781e-05 -0.00455289 0.0025639 -8.89685e-07 0.00236149 -0.000893058
23 -0.000230906 0.00047393 -0.00412434 -0.000457775 0.000467085 0.00298561 1.33477e-05 0.000466863 -0.000269155 -2.73781e-05 -0.00455289 0.0025639 -8.89685e-07 0.00236149 -0.000893058
24 -0.000230906 0.00047393 -0.00412434 -0.000457775 0.000467085 0.00298561 1.33477e-05 0.000466863 -0.000269155 -2.73781e-05 -0.00455289 0.0025639 -8.89685e-07 0.00236149 -0.000893058
25 -0.000230906 0.00047393 -0.00412434 -0.000457775 0.000467085 0.00298561 1.33477e-05 0.000466863 -0.000269155 -2.73781e-05 -0.00455289 0.0025639 -8.89685e-07 0.00236149 -0.000893058
26 -0.000230906 0.00047393 -0.00412434 -0.000457775 0.000467085 0.00298561 1.33477e-05 0.000466863 -0.000269155 -2.73781e-05 -0.00455289 0.0025639 -8.89685e-07 0.00236149 -0.000893058
27 -0.000230906 0.00047393 -0.00412434 -0.000457775 0.000467085 0.00298561 1.33477e-05 0.000466863 -0.000269155 -2.73781e-05 -0.00455289 0.0025639 -8.89685e-07 0.00236149 -0.000893058
28 -0.000230906 0.00047393 -0.00412434 -0.000457775 0.000467085 0.00298561 1.33477e-05 0.000466863 -0.000269155 -2.73781e-05 -0.00455289 0.0025639 -8.89685e-07 0.00236149 -0.000893058
29 -0.000230906 0.00047393 -0.00412434 -0.000457775 0.000467085 0.00298561 1.33477e-05 0.000466863 -0.000269155 -2.73781e-05 -0.00455289 0.0025639 -8.89685e-07 0.00236149 -0.000893058
30 -0.000230906 0.00047393 -0.00412434 -0.000457775 0.000467085 0.00298561 1.33477e-05 0.000466863 -0.000269155 -2.73781e-05 -0.00455289 0.0025639 -8.89685e-07 0.00236149 -0.000893058
31 -0.000230906 0.00047393 -0.00412434 -0.000457775 0.000467085 0.00298561 1.33477e-05 0.000466863 -0.000269155 -2.73781e-05 -0.00455289 0.0025639 -8.89685e-07 0.00236149 -0.000893058
32 -0.000230906 0.00047393 -0.00412434 -0.000457775 0.000467085 0.00298561 1.33477e-05 0.000466863 -0.000269155 -2.73781e-05 -0.00455289 0.0025639 -8.89685e-07 0.00236149 -0.000893058
33 -0.000230906 0.00047393 -0.00412434 -0.000457775 0.000467085 0.00298561 1.33477e-05 0.000466863 -0.000269155 -2.73781e-05 -0.00455289 0.0025639 -8.89685e-07 0.00236149 -0.000893058
34 -0.000230906 0.00047393 -0.00412434 -0.000457775 0.000467085 0.00298561 1.33477e-05 0.000466863 -0.000269155 -2.73781e-05 -0.00455289 0.0025639 -8.89685e-07 0.00236149 -0.000893058
35 -0.000230906 0.00047393 -0.00412434 -0.000457775 0.000467085 0.00298561 1.33477e-05 0.000466863 -0.000269155 -2.73781e-05 -0.00455289 0.0025639 -8.89685e-07 0.00236149 -0.000893058
36 -0.000230906 0.00047393 -0.00412434 -0.000457775 0.000467085 0.00298561 1.33477e-05 0.000466863 -0.000269155 -2.73781e-05 -0.00455289 0.0025639 -8.89685e-07 0.00236149 -0.000893058
37 -0.000230906 0.00047393 -0.00412434 -0.000457775 0.000467085 0.00298561 1.33477e-05 0.000466863 -0.000269155 -2.73781e-05 -0.00455289 0.0025639 -8.89685e-07 0.00236149 -0.000893058
38 -0.000230906 0.00047393 -0.00412434 -0.000457775 0.000467085 0.00298561 1.33477e-05 0.000466863 -0.000269155 -2.73781e-05 -0.00455289 0.0025639 -8.89685e-07 0.00236149 -0.000893058
39 -0.000230906 0.00047393 -0.00412434 -0.000457775 0.000467085 0.00298561 1.33477e-05 0.000466863 -0.000269155 -2.73781e-05 -0.00455289 0.0025639 -8.89685e-07 0.00236149 -0.000893058
40 -0.000230906 0.00047393 -0.00412434 -0.000457775 0.000467085 0.00298561 1.33477e-05 0.000466863 -0.000269155 -2.73781e-05 -0.00455289 0.0025639 -8.89685e-07 0.00236149 -0.000893058
41 -0.000230906 0.00047393 -0.00412434 -0.000457775 0.000467085 0.00298561 1.33477e-05 0.000466863 -0.000269155 -2.73781e-05 -0.00455289 0.0025639 -8.89685e-07 0.00236149 -0.000893058
42 -0.000230906 0.00047393 -0.00412434 -0.000457775 0.000467085 0.00298561 1.33477e-05 0.000466863 -0.000269155 -2.73781e-05 -0.00455289 0.0025639 -8.89685e-07 0.00236149 -0.000893058
43 -0.000230906 0.00047393 -0.00412434 -0.000457775 0.000467085 0.00298561 1.33477e-05 0.000466863 -0.000269155 -2.73781e-05 -0.00455289 0.0025639 -8.89685e-07 0.00236149 -0.000893058
44 -0.000230906 0.00047393 -0.00412434 -0.000457775 0.000467085 0.00298561 1.33477e-05 0.000466863 -0.000269155 -2.73781e-05 -0.00455289 0.0025639 -8.89685e-07 0.00236149 -0.000893058
45 -0.000230906 0.00047393 -0.00412434 -0.000457775 0.000467085 0.00298561 1.33477e-05 0.000466863 -0.000269155 -2.73781e-05 -0.00455289 0.0025639 -8.89685e-07 0.00236149 -0.000893058
46 -0.000230906 0.00047393 -0.00412434 -0.000457775 0.000467085 0.00298561 1.33477e-05 0.000466863 -0.000269155 -2.73781e-05 -0.00455289 0.0025639 -8.89685e-07 0.00236149 -0.000893058
47 -0.000230906 0.00047393 -0.00412434 -0.000457775 0.000467085 0.00298561 1.33477e-05 0.000466863 -0.000269155 -2.73781e-05 -0.00455289 0.0025639 -8.89685e-07 0.00236149 -0.000893058
48 -0.000230906 0.00047393 -0.00412434 -0.000457775 0.000467085 0.00298561 1.33477e-05 0.000466863 -0.000269155 -2.73781e-05 -0.00455289 0.0025639 -8.89685e-07 0.00236149 -0.000893058
49 -0.000230906 0.00047393 -0.00412434 -0.000457775 0.000467085 0.00298561 1.33477e-05 0.000466863 -0.000269155 -2.73781e-05 -0.00455289 0.0025639 -8.89685e-07 0.00236149 -0.000893058
50 -0.000230906 0.00047393 -0.00412434 -0.000457775 0.000467085 0.00298561 1.33477e-05 0.000466863 -0.000269155 -2.73781e-05 -0.00455289 0.0025639 -8.89685e-07 0.00236149 -0.000893058
51 -0.000230906 0.00047393 -0.00412434 -0.000457775 0.000467085 0.00298561 1.33477e-05 0.000466863 -0.000269155 -2.73781e-05 -0.00455289 0.0025639 -8.89685e-07 0.00236149 -0.000893058
52 -0.000230906 0.00047393 -0.00412434 -0.000457775 0.000467085 0.00298561 1.33477e-05 0.000466863 -0.000269155 -2.73781e-05 -0.00455289 0.0025639 -8.89685e-07 0.00236149 -0.000893058
53 -0.000230906 0.00047393 -0.00412434 -0.000457775 0.000467085 0.00298561 1.33477e-05 0.000466863 -0.000269155 -2.73781e-05 -0.00455289 0.0025639 -8.89685e-07 0.00236149 -0.000893058
54 -0.000230906 0.00047393 -0.00412434 -0.000457775 0.000467085 0.00298561 1.33477e-05 0.000466863 -0.000269155 -2.73781e-05 -0.00455289 0.0025639 -8.89685e-07 0.00236149 -0.000893058
55 -0.000230906 0.00047393 -0.00412434 -0.000457775 0.000467085 0.00298561 1.33477e-05 0.000466863 -0.000269155 -2.73781e-05 -0.00455289 0.0025639 -8.89685e-07 0.00236149 -0.000893058
56 -0.000230906 0.00047393 -0.00412434 -0.000457775 0.000467085 0.00298561 1.33477e-05 0.000466863 -0.000269155 -2.73781e-05 -0.00455289 0.0025639 -8.89685e-07 0.00236149 -0.000893058
57 -0.000230906 0.00047393 -0.00412434 -0.000457775 0.000467085 0.00298561 1.33477e-05 0.000466863 -0.000269155 -2.73781e-05 -0.00455289 0.0025639 -8.89685e-07 0.00236149 -0.000893058
58 -0.000230906 0.00047393 -0.00412434 -0.000457775 0.000467085 0.00298561 1.33477e-05 0.000466863 -0.000269155 -2.73781e-05 -0.00455289 0.0025639 -8.89685e-07 0.00236149 -0.000893058
59 -0.000230906 0.00047393 -0.00412434 -0.000457775 0.000467085 0.00298561 1.33477e-05 0.000466863 -0.000269155 -2.73781e-05 -0.00455289 0.0025639 -8.89685e-07 0.00236149 -0.000893058
60 -0.000230906 0.00047393 -0.00412434 -0.000457775 0.000467085 0.00298561 1.33477e-05 0.000466863 -0.000269155 -2.73781e-05 -0.00455289 0.0025639 -8.89685e-07 0.00236149 -0.000893058
61 -0.000230906 0.00047393 -0.00412434 -0.000457775 0.000467085 0.00298561 1.33477e-05 0.000466863 -0.000269155 -2.73781e-05 -0.00455289 0.0025639 -8.89685e-07 0.00236149 -0.000893058
62 -0.000230906 0.00047393 -0.00412434 -0.000457775 0.000467085 0.00298561 1.33477e-05 0.000466863 -0.000269155 -2.73781e-05 -0.00455289 0.0025639 -8.89685e-07 0.00236149 -0.000893058
63 -0.000230906 0.00047393 -0.00412434 -0.000457775 0.000467085 0.00298561 1.33477e-05 0.000466863 -0.000269155 -2.73781e-05 -0.00455289 0.0025639 -8.89685e-07 0.00236149 -0.000893058
64 -0.000230906 0.00047393 -0.00412434 -0.000457775 0.000467085 0.00298561 1.33477e-05 0.000466863 -0.000269155 -2.73781e-05 -0.00455289 0.0025639 -8.89685e-07 0.00236149 -0.000893058
65 -0.000230906 0.00047393 -0.00412434 -0.000457775 0.000467085 0.00298561 1.33477e-05 0.000466863 -0.000269155 -2.73781e-05 -0.00455289 0.0025639 -8.89685e-07 0.00236149 -0.000893058
66 -0.000230906 0.00047393 -0.00412434 -0.000457775 0.000467085 0.00298561 1.33477e-05 0.000466863 -0.000269155 -2.73781e-05 -0.00455289 0.0025639 -8.89685e-07 0.00236149 -0.000893058
67 -0.000230906 0.00047393 -0.00412434 -0.000457775 0.000467085 0.00298561 1.33477e-05 0.000466863 -0.000269155 -2.73781e-05 -0.00455289 0.0025639 -8.89685e-07 0.00236149 -0.000893058
68 -0.000230906 0.00047393 -0.00412434 -0.000457775 0.000467085 0.00298561 1.33477e-05 0.000466863 -0.000269155 -2.73781e-05 -0.00455289 0.0025639 -8.89685e-07 0.00236149 -0.000893058
69 -0.000230906 0.00047393 -0.00412434 -0.000457775 0.000467085 0.00298561 1.33477e-05 0.000466863 -0.000269155 -2.73781e-05 -0.00455289 0.0025639 -8.89685e-07 0.00236149 -0.000893058
70 -0.000230906 0.00047393 -0.00412434 -0.000457775 0.000467085 0.00298561 1.33477e-05 0.000466863 -0.000269155 -2.73781e-05 -0.00455289 0.0025639 -8.89685e-07 0.00236149 -0.000893058
71 -0.000230906 0.00047393 -0.00412434 -0.000457775 0.000467085 0.00298561 1.33477e-05 0.000466863 -0.000269155 -2.73781e-05 -0.00455289 0.0025639 -8.89685e-07 0.00236149 -0.000893058
72 -0.000230906 0.00047393 -0.00412434 -0.000457775 0.000467085 0.00298561 1.33477e-05 0.000466863 -0.000269155 -2.73781e-05 -0.00455289 0.0025639 -8.89685e-07 0.00236149 -0.000893058
73 -0.000230906 0.00047393 -0.00412434 -0.000457775 0.000467085 0.00298561 1.33477e-05 0.000466863 -0.000269155 -2.73781e-05 -0.00455289 0.0025639 -8.89685e-07 0.00236149 -0.000893058
74 -0.000230906 0.00047393 -0.00412434 -0.000457775 0.000467085 0.00298561 1.33477e-05 0.000466863 -0.000269155 -2.73781e-05 -0.00455289 0.0025639 -8.89685e-07 0.00236149 -0.000893058
75 -0.000230906 0.00047393 -0.00412434 -0.000457775 0.000467085 0.00298561 1.33477e-05 0.000466863 -0.000269155 -2.73781e-05 -0.00455289 0.0025639 -8.89685e-07 0.00236149 -0.000893058
76 -0.000230906 0.00047393 -0.00412434 -0.000457775 0.000467085 0.00298561 1.33477e-05 0.000466863 -0.000269155 -2.73781e-05 -0.00455289 0.0025639 -8.89685e-07 0.00236149 -0.000893058
77 -0.000230906 0.00047393 -0.00412434 -0.000457775 0.000467085 0.00298561 1.33477e-05 0.000466863 -0.000269155 -2.73781e-05 -0.00455289 0.0025639 -8.89685e-07 0.00236149 -0.000893058
78 -0.000230906 0.00047393 -0.00412434 -0.000457775 0.000467085 0.00298561 1.33477e-05 0.000466863 -0.000269155 -2.73781e-05 -0.00455289 0.0025639 -8.89685e-07 0.00236149 -0.000893058
79 -0.000230906 0.00047393 -0.00412434 -0.000457775 0.000467085 0.00298561 1.33477e-05 0.000466863 -0.000269155 -2.73781e-05 -0.00455289 0.0025639 -8.89685e-07 0.00236149 -0.000893058
80 -0.000230906 0.00047393 -0.00412434 -0.000457775 0.000467085 0.00298561 1.33477e-05 0.000466863 -0.000269155 -2.73781e-05 -0.00455289 0.0025639 -8.89685e-07 0.00236149 -0.000893058
81 -0.000230906 0.00047393 -0.00412434 -0.000457775 0.000467085 0.00298561 1.33477e-05 0.000466863 -0.000269155 -2.73781e-05 -0.00455289 0.0025639 -8.89685e-07 0.00236149 -0.000893058
82 -0.000230906 0.00047393 -0.00412434 -0.000457775 0.000467085 0.00298561 1.33477e-05 0.000466863 -0.000269155 -2.73781e-05 -0.00455289 0.0025639 -8.89685e-07 0.00236149 -0.000893058
83 -0.000230906 0.00047393 -0.00412434 -0.000457775 0.000467085 0.00298561 1.33477e-05 0.000466863 -0.000269155 -2.73781e-05 -0.00455289 0.0025639 -8.89685e-07 0.00236149 -0.000893058
84 -0.000230906 0.00047393 -0.00412434 -0.000457775 0.000467085 0.00298561 1.33477e-05 0.000466863 -0.000269155 -2.73781e-05 -0.00455289 0.0025639 -8.89685e-07 0.00236149 -0.000893058
85 -0.000230906 0.00047393 -0.00412434 -0.000457775 0.000467085 0.00298561 1.33477e-05 0.000466863 -0.000269155 -2.73781e-05 -0.00455289 0.0025639 -8.89685e-07 0.00236149 -0.000893058
86 -0.000230906 0.00047393 -0.00412434 -0.000457775 0.000467085 0.00298561 1.33477e-05 0.000466863 -0.000269155 -2.73781e-05 -0.00455289 0.0025639 -8.89685e-07 0.00236149 -0.000893058
87 -0.000230906 0.00047393 -0.00412434 -0.000457775 0.000467085 0.00298561 1.33477e-05 0.000466863 -0.000269155 -2.73781e-05 -0.00455289 0.0025639 -8.89685e-07 0.00236149 -0.000893058
88 -0.000230906 0.00047393 -0.00412434 -0.000457775 0.000467085 0.00298561 1.33477e-05 0.000466863 -0.000269155 -2.73781e-05 -0.00455289 0.0025639 -8.89685e-07 0.00236149 -0.000893058
89 -0.000230906 0.00047393 -0.00412434 -0.000457775 0.000467085 0.00298561 1.33477e-05 0.000466863 -0.000269155 -2.73781e-05 -0.00455289 0.0025639 -8.89685e-07 0.00236149 -0.000893058
90 -0.000230906 0.00047393 -0.00412434 -0.000457775 0.000467085 0.00298561 1.33477e-05 0.000466863 -0.000269155 -2.73781e-05 -0.00455289 0.0025639 -8.89685e-07 0.00236149 -0.000893058
91 -0.000230906 0.00047393 -0.00412434 -0.000457775 0.000467085 0.00298561 1.33477e-05 0.000466863 -0.000269155 -2.73781e-05 -0.00455289 0.0025639 -8.89685e-07 0.00236149 -0.000893058
92 -0.000230906 0.00047393 -0.00412434 -0.000457775 0.000467085 0.00298561 1.33477e-05 0.000466863 -0.000269155 -2.73781e-05 -0.00455289 0.0025639 -8.89685e-07 0.00236149 -0.000893058
93 -0.000230906 0.00047393 -0.00412434 -0.000457775 0.000467085 0.00298561 1.33477e-05 0.000466863 -0.000269155 -2.73781e-05 -0.00455289 0.0025639 -8.89685e-07 0.00236149 -0.000893058
94 -0.000230906 0.00047393 -0.00412434 -0.000457775 0.000467085 0.00298561 1.33477e-05 0.000466863 -0.000269155 -2.73781e-05 -0.00455289 0.0025639 -8.89685e-07 0.00236149 -0.000893058
95 -0.000230906 0.00047393 -0.00412434 -0.000457775 0.000467085 0.00298561 1.33477e-05 0.000466863 -0.000269155 -2.73781e-05 -0.00455289 0.0025639 -8.89685e-07 0.00236149 -0.000893058
96 -0.000230906 0.00047393 -0.00412434 -0.000457775 0.000467085 0.00298561 1.33477e-05 0.000466863 -0.000269155 -2.73781e-05 -0.00455289 0.0025639 -8.89685e-07 0.00236149 -0.000893058
97 -0.000230906 0.00047393 -0.00412434 -0.000457775 0.000467085 0.00298561 1.33477e-05 0.000466863 -0.000269155 -2.73781e-05 -0.00455289 0.0025639 -8.89685e-07 0.00236149 -0.000893058
98 -0.000230906 0.00047393 -0.00412434 -0.000457775 0.000467085 0.00298561 1.33477e-05 0.000466863 -0.000269155 -2.73781e-05 -0.00455289 0.0025639 -8.89685e-07 0.00236149 -0.000893058
99 -0.000230906 0.00047393 -0.00412434 -0.000457775 0.000467085 0.00298561 1.33477e-05 0.000466863 -0.000269155 -2.73781e-05 -0.00455289 0.0025639 -8.89685e-07 0.00236149 -0.000893058
100 -0.000230906 0.00047393 -0.00412434 -0.000457775 0.000467085 0.00298561 1.33477e-05 0.000466863 -0.000269155 -2.73781e-05 -0.00455289 0.0025639 -8.89685e-07 0.00236149 -0.000893058
