1 0 0 0 0 0 0 0 0 0 0.00189572 -0.000230906 -0.00459827 0.00186834 -0.000457775 0.00251853 0.00186745 1.33477e-05 -0.000736017
2 0 0 0 0 0 0 0 0 0 0.00189572 -0.000230906 -0.00459827 0.00186834 -0.000457775 0.00251853 0.00186745 1.33477e-05 -0.000736017
3 0 0 0 0 0 0 0 0 0 0.00189572 -0.000230906 -0.00459827 0.00186834 -0.000457775 0.00251853 0.00186745 1.33477e-05 -0.000736017
4 0 0 0 0 0 0 0 0 0 0.00189572 -0.000230906 -0.00459827 0.00186834 -0.000457775 0.00251853 0.00186745 1.33477e-05 -0.000736017
5 0 0 0 0 0 0 0 0 0 0.00189572 -0.000230906 -0.00459827 0.00186834 -0.000457775 0.00251853 0.00186745 1.33477e-05 -0.000736017
6 0 0 0 0 0 0 0 0 0 0.00189572 -0.000230906 -0.00459827 0.00186834 -0.000457775 0.00251853 0.00186745 1.33477e-05 -0.000736017
7 0 0 0 0 0 0 0 0 0 0.00189572 -0.000230906 -0.00459827 0.00186834 -0.000457775 0.00251853 0.00186745 1.33477e-05 -0.000736017
8 0 0 0 0 0 0 0 0 0 0.00189572 -0.000230906 -0.00459827 0.00186834 -0.000457775 0.00251853 0.00186745 1.33477e-05 -0.000736017
9 0 0 0 0 0 0 0 0 0 0.00189572 -0.000230906 -0.00459827 0.00186834 -0.000457775 0.00251853 0.00186745 1.33477e-05 -0.000736017
10 0 0 0 0 0 0 0 0 0 0.00189572 -0.000230906 -0.00459827 0.00186834 -0.000457775 0.00251853 0.00186745 1.33477e-05 -0.000736017
11 0 0 0 0 0 0 0 0 0 0.00189572 -0.000230906 -0.00459827 0.00186834 -0.000457775 0.00251853 0.00186745 1.33477e-05 -0.000736017
12 0 0 0 0 0 0 0 0 0 0.00189572 -0.000230906 -0.00459827 0.00186834 -0.000457775 0.00251853 0.00186745 1.33477e-05 -0.000736017
13 0 0 0 0 0 0 0 0 0 0.00189572 -0.000230906 -0.00459827 0.00186834 -0.000457775 0.00251853 0.00186745 1.33477e-05 -0.000736017
14 0 0 0 0 0 0 0 0 0 0.00189572 -0.000230906 -0.00459827 0.00186834 -0.000457775 0.00251853 0.00186745 1.33477e-05 -0.000736017
15 0 0 0 0 0 0 0 0 0 0.00189572 -0.000230906 -0.00459827 0.00186834 -0.000457775 0.00251853 0.00186745 1.33477e-05 -0.000736017
16 0 0 0 0 0 0 0 0 0 0.00189572 -0.000230906 -0.00459827 0.00186834 -0.000457775 0.00251853 0.00186745 1.33477e-05 -0.000736017
17 0 0 0 0 0 0 0 0 0 0.00189572 -0.000230906 -0.00459827 0.00186834 -0.000457775 0.00251853 0.00186745 1.33477e-05 -0.000736017
18 0 0 0 0 0 0 0 0 0 0.00189572 -0.000230906 -0.00459827 0.00186834 -0.000457775 0.00251853 0.00186745 1.33477e-05 -0.000736017
19 0 0 0 0 0 0 0 0 0 0.00189572 -0.000230906 -0.00459827 0.00186834 -0.000457775 0.00251853 0.00186745 1.33477e-05 -0.000736017
20 0 0 0 0 0 0 0 0 0 0.00189572 -0.000230906 -0.00459827 0.00186834 -0.000457775 0.00251853 0.00186745 1.33477e-05 -0.000736017
21 0 0 0 0 0 0 0 0 0 0.00189572 -0.000230906 -0.00459827 0.00186834 -0.000457775 0.00251853 0.00186745 1.33477e-05 -0.000736017
22 0 0 0 0 0 0 0 0 0 0.00189572 -0.000230906 -0.00459827 0.00186834 -0.000457775 0.00251853 0.00186745 1.33477e-05 -0.000736017
23 0 0 0 0 0 0 0 0 0 0.00189572 -0.000230906 -0.00459827 0.00186834 -0.000457775 0.00251853 0.00186745 1.33477e-05 -0.000736017
24 0 0 0 0 0 0 0 0 0 0.00189572 -0.000230906 -0.00459827 0.00186834 -0.000457775 0.00251853 0.00186745 1.33477e-05 -0.000736017
25 0 0 0 0 0 0 0 0 0 0.00189572 -0.000230906 -0.00459827 0.00186834 -0.000457775 0.00251853 0.00186745 1.33477e-05 -0.000736017
26 0 0 0 0 0 0 0 0 0 0.00189572 -0.000230906 -0.00459827 0.00186834 -0.000457775 0.00251853 0.00186745 1.33477e-05 -0.000736017
27 0 0 0 0 0 0 0 0 0 0.00189572 -0.000230906 -0.00459827 0.00186834 -0.000457775 0.00251853 0.00186745 1.33477e-05 -0.000736017
28 0 0 0 0 0 0 0 0 0 0.00189572 -0.000230906 -0.00459827 0.00186834 -0.000457775 0.00251853 0.00186745 1.33477e-05 -0.000736017
29 0 0 0 0 0 0 0 0 0 0.00189572 -0.000230906 -0.00459827 0.00186834 -0.000457775 0.00251853 0.00186745 1.33477e-05 -0.000736017
30 0 0 0 0 0 0 0 0 0 0.00189572 -0.000230906 -0.00459827 0.00186834 -0.000457775 0.00251853 0.00186745 1.33477e-05 -0.000736017
31 0 0 0 0 0 0 0 0 0 0.00189572 -0.000230906 -0.00459827 0.00186834 -0.000457775 0.00251853 0.00186745 1.33477e-05 -0.000736017
32 0 0 0 0 0 0 0 0 0 0.00189572 -0.000230906 -0.00459827 0.00186834 -0.000457775 0.00251853 0.00186745 1.33477e-05 -0.000736017
33 0 0 0 0 0 0 0 0 0 0.00189572 -0.000230906 -0.00459827 0.00186834 -0.000457775 0.00251853 0.00186745 1.33477e-05 -0.000736017
34 0 0 0 0 0 0 0 0 0 0.00189572 -0.000230906 -0.00459827 0.00186834 -0.000457775 0.00251853 0.00186745 1.33477e-05 -0.000736017
35 0 0 0 0 0 0 0 0 0 0.00189572 -0.000230906 -0.00459827 0.00186834 -0.000457775 0.00251853 0.00186745 1.33477e-05 -0.000736017
36 0 0 0 0 0 0 0 0 0 0.00189572 -0.000230906 -0.00459827 0.00186834 -0.000457775 0.00251853 0.00186745 1.33477e-05 -0.000736017
37 0 0 0 0 0 0 0 0 0 0.00189572 -0.000230906 -0.00459827 0.00186834 -0.000457775 0.00251853 0.00186745 1.33477e-05 -0.000736017
38 0 0 0 0 0 0 0 0 0 0.00189572 -0.000230906 -0.00459827 0.00186834 -0.000457775 0.00251853 0.00186745 1.33477e-05 -0.000736017
39 0 0 0 0 0 0 0 0 0 0.00189572 -0.000230906 -0.00459827 0.00186834 -0.000457775 0.00251853 0.00186745 1.33477e-05 -0.000736017
40 0 0 0 0 0 0 0 0 0 0.00189572 -0.000230906 -0.00459827 0.00186834 -0.000457775 0.00251853 0.00186745 1.33477e-05 -0.000736017
41 0 0 0 0 0 0 0 0 0 0.00189572 -0.000230906 -0.00459827 0.00186834 -0.000457775 0.00251853 0.00186745 1.33477e-05 -0.000736017
42 0 0 0 0 0 0 0 0 0 0.00189572 -0.000230906 -0.00459827 0.00186834 -0.000457775 0.00251853 0.00186745 1.33477e-05 -0.000736017
43 0 0 0 0 0 0 0 0 0 0.00189572 -0.000230906 -0.00459827 0.00186834 -0.000457775 0.00251853 0.00186745 1.33477e-05 -0.000736017
44 0 0 0 0 0 0 0 0 0 0.00189572 -0.000230906 -0.00459827 0.00186834 -0.000457775 0.00251853 0.00186745 1.33477e-05 -0.000736017
45 0 0 0 0 0 0 0 0 0 0.00189572 -0.000230906 -0.00459827 0.00186834 -0.000457775 0.00251853 0.00186745 1.33477e-05 -0.000736017
46 0 0 0 0 0 0 0 0 0 0.00189572 -0.000230906 -0.00459827 0.00186834 -0.000457775 0.00251853 0.00186745 1.33477e-05 -0.000736017
47 0 0 0 0 0 0 0 0 0 0.00189572 -0.000230906 -0.00459827 0.00186834 -0.000457775 0.00251853 0.00186745 1.33477e-05 -0.000736017
48 0 0 0 0 0 0 0 0 0 0.00189572 -0.000230906 -0.00459827 0.00186834 -0.000457775 0.00251853 0.00186745 1.33477e-05 -0.000736017
49 0 0 0 0 0 0 0 0 0 0.00189572 -0.000230906 -0.00459827 0.00186834 -0.000457775 0.00251853 0.00186745 1.33477e-05 -0.000736017
50 0 0 0 0 0 0 0 0 0 0.00189572 -0.000230906 -0.00459827 0.00186834 -0.000457775 0.00251853 0.00186745 1.33477e-05 -0.000736017
51 0 0 0 0 0 0 0 0 0 0.00189572 -0.000230906 -0.00459827 0.00186834 -0.000457775 0.00251853 0.00186745 1.33477e-05 -0.000736017
52 0 0 0 0 0 0 0 0 0 0.00189572 -0.000230906 -0.00459827 0.00186834 -0.000457775 0.00251853 0.00186745 1.33477e-05 -0.000736017
53 0 0 0 0 0 0 0 0 0 0.00189572 -0.000230906 -0.00459827 0.00186834 -0.000457775 0.00251853 0.00186745 1.33477e-05 -0.000736017
54 0 0 0 0 0 0 0 0 0 0.00189572 -0.000230906 -0.00459827 0.00186834 -0.000457775 0.00251853 0.00186745 1.33477e-05 -0.000736017
55 0 0 0 0 0 0 0 0 0 0.00189572 -0.000230906 -0.00459827 0.00186834 -0.000457775 0.00251853 0.00186745 1.33477e-05 -0.000736017
56 0 0 0 0 0 0 0 0 0 0.00189572 -0.000230906 -0.00459827 0.00186834 -0.000457775 0.00251853 0.00186745 1.33477e-05 -0.000736017
57 0 0 0 0 0 0 0 0 0 0.00189572 -0.000230906 -0.00459827 0.00186834 -0.000457775 0.00251853 0.00186745 1.33477e-05 -0.000736017
58 0 0 0 0 0 0 0 0 0 0.00189572 -0.000230906 -0.00459827 0.00186834 -0.000457775 0.00251853 0.00186745 1.33477e-05 -0.000736017
59 0 0 0 0 0 0 0 0 0 0.00189572 -0.000230906 -0.00459827 0.00186834 -0.000457775 0.00251853 0.00186745 1.33477e-05 -0.000736017
60 0 0 0 0 0 0 0 0 0 0.00189572 -0.000230906 -0.00459827 0.00186834 -0.000457775 0.00251853 0.00186745 1.33477e-05 -0.000736017
61 0 0 0 0 0 0 0 0 0 0.00189572 -0.000230906 -0.00459827 0.00186834 -0.000457775 0.00251853 0.00186745 1.33477e-05 -0.000736017
62 0 0 0 0 0 0 0 0 0 0.00189572 -0.000230906 -0.00459827 0.00186834 -0.000457775 0.00251853 0.00186745 1.33477e-05 -0.000736017
63 0 0 0 0 0 0 0 0 0 0.00189572 -0.000230906 -0.00459827 0.00186834 -0.000457775 0.00251853 0.00186745 1.33477e-05 -0.000736017
64 0 0 0 0 0 0 0 0 0 0.00189572 -0.000230906 -0.00459827 0.00186834 -0.000457775 0.00251853 0.00186745 1.33477e-05 -0.000736017
65 0 0 0 0 0 0 0 0 0 0.00189572 -0.000230906 -0.00459827 0.00186834 -0.000457775 0.00251853 0.00186745 1.33477e-05 -0.000736017
66 0 0 0 0 0 0 0 0 0 0.00189572 -0.000230906 -0.00459827 0.00186834 -0.000457775 0.00251853 0.00186745 1.33477e-05 -0.000736017
67 0 0 0 0 0 0 0 0 0 0.00189572 -0.000230906 -0.00459827 0.00186834 -0.000457775 0.00251853 0.00186745 1.33477e-05 -0.000736017
68 0 0 0 0 0 0 0 0 0 0.00189572 -0.000230906 -0.00459827 0.00186834 -0.000457775 0.00251853 0.00186745 1.33477e-05 -0.000736017
69 0 0 0 0 0 0 0 0 0 0.00189572 -0.000230906 -0.00459827 0.00186834 -0.000457775 0.00251853 0.00186745 1.33477e-05 -0.000736017
70 0 0 0 0 0 0 0 0 0 0.00189572 -0.000230906 -0.00459827 0.00186834 -0.000457775 0.00251853 0.00186745 1.33477e-05 -0.000736017
71 0 0 0 0 0 0 0 0 0 0.00189572 -0.000230906 -0.00459827 0.00186834 -0.000457775 0.00251853 0.00186745 1.33477e-05 -0.000736017
72 0 0 0 0 0 0 0 0 0 0.00189572 -0.000230906 -0.00459827 0.00186834 -0.000457775 0.00251853 0.00186745 1.33477e-05 -0.000736017
73 0 0 0 0 0 0 0 0 0 0.00189572 -0.000230906 -0.00459827 0.00186834 -0.000457775 0.00251853 0.00186745 1.33477e-05 -0.000736017
74 0 0 0 0 0 0 0 0 0 0.00189572 -0.000230906 -0.00459827 0.00186834 -0.000457775 0.00251853 0.00186745 1.33477e-05 -0.000736017
75 0 0 0 0 0 0 0 0 0 0.00189572 -0.000230906 -0.00459827 0.00186834 -0.000457775 0.00251853 0.00186745 1.33477e-05 -0.000736017
76 0 0 0 0 0 0 0 0 0 0.00189572 -0.000230906 -0.00459827 0.00186834 -0.000457775 0.00251853 0.00186745 1.33477e-05 -0.000736017
77 0 0 0 0 0 0 0 0 0 0.00189572 -0.000230906 -0.00459827 0.00186834 -0.000457775 0.00251853 0.00186745 1.33477e-05 -0.000736017
78 0 0 0 0 0 0 0 0 0 0.00189572 -0.000230906 -0.00459827 0.00186834 -0.000457775 0.00251853 0.00186745 1.33477e-05 -0.000736017
79 0 0 0 0 0 0 0 0 0 0.00189572 -0.000230906 -0.00459827 0.00186834 -0.000457775 0.00251853 0.00186745 1.33477e-05 -0.000736017
80 0 0 0 0 0 0 0 0 0 0.00189572 -0.000230906 -0.00459827 0.00186834 -0.000457775 0.00251853 0.00186745 1.33477e-05 -0.000736017
81 0 0 0 0 0 0 0 0 0 0.00189572 -0.000230906 -0.00459827 0.00186834 -0.000457775 0.00251853 0.00186745 1.33477e-05 -0.000736017
82 0 0 0 0 0 0 0 0 0 0.00189572 -0.000230906 -0.00459827 0.00186834 -0.000457775 0.00251853 0.00186745 1.33477e-05 -0.000736017
83 0 0 0 0 0 0 0 0 0 0.00189572 -0.000230906 -0.00459827 0.00186834 -0.000457775 0.00251853 0.00186745 1.33477e-05 -0.000736017
84 0 0 0 0 0 0 0 0 0 0.00189572 -0.000230906 -0.00459827 0.00186834 -0.000457775 0.00251853 0.00186745 1.33477e-05 -0.000736017
85 0 0 0 0 0 0 0 0 0 0.00189572 -0.000230906 -0.00459827 0.00186834 -0.000457775 0.00251853 0.00186745 1.33477e-05 -0.000736017
86 0 0 0 0 0 0 0 0 0 0.00189572 -0.000230906 -0.00459827 0.00186834 -0.000457775 0.00251853 0.00186745 1.33477e-05 -0.000736017
87 0 0 0 0 0 0 0 0 0 0.00189572 -0.000230906 -0.00459827 0.00186834 -0.000457775 0.00251853 0.00186745 1.33477e-05 -0.000736017
88 0 0 0 0 0 0 0 0 0 0.00189572 -0.000230906 -0.00459827 0.00186834 -0.000457775 0.00251853 0.00186745 1.33477e-05 -0.000736017
89 0 0 0 0 0 0 0 0 0 0.00189572 -0.000230906 -0.00459827 0.00186834 -0.000457775 0.00251853 0.00186745 1.33477e-05 -0.000736017
90 0 0 0 0 0 0 0 0 0 0.00189572 -0.000230906 -0.00459827 0.00186834 -0.000457775 0.00251853 0.00186745 1.33477e-05 -0.000736017
91 0 0 0 0 0 0 0 0 0 0.00189572 -0.000230906 -0.00459827 0.00186834 -0.000457775 0.00251853 0.00186745 1.33477e-05 -0.000736017
92 0 0 0 0 0 0 0 0 0 0.00189572 -0.000230906 -0.00459827 0.00186834 -0.000457775 0.00251853 0.00186745 1.33477e-05 -0.000736017
93 0 0 0 0 0 0 0 0 0 0.00189572 -0.000230906 -0.00459827 0.00186834 -0.000457775 0.00251853 0.00186745 1.33477e-05 -0.000736017
94 0 0 0 0 0 0 0 0 0 0.00189572 -0.000230906 -0.00459827 0.00186834 -0.000457775 0.00251853 0.00186745 1.33477e-05 -0.000736017
95 0 0 0 0 0 0 0 0 0 0.00189572 -0.000230906 -0.00459827 0.00186834 -0.000457775 0.00251853 0.00186745 1.33477e-05 -0.000736017
96 0 0 0 0 0 0 0 0 0 0.00189572 -0.000230906 -0.00459827 0.00186834 -0.000457775 0.00251853 0.00186745 1.33477e-05 -0.000736017
97 0 0 0 0 0 0 0 0 0 0.00189572 -0.000230906 -0.00459827 0.00186834 -0.000457775 0.00251853 0.00186745 1.33477e-05 -0.000736017
98 0 0 0 0 0 0 0 0 0 0.00189572 -0.000230906 -0.00459827 0.00186834 -0.000457775 0.00251853 0.00186745 1.33477e-05 -0.000736017
99 0 0 0 0 0 0 0 0 0 0.00189572 -0.000230906 -0.00459827 0.00186834 -0.000457775 0.00251853 0.00186745 1.33477e-05 -0.000736017
100 0 0 0 0 0 0 0 0 0 0.00189572 -0.000230906 -0.00459827 0.00186834 -0.000457775 0.00251853 0.00186745 1.33477e-05 -0.000736017
