1 -0.0003125 -0.000104167 0.000104167 0 0 -0.000133333 -6.66667e-05 0.000341667 0.000170833
2 -0.0003125 -0.000104167 0.000104167 0 0 -0.000133333 -6.66667e-05 0.000341667 0.000170833
3 -0.0003125 -0.000104167 0.000104167 0 0 -0.000133333 -6.66667e-05 0.000341667 0.000170833
4 -0.0003125 -0.000104167 0.000104167 0 0 -0.000133333 -6.66667e-05 0.000341667 0.000170833
5 -0.0003125 -0.000104167 0.000104167 0 0 -0.000133333 -6.66667e-05 0.000341667 0.000170833
6 -0.0003125 -0.000104167 0.000104167 0 0 -0.000133333 -6.66667e-05 0.000341667 0.000170833
7 -0.0003125 -0.000104167 0.000104167 0 0 -0.000133333 -6.66667e-05 0.000341667 0.000170833
8 -0.0003125 -0.000104167 0.000104167 0 0 -0.000133333 -6.66667e-05 0.000341667 0.000170833
9 -0.0003125 -0.000104167 0.000104167 0 0 -0.000133333 -6.66667e-05 0.000341667 0.000170833
10 -0.0003125 -0.000104167 0.000104167 0 0 -0.000133333 -6.66667e-05 0.000341667 0.000170833
11 -0.0003125 -0.000104167 0.000104167 0 0 -0.000133333 -6.66667e-05 0.000341667 0.000170833
12 -0.0003125 -0.000104167 0.000104167 0 0 -0.000133333 -6.66667e-05 0.000341667 0.000170833
13 -0.0003125 -0.000104167 0.000104167 0 0 -0.000133333 -6.66667e-05 0.000341667 0.000170833
14 -0.0003125 -0.000104167 0.000104167 0 0 -0.000133333 -6.66667e-05 0.000341667 0.000170833
15 -0.0003125 -0.000104167 0.000104167 0 0 -0.000133333 -6.66667e-05 0.000341667 0.000170833
16 -0.0003125 -0.000104167 0.000104167 0 0 -0.000133333 -6.66667e-05 0.000341667 0.000170833
17 -0.0003125 -0.000104167 0.000104167 0 0 -0.000133333 -6.66667e-05 0.000341667 0.000170833
18 -0.0003125 -0.000104167 0.000104167 0 0 -0.000133333 -6.66667e-05 0.000341667 0.000170833
19 -0.0003125 -0.000104167 0.000104167 0 0 -0.000133333 -6.66667e-05 0.000341667 0.000170833
20 -0.0003125 -0.000104167 0.000104167 0 0 -0.000133333 -6.66667e-05 0.000341667 0.000170833
21 -0.0003125 -0.000104167 0.000104167 0 0 -0.000133333 -6.66667e-05 0.000341667 0.000170833
22 -0.0003125 -0.000104167 0.000104167 0 0 -0.000133333 -6.66667e-05 0.000341667 0.000170833
23 -0.0003125 -0.000104167 0.000104167 0 0 -0.000133333 -6.66667e-05 0.000341667 0.000170833
24 -0.0003125 -0.000104167 0.000104167 0 0 -0.000133333 -6.66667e-05 0.000341667 0.000170833
25 -0.0003125 -0.000104167 0.000104167 0 0 -0.000133333 -6.66667e-05 0.000341667 0.000170833
26 -0.0003125 -0.000104167 0.000104167 0 0 -0.000133333 -6.66667e-05 0.000341667 0.000170833
27 -0.0003125 -0.000104167 0.000104167 0 0 -0.000133333 -6.66667e-05 0.000341667 0.000170833
28 -0.0003125 -0.000104167 0.000104167 0 0 -0.000133333 -6.66667e-05 0.000341667 0.000170833
29 -0.0003125 -0.000104167 0.000104167 0 0 -0.000133333 -6.66667e-05 0.000341667 0.000170833
30 -0.0003125 -0.000104167 0.000104167 0 0 -0.000133333 -6.66667e-05 0.000341667 0.000170833
31 -0.0003125 -0.000104167 0.000104167 0 0 -0.000133333 -6.66667e-05 0.000341667 0.000170833
32 -0.0003125 -0.000104167 0.000104167 0 0 -0.000133333 -6.66667e-05 0.000341667 0.000170833
33 -0.0003125 -0.000104167 0.000104167 0 0 -0.000133333 -6.66667e-05 0.000341667 0.000170833
34 -0.0003125 -0.000104167 0.000104167 0 0 -0.000133333 -6.66667e-05 0.000341667 0.000170833
35 -0.0003125 -0.000104167 0.000104167 0 0 -0.000133333 -6.66667e-05 0.000341667 0.000170833
36 -0.0003125 -0.000104167 0.000104167 0 0 -0.000133333 -6.66667e-05 0.000341667 0.000170833
37 -0.0003125 -0.000104167 0.000104167 0 0 -0.000133333 -6.66667e-05 0.000341667 0.000170833
38 -0.0003125 -0.000104167 0.000104167 0 0 -0.000133333 -6.66667e-05 0.000341667 0.000170833
39 -0.0003125 -0.000104167 0.000104167 0 0 -0.000133333 -6.66667e-05 0.000341667 0.000170833
40 -0.0003125 -0.000104167 0.000104167 0 0 -0.000133333 -6.66667e-05 0.000341667 0.000170833
41 -0.0003125 -0.000104167 0.000104167 0 0 -0.000133333 -6.66667e-05 0.000341667 0.000170833
42 -0.0003125 -0.000104167 0.000104167 0 0 -0.000133333 -6.66667e-05 0.000341667 0.000170833
43 -0.0003125 -0.000104167 0.000104167 0 0 -0.000133333 -6.66667e-05 0.000341667 0.000170833
44 -0.0003125 -0.000104167 0.000104167 0 0 -0.000133333 -6.66667e-05 0.000341667 0.000170833
45 -0.0003125 -0.000104167 0.000104167 0 0 -0.000133333 -6.66667e-05 0.000341667 0.000170833
46 -0.0003125 -0.000104167 0.000104167 0 0 -0.000133333 -6.66667e-05 0.000341667 0.000170833
47 -0.0003125 -0.000104167 0.000104167 0 0 -0.000133333 -6.66667e-05 0.000341667 0.000170833
48 -0.0003125 -0.000104167 0.000104167 0 0 -0.000133333 -6.66667e-05 0.000341667 0.000170833
49 -0.0003125 -0.000104167 0.000104167 0 0 -0.000133333 -6.66667e-05 0.000341667 0.000170833
50 -0.0003125 -0.000104167 0.000104167 0 0 -0.000133333 -6.66667e-05 0.000341667 0.000170833
51 -0.0003125 -0.000104167 0.000104167 0 0 -0.000133333 -6.66667e-05 0.000341667 0.000170833
52 -0.0003125 -0.000104167 0.000104167 0 0 -0.000133333 -6.66667e-05 0.000341667 0.000170833
53 -0.0003125 -0.000104167 0.000104167 0 0 -0.000133333 -6.66667e-05 0.000341667 0.000170833
54 -0.0003125 -0.000104167 0.000104167 0 0 -0.000133333 -6.66667e-05 0.000341667 0.000170833
55 -0.0003125 -0.000104167 0.000104167 0 0 -0.000133333 -6.66667e-05 0.000341667 0.000170833
56 -0.0003125 -0.000104167 0.000104167 0 0 -0.000133333 -6.66667e-05 0.000341667 0.000170833
57 -0.0003125 -0.000104167 0.000104167 0 0 -0.000133333 -6.66667e-05 0.000341667 0.000170833
58 -0.0003125 -0.000104167 0.000104167 0 0 -0.000133333 -6.66667e-05 0.000341667 0.000170833
59 -0.0003125 -0.000104167 0.000104167 0 0 -0.000133333 -6.66667e-05 0.000341667 0.000170833
60 -0.0003125 -0.000104167 0.000104167 0 0 -0.000133333 -6.66667e-05 0.000341667 0.000170833
61 -0.0003125 -0.000104167 0.000104167 0 0 -0.000133333 -6.66667e-05 0.000341667 0.000170833
62 -0.0003125 -0.000104167 0.000104167 0 0 -0.000133333 -6.66667e-05 0.000341667 0.000170833
63 -0.0003125 -0.000104167 0.000104167 0 0 -0.000133333 -6.66667e-05 0.000341667 0.000170833
64 -0.0003125 -0.000104167 0.000104167 0 0 -0.000133333 -6.66667e-05 0.000341667 0.000170833
65 -0.0003125 -0.000104167 0.000104167 0 0 -0.000133333 -6.66667e-05 0.000341667 0.000170833
66 -0.0003125 -0.000104167 0.000104167 0 0 -0.000133333 -6.66667e-05 0.000341667 0.000170833
67 -0.0003125 -0.000104167 0.000104167 0 0 -0.000133333 -6.66667e-05 0.000341667 0.000170833
68 -0.0003125 -0.000104167 0.000104167 0 0 -0.000133333 -6.66667e-05 0.000341667 0.000170833
69 -0.0003125 -0.000104167 0.000104167 0 0 -0.000133333 -6.66667e-05 0.000341667 0.000170833
70 -0.0003125 -0.000104167 0.000104167 0 0 -0.000133333 -6.66667e-05 0.000341667 0.000170833
71 -0.0003125 -0.000104167 0.000104167 0 0 -0.000133333 -6.66667e-05 0.000341667 0.000170833
72 -0.0003125 -0.000104167 0.000104167 0 0 -0.000133333 -6.66667e-05 0.000341667 0.000170833
73 -0.0003125 -0.000104167 0.000104167 0 0 -0.000133333 -6.66667e-05 0.000341667 0.000170833
74 -0.0003125 -0.000104167 0.000104167 0 0 -0.000133333 -6.66667e-05 0.000341667 0.000170833
75 -0.0003125 -0.000104167 0.000104167 0 0 -0.000133333 -6.66667e-05 0.000341667 0.000170833
76 -0.0003125 -0.000104167 0.000104167 0 0 -0.000133333 -6.66667e-05 0.000341667 0.000170833
77 -0.0003125 -0.000104167 0.000104167 0 0 -0.000133333 -6.66667e-05 0.000341667 0.000170833
78 -0.0003125 -0.000104167 0.000104167 0 0 -0.000133333 -6.66667e-05 0.000341667 0.000170833
79 -0.0003125 -0.000104167 0.000104167 0 0 -0.000133333 -6.66667e-05 0.000341667 0.000170833
80 -0.0003125 -0.000104167 0.000104167 0 0 -0.000133333 -6.66667e-05 0.000341667 0.000170833
81 -0.0003125 -0.000104167 0.000104167 0 0 -0.000133333 -6.66667e-05 0.000341667 0.000170833
82 -0.0003125 -0.000104167 0.000104167 0 0 -0.000133333 -6.66667e-05 0.000341667 0.000170833
83 -0.0003125 -0.000104167 0.000104167 0 0 -0.000133333 -6.66667e-05 0.000341667 0.000170833
84 -0.0003125 -0.000104167 0.000104167 0 0 -0.000133333 -6.66667e-05 0.000341667 0.000170833
85 -0.0003125 -0.000104167 0.000104167 0 0 -0.000133333 -6.66667e-05 0.000341667 0.000170833
86 -0.0003125 -0.000104167 0.000104167 0 0 -0.000133333 -6.66667e-05 0.000341667 0.000170833
87 -0.0003125 -0.000104167 0.000104167 0 0 -0.000133333 -6.66667e-05 0.000341667 0.000170833
88 -0.0003125 -0.000104167 0.000104167 0 0 -0.000133333 -6.66667e-05 0.000341667 0.000170833
89 -0.0003125 -0.000104167 0.000104167 0 0 -0.000133333 -6.66667e-05 0.000341667 0.000170833
90 -0.0003125 -0.000104167 0.000104167 0 0 -0.000133333 -6.66667e-05 0.000341667 0.000170833
91 -0.0003125 -0.000104167 0.000104167 0 0 -0.000133333 -6.66667e-05 0.000341667 0.000170833
92 -0.0003125 -0.000104167 0.000104167 0 0 -0.000133333 -6.66667e-05 0.000341667 0.000170833
93 -0.0003125 -0.000104167 0.000104167 0 0 -0.000133333 -6.66667e-05 0.000341667 0.000170833
94 -0.0003125 -0.000104167 0.000104167 0 0 -0.000133333 -6.66667e-05 0.000341667 0.000170833
95 -0.0003125 -0.000104167 0.000104167 0 0 -0.000133333 -6.66667e-05 0.000341667 0.000170833
96 -0.0003125 -0.000104167 0.000104167 0 0 -0.000133333 -6.66667e-05 0.000341667 0.000170833
97 -0.0003125 -0.000104167 0.000104167 0 0 -0.000133333 -6.66667e-05 0.000341667 0.000170833
98 -0.0003125 -0.000104167 0.000104167 0 0 -0.000133333 -6.66667e-05 0.000341667 0.000170833
99 -0.0003125 -0.000104167 0.000104167 0 0 -0.000133333 -6.66667e-05 0.000341667 0.000170833
100 -0.0003125 -0.000104167 0.000104167 0 0 -0.000133333 -6.66667e-05 0.000341667 0.000170833
