1 37500 0 -37500 0 12500 0 -12500 0 -12500 0 12500 0 -0 0 0 0 -0 0 0 0 20000 0 -20000 0 10000 0 -10000 0 -32015.6 0 32015.6 0 -16007.8 0 16007.8 0
2 37500 0 -37500 0 12500 0 -12500 0 -12500 0 12500 0 -0 0 0 0 -0 0 0 0 20000 0 -20000 0 10000 0 -10000 0 -32015.6 0 32015.6 0 -16007.8 0 16007.8 0
3 37500 0 -37500 0 12500 0 -12500 0 -12500 0 12500 0 -0 0 0 0 -0 0 0 0 20000 0 -20000 0 10000 0 -10000 0 -32015.6 0 32015.6 0 -16007.8 0 16007.8 0
4 37500 0 -37500 0 12500 0 -12500 0 -12500 0 12500 0 -0 0 0 0 -0 0 0 0 20000 0 -20000 0 10000 0 -10000 0 -32015.6 0 32015.6 0 -16007.8 0 16007.8 0
5 37500 0 -37500 0 12500 0 -12500 0 -12500 0 12500 0 -0 0 0 0 -0 0 0 0 20000 0 -20000 0 10000 0 -10000 0 -32015.6 0 32015.6 0 -16007.8 0 16007.8 0
6 37500 0 -37500 0 12500 0 -12500 0 -12500 0 12500 0 -0 0 0 0 -0 0 0 0 20000 0 -20000 0 10000 0 -10000 0 -32015.6 0 32015.6 0 -16007.8 0 16007.8 0
7 37500 0 -37500 0 12500 0 -12500 0 -12500 0 12500 0 -0 0 0 0 -0 0 0 0 20000 0 -20000 0 10000 0 -10000 0 -32015.6 0 32015.6 0 -16007.8 0 16007.8 0
8 37500 0 -37500 0 12500 0 -12500 0 -12500 0 12500 0 -0 0 0 0 -0 0 0 0 20000 0 -20000 0 10000 0 -10000 0 -32015.6 0 32015.6 0 -16007.8 0 16007.8 0
9 37500 0 -37500 0 12500 0 -12500 0 -12500 0 12500 0 -0 0 0 0 -0 0 0 0 20000 0 -20000 0 10000 0 -10000 0 -32015.6 0 32015.6 0 -16007.8 0 16007.8 0
10 37500 0 -37500 0 12500 0 -12500 0 -12500 0 12500 0 -0 0 0 0 -0 0 0 0 20000 0 -20000 0 10000 0 -10000 0 -32015.6 0 32015.6 0 -16007.8 0 16007.8 0
11 37500 0 -37500 0 12500 0 -12500 0 -12500 0 12500 0 -0 0 0 0 -0 0 0 0 20000 0 -20000 0 10000 0 -10000 0 -32015.6 0 32015.6 0 -16007.8 0 16007.8 0
12 37500 0 -37500 0 12500 0 -12500 0 -12500 0 12500 0 -0 0 0 0 -0 0 0 0 20000 0 -20000 0 10000 0 -10000 0 -32015.6 0 32015.6 0 -16007.8 0 16007.8 0
13 37500 0 -37500 0 12500 0 -12500 0 -12500 0 12500 0 -0 0 0 0 -0 0 0 0 20000 0 -20000 0 10000 0 -10000 0 -32015.6 0 32015.6 0 -16007.8 0 16007.8 0
14 37500 0 -37500 0 12500 0 -12500 0 -12500 0 12500 0 -0 0 0 0 -0 0 0 0 20000 0 -20000 0 10000 0 -10000 0 -32015.6 0 32015.6 0 -16007.8 0 16007.8 0
15 37500 0 -37500 0 12500 0 -12500 0 -12500 0 12500 0 -0 0 0 0 -0 0 0 0 20000 0 -20000 0 10000 0 -10000 0 -32015.6 0 32015.6 0 -16007.8 0 16007.8 0
16 37500 0 -37500 0 12500 0 -12500 0 -12500 0 12500 0 -0 0 0 0 -0 0 0 0 20000 0 -20000 0 10000 0 -10000 0 -32015.6 0 32015.6 0 -16007.8 0 16007.8 0
17 37500 0 -37500 0 12500 0 -12500 0 -12500 0 12500 0 -0 0 0 0 -0 0 0 0 20000 0 -20000 0 10000 0 -10000 0 -32015.6 0 32015.6 0 -16007.8 0 16007.8 0
18 37500 0 -37500 0 12500 0 -12500 0 -12500 0 12500 0 -0 0 0 0 -0 0 0 0 20000 0 -20000 0 10000 0 -10000 0 -32015.6 0 32015.6 0 -16007.8 0 16007.8 0
19 37500 0 -37500 0 12500 0 -12500 0 -12500 0 12500 0 -0 0 0 0 -0 0 0 0 20000 0 -20000 0 10000 0 -10000 0 -32015.6 0 32015.6 0 -16007.8 0 16007.8 0
20 37500 0 -37500 0 12500 0 -12500 0 -12500 0 12500 0 -0 0 0 0 -0 0 0 0 20000 0 -20000 0 10000 0 -10000 0 -32015.6 0 32015.6 0 -16007.8 0 16007.8 0
21 37500 0 -37500 0 12500 0 -12500 0 -12500 0 12500 0 -0 0 0 0 -0 0 0 0 20000 0 -20000 0 10000 0 -10000 0 -32015.6 0 32015.6 0 -16007.8 0 16007.8 0
22 37500 0 -37500 0 12500 0 -12500 0 -12500 0 12500 0 -0 0 0 0 -0 0 0 0 20000 0 -20000 0 10000 0 -10000 0 -32015.6 0 32015.6 0 -16007.8 0 16007.8 0
23 37500 0 -37500 0 12500 0 -12500 0 -12500 0 12500 0 -0 0 0 0 -0 0 0 0 20000 0 -20000 0 10000 0 -10000 0 -32015.6 0 32015.6 0 -16007.8 0 16007.8 0
24 37500 0 -37500 0 12500 0 -12500 0 -12500 0 12500 0 -0 0 0 0 -0 0 0 0 20000 0 -20000 0 10000 0 -10000 0 -32015.6 0 32015.6 0 -16007.8 0 16007.8 0
25 37500 0 -37500 0 12500 0 -12500 0 -12500 0 12500 0 -0 0 0 0 -0 0 0 0 20000 0 -20000 0 10000 0 -10000 0 -32015.6 0 32015.6 0 -16007.8 0 16007.8 0
26 37500 0 -37500 0 12500 0 -12500 0 -12500 0 12500 0 -0 0 0 0 -0 0 0 0 20000 0 -20000 0 10000 0 -10000 0 -32015.6 0 32015.6 0 -16007.8 0 16007.8 0
27 37500 0 -37500 0 12500 0 -12500 0 -12500 0 12500 0 -0 0 0 0 -0 0 0 0 20000 0 -20000 0 10000 0 -10000 0 -32015.6 0 32015.6 0 -16007.8 0 16007.8 0
28 37500 0 -37500 0 12500 0 -12500 0 -12500 0 12500 0 -0 0 0 0 -0 0 0 0 20000 0 -20000 0 10000 0 -10000 0 -32015.6 0 32015.6 0 -16007.8 0 16007.8 0
29 37500 0 -37500 0 12500 0 -12500 0 -12500 0 12500 0 -0 0 0 0 -0 0 0 0 20000 0 -20000 0 10000 0 -10000 0 -32015.6 0 32015.6 0 -16007.8 0 16007.8 0
30 37500 0 -37500 0 12500 0 -12500 0 -12500 0 12500 0 -0 0 0 0 -0 0 0 0 20000 0 -20000 0 10000 0 -10000 0 -32015.6 0 32015.6 0 -16007.8 0 16007.8 0
31 37500 0 -37500 0 12500 0 -12500 0 -12500 0 12500 0 -0 0 0 0 -0 0 0 0 20000 0 -20000 0 10000 0 -10000 0 -32015.6 0 32015.6 0 -16007.8 0 16007.8 0
32 37500 0 -37500 0 12500 0 -12500 0 -12500 0 12500 0 -0 0 0 0 -0 0 0 0 20000 0 -20000 0 10000 0 -10000 0 -32015.6 0 32015.6 0 -16007.8 0 16007.8 0
33 37500 0 -37500 0 12500 0 -12500 0 -12500 0 12500 0 -0 0 0 0 -0 0 0 0 20000 0 -20000 0 10000 0 -10000 0 -32015.6 0 32015.6 0 -16007.8 0 16007.8 0
34 37500 0 -37500 0 12500 0 -12500 0 -12500 0 12500 0 -0 0 0 0 -0 0 0 0 20000 0 -20000 0 10000 0 -10000 0 -32015.6 0 32015.6 0 -16007.8 0 16007.8 0
35 37500 0 -37500 0 12500 0 -12500 0 -12500 0 12500 0 -0 0 0 0 -0 0 0 0 20000 0 -20000 0 10000 0 -10000 0 -32015.6 0 32015.6 0 -16007.8 0 16007.8 0
36 37500 0 -37500 0 12500 0 -12500 0 -12500 0 12500 0 -0 0 0 0 -0 0 0 0 20000 0 -20000 0 10000 0 -10000 0 -32015.6 0 32015.6 0 -16007.8 0 16007.8 0
37 37500 0 -37500 0 12500 0 -12500 0 -12500 0 12500 0 -0 0 0 0 -0 0 0 0 20000 0 -20000 0 10000 0 -10000 0 -32015.6 0 32015.6 0 -16007.8 0 16007.8 0
38 37500 0 -37500 0 12500 0 -12500 0 -12500 0 12500 0 -0 0 0 0 -0 0 0 0 20000 0 -20000 0 10000 0 -10000 0 -32015.6 0 32015.6 0 -16007.8 0 16007.8 0
39 37500 0 -37500 0 12500 0 -12500 0 -12500 0 12500 0 -0 0 0 0 -0 0 0 0 20000 0 -20000 0 10000 0 -10000 0 -32015.6 0 32015.6 0 -16007.8 0 16007.8 0
40 37500 0 -37500 0 12500 0 -12500 0 -12500 0 12500 0 -0 0 0 0 -0 0 0 0 20000 0 -20000 0 10000 0 -10000 0 -32015.6 0 32015.6 0 -16007.8 0 16007.8 0
41 37500 0 -37500 0 12500 0 -12500 0 -12500 0 12500 0 -0 0 0 0 -0 0 0 0 20000 0 -20000 0 10000 0 -10000 0 -32015.6 0 32015.6 0 -16007.8 0 16007.8 0
42 37500 0 -37500 0 12500 0 -12500 0 -12500 0 12500 0 -0 0 0 0 -0 0 0 0 20000 0 -20000 0 10000 0 -10000 0 -32015.6 0 32015.6 0 -16007.8 0 16007.8 0
43 37500 0 -37500 0 12500 0 -12500 0 -12500 0 12500 0 -0 0 0 0 -0 0 0 0 20000 0 -20000 0 10000 0 -10000 0 -32015.6 0 32015.6 0 -16007.8 0 16007.8 0
44 37500 0 -37500 0 12500 0 -12500 0 -12500 0 12500 0 -0 0 0 0 -0 0 0 0 20000 0 -20000 0 10000 0 -10000 0 -32015.6 0 32015.6 0 -16007.8 0 16007.8 0
45 37500 0 -37500 0 12500 0 -12500 0 -12500 0 12500 0 -0 0 0 0 -0 0 0 0 20000 0 -20000 0 10000 0 -10000 0 -32015.6 0 32015.6 0 -16007.8 0 16007.8 0
46 37500 0 -37500 0 12500 0 -12500 0 -12500 0 12500 0 -0 0 0 0 -0 0 0 0 20000 0 -20000 0 10000 0 -10000 0 -32015.6 0 32015.6 0 -16007.8 0 16007.8 0
47 37500 0 -37500 0 12500 0 -12500 0 -12500 0 12500 0 -0 0 0 0 -0 0 0 0 20000 0 -20000 0 10000 0 -10000 0 -32015.6 0 32015.6 0 -16007.8 0 16007.8 0
48 37500 0 -37500 0 12500 0 -12500 0 -12500 0 12500 0 -0 0 0 0 -0 0 0 0 20000 0 -20000 0 10000 0 -10000 0 -32015.6 0 32015.6 0 -16007.8 0 16007.8 0
49 37500 0 -37500 0 12500 0 -12500 0 -12500 0 12500 0 -0 0 0 0 -0 0 0 0 20000 0 -20000 0 10000 0 -10000 0 -32015.6 0 32015.6 0 -16007.8 0 16007.8 0
50 37500 0 -37500 0 12500 0 -12500 0 -12500 0 12500 0 -0 0 0 0 -0 0 0 0 20000 0 -20000 0 10000 0 -10000 0 -32015.6 0 32015.6 0 -16007.8 0 16007.8 0
51 37500 0 -37500 0 12500 0 -12500 0 -12500 0 12500 0 -0 0 0 0 -0 0 0 0 20000 0 -20000 0 10000 0 -10000 0 -32015.6 0 32015.6 0 -16007.8 0 16007.8 0
52 37500 0 -37500 0 12500 0 -12500 0 -12500 0 12500 0 -0 0 0 0 -0 0 0 0 20000 0 -20000 0 10000 0 -10000 0 -32015.6 0 32015.6 0 -16007.8 0 16007.8 0
53 37500 0 -37500 0 12500 0 -12500 0 -12500 0 12500 0 -0 0 0 0 -0 0 0 0 20000 0 -20000 0 10000 0 -10000 0 -32015.6 0 32015.6 0 -16007.8 0 16007.8 0
54 37500 0 -37500 0 12500 0 -12500 0 -12500 0 12500 0 -0 0 0 0 -0 0 0 0 20000 0 -20000 0 10000 0 -10000 0 -32015.6 0 32015.6 0 -16007.8 0 16007.8 0
55 37500 0 -37500 0 12500 0 -12500 0 -12500 0 12500 0 -0 0 0 0 -0 0 0 0 20000 0 -20000 0 10000 0 -10000 0 -32015.6 0 32015.6 0 -16007.8 0 16007.8 0
56 37500 0 -37500 0 12500 0 -12500 0 -12500 0 12500 0 -0 0 0 0 -0 0 0 0 20000 0 -20000 0 10000 0 -10000 0 -32015.6 0 32015.6 0 -16007.8 0 16007.8 0
57 37500 0 -37500 0 12500 0 -12500 0 -12500 0 12500 0 -0 0 0 0 -0 0 0 0 20000 0 -20000 0 10000 0 -10000 0 -32015.6 0 32015.6 0 -16007.8 0 16007.8 0
58 37500 0 -37500 0 12500 0 -12500 0 -12500 0 12500 0 -0 0 0 0 -0 0 0 0 20000 0 -20000 0 10000 0 -10000 0 -32015.6 0 32015.6 0 -16007.8 0 16007.8 0
59 37500 0 -37500 0 12500 0 -12500 0 -12500 0 12500 0 -0 0 0 0 -0 0 0 0 20000 0 -20000 0 10000 0 -10000 0 -32015.6 0 32015.6 0 -16007.8 0 16007.8 0
60 37500 0 -37500 0 12500 0 -12500 0 -12500 0 12500 0 -0 0 0 0 -0 0 0 0 20000 0 -20000 0 10000 0 -10000 0 -32015.6 0 32015.6 0 -16007.8 0 16007.8 0
61 37500 0 -37500 0 12500 0 -12500 0 -12500 0 12500 0 -0 0 0 0 -0 0 0 0 20000 0 -20000 0 10000 0 -10000 0 -32015.6 0 32015.6 0 -16007.8 0 16007.8 0
62 37500 0 -37500 0 12500 0 -12500 0 -12500 0 12500 0 -0 0 0 0 -0 0 0 0 20000 0 -20000 0 10000 0 -10000 0 -32015.6 0 32015.6 0 -16007.8 0 16007.8 0
63 37500 0 -37500 0 12500 0 -12500 0 -12500 0 12500 0 -0 0 0 0 -0 0 0 0 20000 0 -20000 0 10000 0 -10000 0 -32015.6 0 32015.6 0 -16007.8 0 16007.8 0
64 37500 0 -37500 0 12500 0 -12500 0 -12500 0 12500 0 -0 0 0 0 -0 0 0 0 20000 0 -20000 0 10000 0 -10000 0 -32015.6 0 32015.6 0 -16007.8 0 16007.8 0
65 37500 0 -37500 0 12500 0 -12500 0 -12500 0 12500 0 -0 0 0 0 -0 0 0 0 20000 0 -20000 0 10000 0 -10000 0 -32015.6 0 32015.6 0 -16007.8 0 16007.8 0
66 37500 0 -37500 0 12500 0 -12500 0 -12500 0 12500 0 -0 0 0 0 -0 0 0 0 20000 0 -20000 0 10000 0 -10000 0 -32015.6 0 32015.6 0 -16007.8 0 16007.8 0
67 37500 0 -37500 0 12500 0 -12500 0 -12500 0 12500 0 -0 0 0 0 -0 0 0 0 20000 0 -20000 0 10000 0 -10000 0 -32015.6 0 32015.6 0 -16007.8 0 16007.8 0
68 37500 0 -37500 0 12500 0 -12500 0 -12500 0 12500 0 -0 0 0 0 -0 0 0 0 20000 0 -20000 0 10000 0 -10000 0 -32015.6 0 32015.6 0 -16007.8 0 16007.8 0
69 37500 0 -37500 0 12500 0 -12500 0 -12500 0 12500 0 -0 0 0 0 -0 0 0 0 20000 0 -20000 0 10000 0 -10000 0 -32015.6 0 32015.6 0 -16007.8 0 16007.8 0
70 37500 0 -37500 0 12500 0 -12500 0 -12500 0 12500 0 -0 0 0 0 -0 0 0 0 20000 0 -20000 0 10000 0 -10000 0 -32015.6 0 32015.6 0 -16007.8 0 16007.8 0
71 37500 0 -37500 0 12500 0 -12500 0 -12500 0 12500 0 -0 0 0 0 -0 0 0 0 20000 0 -20000 0 10000 0 -10000 0 -32015.6 0 32015.6 0 -16007.8 0 16007.8 0
72 37500 0 -37500 0 12500 0 -12500 0 -12500 0 12500 0 -0 0 0 0 -0 0 0 0 20000 0 -20000 0 10000 0 -10000 0 -32015.6 0 32015.6 0 -16007.8 0 16007.8 0
73 37500 0 -37500 0 12500 0 -12500 0 -12500 0 12500 0 -0 0 0 0 -0 0 0 0 20000 0 -20000 0 10000 0 -10000 0 -32015.6 0 32015.6 0 -16007.8 0 16007.8 0
74 37500 0 -37500 0 12500 0 -12500 0 -12500 0 12500 0 -0 0 0 0 -0 0 0 0 20000 0 -20000 0 10000 0 -10000 0 -32015.6 0 32015.6 0 -16007.8 0 16007.8 0
75 37500 0 -37500 0 12500 0 -12500 0 -12500 0 12500 0 -0 0 0 0 -0 0 0 0 20000 0 -20000 0 10000 0 -10000 0 -32015.6 0 32015.6 0 -16007.8 0 16007.8 0
76 37500 0 -37500 0 12500 0 -12500 0 -12500 0 12500 0 -0 0 0 0 -0 0 0 0 20000 0 -20000 0 10000 0 -10000 0 -32015.6 0 32015.6 0 -16007.8 0 16007.8 0
77 37500 0 -37500 0 12500 0 -12500 0 -12500 0 12500 0 -0 0 0 0 -0 0 0 0 20000 0 -20000 0 10000 0 -10000 0 -32015.6 0 32015.6 0 -16007.8 0 16007.8 0
78 37500 0 -37500 0 12500 0 -12500 0 -12500 0 12500 0 -0 0 0 0 -0 0 0 0 20000 0 -20000 0 10000 0 -10000 0 -32015.6 0 32015.6 0 -16007.8 0 16007.8 0
79 37500 0 -37500 0 12500 0 -12500 0 -12500 0 12500 0 -0 0 0 0 -0 0 0 0 20000 0 -20000 0 10000 0 -10000 0 -32015.6 0 32015.6 0 -16007.8 0 16007.8 0
80 37500 0 -37500 0 12500 0 -12500 0 -12500 0 12500 0 -0 0 0 0 -0 0 0 0 20000 0 -20000 0 10000 0 -10000 0 -32015.6 0 32015.6 0 -16007.8 0 16007.8 0
81 37500 0 -37500 0 12500 0 -12500 0 -12500 0 12500 0 -0 0 0 0 -0 0 0 0 20000 0 -20000 0 10000 0 -10000 0 -32015.6 0 32015.6 0 -16007.8 0 16007.8 0
82 37500 0 -37500 0 12500 0 -12500 0 -12500 0 12500 0 -0 0 0 0 -0 0 0 0 20000 0 -20000 0 10000 0 -10000 0 -32015.6 0 32015.6 0 -16007.8 0 16007.8 0
83 37500 0 -37500 0 12500 0 -12500 0 -12500 0 12500 0 -0 0 0 0 -0 0 0 0 20000 0 -20000 0 10000 0 -10000 0 -32015.6 0 32015.6 0 -16007.8 0 16007.8 0
84 37500 0 -37500 0 12500 0 -12500 0 -12500 0 12500 0 -0 0 0 0 -0 0 0 0 20000 0 -20000 0 10000 0 -10000 0 -32015.6 0 32015.6 0 -16007.8 0 16007.8 0
85 37500 0 -37500 0 12500 0 -12500 0 -12500 0 12500 0 -0 0 0 0 -0 0 0 0 20000 0 -20000 0 10000 0 -10000 0 -32015.6 0 32015.6 0 -16007.8 0 16007.8 0
86 37500 0 -37500 0 12500 0 -12500 0 -12500 0 12500 0 -0 0 0 0 -0 0 0 0 20000 0 -20000 0 10000 0 -10000 0 -32015.6 0 32015.6 0 -16007.8 0 16007.8 0
87 37500 0 -37500 0 12500 0 -12500 0 -12500 0 12500 0 -0 0 0 0 -0 0 0 0 20000 0 -20000 0 10000 0 -10000 0 -32015.6 0 32015.6 0 -16007.8 0 16007.8 0
88 37500 0 -37500 0 12500 0 -12500 0 -12500 0 12500 0 -0 0 0 0 -0 0 0 0 20000 0 -20000 0 10000 0 -10000 0 -32015.6 0 32015.6 0 -16007.8 0 16007.8 0
89 37500 0 -37500 0 12500 0 -12500 0 -12500 0 12500 0 -0 0 0 0 -0 0 0 0 20000 0 -20000 0 10000 0 -10000 0 -32015.6 0 32015.6 0 -16007.8 0 16007.8 0
90 37500 0 -37500 0 12500 0 -12500 0 -12500 0 12500 0 -0 0 0 0 -0 0 0 0 20000 0 -20000 0 10000 0 -10000 0 -32015.6 0 32015.6 0 -16007.8 0 16007.8 0
91 37500 0 -37500 0 12500 0 -12500 0 -12500 0 12500 0 -0 0 0 0 -0 0 0 0 20000 0 -20000 0 10000 0 -10000 0 -32015.6 0 32015.6 0 -16007.8 0 16007.8 0
92 37500 0 -37500 0 12500 0 -12500 0 -12500 0 12500 0 -0 0 0 0 -0 0 0 0 20000 0 -20000 0 10000 0 -10000 0 -32015.6 0 32015.6 0 -16007.8 0 16007.8 0
93 37500 0 -37500 0 12500 0 -12500 0 -12500 0 12500 0 -0 0 0 0 -0 0 0 0 20000 0 -20000 0 10000 0 -10000 0 -32015.6 0 32015.6 0 -16007.8 0 16007.8 0
94 37500 0 -37500 0 12500 0 -12500 0 -12500 0 12500 0 -0 0 0 0 -0 0 0 0 20000 0 -20000 0 10000 0 -10000 0 -32015.6 0 32015.6 0 -16007.8 0 16007.8 0
95 37500 0 -37500 0 12500 0 -12500 0 -12500 0 12500 0 -0 0 0 0 -0 0 0 0 20000 0 -20000 0 10000 0 -10000 0 -32015.6 0 32015.6 0 -16007.8 0 16007.8 0
96 37500 0 -37500 0 12500 0 -12500 0 -12500 0 12500 0 -0 0 0 0 -0 0 0 0 20000 0 -20000 0 10000 0 -10000 0 -32015.6 0 32015.6 0 -16007.8 0 16007.8 0
97 37500 0 -37500 0 12500 0 -12500 0 -12500 0 12500 0 -0 0 0 0 -0 0 0 0 20000 0 -20000 0 10000 0 -10000 0 -32015.6 0 32015.6 0 -16007.8 0 16007.8 0
98 37500 0 -37500 0 12500 0 -12500 0 -12500 0 12500 0 -0 0 0 0 -0 0 0 0 20000 0 -20000 0 10000 0 -10000 0 -32015.6 0 32015.6 0 -16007.8 0 16007.8 0
99 37500 0 -37500 0 12500 0 -12500 0 -12500 0 12500 0 -0 0 0 0 -0 0 0 0 20000 0 -20000 0 10000 0 -10000 0 -32015.6 0 32015.6 0 -16007.8 0 16007.8 0
100 37500 0 -37500 0 12500 0 -12500 0 -12500 0 12500 0 -0 0 0 0 -0 0 0 0 20000 0 -20000 0 10000 0 -10000 0 -32015.6 0 32015.6 0 -16007.8 0 16007.8 0
