1 0 0.00435764 -0.00871528 0 0.00691087 -0.00111322
2 0 0.00435764 -0.00871528 0 0.00691087 -0.00111322
3 0 0.00435764 -0.00871528 0 0.00691087 -0.00111322
4 0 0.00435764 -0.00871528 0 0.00691087 -0.00111322
5 0 0.00435764 -0.00871528 0 0.00691087 -0.00111322
6 0 0.00435764 -0.00871528 0 0.00691087 -0.00111322
7 0 0.00435764 -0.00871528 0 0.00691087 -0.00111322
8 0 0.00435764 -0.00871528 0 0.00691087 -0.00111322
9 0 0.00435764 -0.00871528 0 0.00691087 -0.00111322
10 0 0.00435764 -0.00871528 0 0.00691087 -0.00111322
11 0 0.00435764 -0.00871528 0 0.00691087 -0.00111322
12 0 0.00435764 -0.00871528 0 0.00691087 -0.00111322
13 0 0.00435764 -0.00871528 0 0.00691087 -0.00111322
14 0 0.00435764 -0.00871528 0 0.00691087 -0.00111322
15 0 0.00435764 -0.00871528 0 0.00691087 -0.00111322
16 0 0.00435764 -0.00871528 0 0.00691087 -0.00111322
17 0 0.00435764 -0.00871528 0 0.00691087 -0.00111322
18 0 0.00435764 -0.00871528 0 0.00691087 -0.00111322
19 0 0.00435764 -0.00871528 0 0.00691087 -0.00111322
20 0 0.00435764 -0.00871528 0 0.00691087 -0.00111322
21 0 0.00435764 -0.00871528 0 0.00691087 -0.00111322
22 0 0.00435764 -0.00871528 0 0.00691087 -0.00111322
23 0 0.00435764 -0.00871528 0 0.00691087 -0.00111322
24 0 0.00435764 -0.00871528 0 0.00691087 -0.00111322
25 0 0.00435764 -0.00871528 0 0.00691087 -0.00111322
26 0 0.00435764 -0.00871528 0 0.00691087 -0.00111322
27 0 0.00435764 -0.00871528 0 0.00691087 -0.00111322
28 0 0.00435764 -0.00871528 0 0.00691087 -0.00111322
29 0 0.00435764 -0.00871528 0 0.00691087 -0.00111322
30 0 0.00435764 -0.00871528 0 0.00691087 -0.00111322
31 0 0.00435764 -0.00871528 0 0.00691087 -0.00111322
32 0 0.00435764 -0.00871528 0 0.00691087 -0.00111322
33 0 0.00435764 -0.00871528 0 0.00691087 -0.00111322
34 0 0.00435764 -0.00871528 0 0.00691087 -0.00111322
35 0 0.00435764 -0.00871528 0 0.00691087 -0.00111322
36 0 0.00435764 -0.00871528 0 0.00691087 -0.00111322
37 0 0.00435764 -0.00871528 0 0.00691087 -0.00111322
38 0 0.00435764 -0.00871528 0 0.00691087 -0.00111322
39 0 0.00435764 -0.00871528 0 0.00691087 -0.00111322
40 0 0.00435764 -0.00871528 0 0.00691087 -0.00111322
41 0 0.00435764 -0.00871528 0 0.00691087 -0.00111322
42 0 0.00435764 -0.00871528 0 0.00691087 -0.00111322
43 0 0.00435764 -0.00871528 0 0.00691087 -0.00111322
44 0 0.00435764 -0.00871528 0 0.00691087 -0.00111322
45 0 0.00435764 -0.00871528 0 0.00691087 -0.00111322
46 0 0.00435764 -0.00871528 0 0.00691087 -0.00111322
47 0 0.00435764 -0.00871528 0 0.00691087 -0.00111322
48 0 0.00435764 -0.00871528 0 0.00691087 -0.00111322
49 0 0.00435764 -0.00871528 0 0.00691087 -0.00111322
50 0 0.00435764 -0.00871528 0 0.00691087 -0.00111322
51 0 0.00435764 -0.00871528 0 0.00691087 -0.00111322
52 0 0.00435764 -0.00871528 0 0.00691087 -0.00111322
53 0 0.00435764 -0.00871528 0 0.00691087 -0.00111322
54 0 0.00435764 -0.00871528 0 0.00691087 -0.00111322
55 0 0.00435764 -0.00871528 0 0.00691087 -0.00111322
56 0 0.00435764 -0.00871528 0 0.00691087 -0.00111322
57 0 0.00435764 -0.00871528 0 0.00691087 -0.00111322
58 0 0.00435764 -0.00871528 0 0.00691087 -0.00111322
59 0 0.00435764 -0.00871528 0 0.00691087 -0.00111322
60 0 0.00435764 -0.00871528 0 0.00691087 -0.00111322
61 0 0.00435764 -0.00871528 0 0.00691087 -0.00111322
62 0 0.00435764 -0.00871528 0 0.00691087 -0.00111322
63 0 0.00435764 -0.00871528 0 0.00691087 -0.00111322
64 0 0.00435764 -0.00871528 0 0.00691087 -0.00111322
65 0 0.00435764 -0.00871528 0 0.00691087 -0.00111322
66 0 0.00435764 -0.00871528 0 0.00691087 -0.00111322
67 0 0.00435764 -0.00871528 0 0.00691087 -0.00111322
68 0 0.00435764 -0.00871528 0 0.00691087 -0.00111322
69 0 0.00435764 -0.00871528 0 0.00691087 -0.00111322
70 0 0.00435764 -0.00871528 0 0.00691087 -0.00111322
71 0 0.00435764 -0.00871528 0 0.00691087 -0.00111322
72 0 0.00435764 -0.00871528 0 0.00691087 -0.00111322
73 0 0.00435764 -0.00871528 0 0.00691087 -0.00111322
74 0 0.00435764 -0.00871528 0 0.00691087 -0.00111322
75 0 0.00435764 -0.00871528 0 0.00691087 -0.00111322
76 0 0.00435764 -0.00871528 0 0.00691087 -0.00111322
77 0 0.00435764 -0.00871528 0 0.00691087 -0.00111322
78 0 0.00435764 -0.00871528 0 0.00691087 -0.00111322
79 0 0.00435764 -0.00871528 0 0.00691087 -0.00111322
80 0 0.00435764 -0.00871528 0 0.00691087 -0.00111322
81 0 0.00435764 -0.00871528 0 0.00691087 -0.00111322
82 0 0.00435764 -0.00871528 0 0.00691087 -0.00111322
83 0 0.00435764 -0.00871528 0 0.00691087 -0.00111322
84 0 0.00435764 -0.00871528 0 0.00691087 -0.00111322
85 0 0.00435764 -0.00871528 0 0.00691087 -0.00111322
86 0 0.00435764 -0.00871528 0 0.00691087 -0.00111322
87 0 0.00435764 -0.00871528 0 0.00691087 -0.00111322
88 0 0.00435764 -0.00871528 0 0.00691087 -0.00111322
89 0 0.00435764 -0.00871528 0 0.00691087 -0.00111322
90 0 0.00435764 -0.00871528 0 0.00691087 -0.00111322
91 0 0.00435764 -0.00871528 0 0.00691087 -0.00111322
92 0 0.00435764 -0.00871528 0 0.00691087 -0.00111322
93 0 0.00435764 -0.00871528 0 0.00691087 -0.00111322
94 0 0.00435764 -0.00871528 0 0.00691087 -0.00111322
95 0 0.00435764 -0.00871528 0 0.00691087 -0.00111322
96 0 0.00435764 -0.00871528 0 0.00691087 -0.00111322
97 0 0.00435764 -0.00871528 0 0.00691087 -0.00111322
98 0 0.00435764 -0.00871528 0 0.00691087 -0.00111322
99 0 0.00435764 -0.00871528 0 0.00691087 -0.00111322
100 0 0.00435764 -0.00871528 0 0.00691087 -0.00111322
