1 0 -5229.17 0 0 13729.2 3.63798e-12 0 -3.63798e-12 4.54747e-12
2 0 -5229.17 0 0 13729.2 -7.27596e-12 0 1.81899e-12 -4.54747e-12
3 0 -5229.17 0 0 13729.2 0 0 9.09495e-13 -2.72848e-12
4 0 -5229.17 0 0 13729.2 0 0 9.09495e-13 -2.72848e-12
5 0 -5229.17 0 0 13729.2 0 0 9.09495e-13 -2.72848e-12
6 0 -5229.17 0 0 13729.2 0 0 9.09495e-13 -2.72848e-12
7 0 -5229.17 0 0 13729.2 0 0 9.09495e-13 -2.72848e-12
8 0 -5229.17 0 0 13729.2 0 0 9.09495e-13 -2.72848e-12
9 0 -5229.17 0 0 13729.2 0 0 9.09495e-13 -2.72848e-12
10 0 -5229.17 0 0 13729.2 0 0 9.09495e-13 -2.72848e-12
11 0 -5229.17 0 0 13729.2 0 0 9.09495e-13 -2.72848e-12
12 0 -5229.17 0 0 13729.2 0 0 9.09495e-13 -2.72848e-12
13 0 -5229.17 0 0 13729.2 0 0 9.09495e-13 -2.72848e-12
14 0 -5229.17 0 0 13729.2 0 0 9.09495e-13 -2.72848e-12
15 0 -5229.17 0 0 13729.2 0 0 9.09495e-13 -2.72848e-12
16 0 -5229.17 0 0 13729.2 0 0 9.09495e-13 -2.72848e-12
17 0 -5229.17 0 0 13729.2 0 0 9.09495e-13 -2.72848e-12
18 0 -5229.17 0 0 13729.2 0 0 9.09495e-13 -2.72848e-12
19 0 -5229.17 0 0 13729.2 0 0 9.09495e-13 -2.72848e-12
20 0 -5229.17 0 0 13729.2 0 0 9.09495e-13 -2.72848e-12
21 0 -5229.17 0 0 13729.2 0 0 9.09495e-13 -2.72848e-12
22 0 -5229.17 0 0 13729.2 0 0 9.09495e-13 -2.72848e-12
23 0 -5229.17 0 0 13729.2 0 0 9.09495e-13 -2.72848e-12
24 0 -5229.17 0 0 13729.2 0 0 9.09495e-13 -2.72848e-12
25 0 -5229.17 0 0 13729.2 0 0 9.09495e-13 -2.72848e-12
26 0 -5229.17 0 0 13729.2 0 0 9.09495e-13 -2.72848e-12
27 0 -5229.17 0 0 13729.2 0 0 9.09495e-13 -2.72848e-12
28 0 -5229.17 0 0 13729.2 0 0 9.09495e-13 -2.72848e-12
29 0 -5229.17 0 0 13729.2 0 0 9.09495e-13 -2.72848e-12
30 0 -5229.17 0 0 13729.2 0 0 9.09495e-13 -2.72848e-12
31 0 -5229.17 0 0 13729.2 0 0 9.09495e-13 -2.72848e-12
32 0 -5229.17 0 0 13729.2 0 0 9.09495e-13 -2.72848e-12
33 0 -5229.17 0 0 13729.2 0 0 9.09495e-13 -2.72848e-12
34 0 -5229.17 0 0 13729.2 0 0 9.09495e-13 -2.72848e-12
35 0 -5229.17 0 0 13729.2 0 0 9.09495e-13 -2.72848e-12
36 0 -5229.17 0 0 13729.2 0 0 9.09495e-13 -2.72848e-12
37 0 -5229.17 0 0 13729.2 0 0 9.09495e-13 -2.72848e-12
38 0 -5229.17 0 0 13729.2 0 0 9.09495e-13 -2.72848e-12
39 0 -5229.17 0 0 13729.2 0 0 9.09495e-13 -2.72848e-12
40 0 -5229.17 0 0 13729.2 0 0 9.09495e-13 -2.72848e-12
41 0 -5229.17 0 0 13729.2 0 0 9.09495e-13 -2.72848e-12
42 0 -5229.17 0 0 13729.2 0 0 9.09495e-13 -2.72848e-12
43 0 -5229.17 0 0 13729.2 0 0 9.09495e-13 -2.72848e-12
44 0 -5229.17 0 0 13729.2 0 0 9.09495e-13 -2.72848e-12
45 0 -5229.17 0 0 13729.2 0 0 9.09495e-13 -2.72848e-12
46 0 -5229.17 0 0 13729.2 0 0 9.09495e-13 -2.72848e-12
47 0 -5229.17 0 0 13729.2 0 0 9.09495e-13 -2.72848e-12
48 0 -5229.17 0 0 13729.2 0 0 9.09495e-13 -2.72848e-12
49 0 -5229.17 0 0 13729.2 0 0 9.09495e-13 -2.72848e-12
50 0 -5229.17 0 0 13729.2 0 0 9.09495e-13 -2.72848e-12
51 0 -5229.17 0 0 13729.2 0 0 9.09495e-13 -2.72848e-12
52 0 -5229.17 0 0 13729.2 0 0 9.09495e-13 -2.72848e-12
53 0 -5229.17 0 0 13729.2 0 0 9.09495e-13 -2.72848e-12
54 0 -5229.17 0 0 13729.2 0 0 9.09495e-13 -2.72848e-12
55 0 -5229.17 0 0 13729.2 0 0 9.09495e-13 -2.72848e-12
56 0 -5229.17 0 0 13729.2 0 0 9.09495e-13 -2.72848e-12
57 0 -5229.17 0 0 13729.2 0 0 9.09495e-13 -2.72848e-12
58 0 -5229.17 0 0 13729.2 0 0 9.09495e-13 -2.72848e-12
59 0 -5229.17 0 0 13729.2 0 0 9.09495e-13 -2.72848e-12
60 0 -5229.17 0 0 13729.2 0 0 9.09495e-13 -2.72848e-12
61 0 -5229.17 0 0 13729.2 0 0 9.09495e-13 -2.72848e-12
62 0 -5229.17 0 0 13729.2 0 0 9.09495e-13 -2.72848e-12
63 0 -5229.17 0 0 13729.2 0 0 9.09495e-13 -2.72848e-12
64 0 -5229.17 0 0 13729.2 0 0 9.09495e-13 -2.72848e-12
65 0 -5229.17 0 0 13729.2 0 0 9.09495e-13 -2.72848e-12
66 0 -5229.17 0 0 13729.2 0 0 9.09495e-13 -2.72848e-12
67 0 -5229.17 0 0 13729.2 0 0 9.09495e-13 -2.72848e-12
68 0 -5229.17 0 0 13729.2 0 0 9.09495e-13 -2.72848e-12
69 0 -5229.17 0 0 13729.2 0 0 9.09495e-13 -2.72848e-12
70 0 -5229.17 0 0 13729.2 0 0 9.09495e-13 -2.72848e-12
71 0 -5229.17 0 0 13729.2 0 0 9.09495e-13 -2.72848e-12
72 0 -5229.17 0 0 13729.2 0 0 9.09495e-13 -2.72848e-12
73 0 -5229.17 0 0 13729.2 0 0 9.09495e-13 -2.72848e-12
74 0 -5229.17 0 0 13729.2 0 0 9.09495e-13 -2.72848e-12
75 0 -5229.17 0 0 13729.2 0 0 9.09495e-13 -2.72848e-12
76 0 -5229.17 0 0 13729.2 0 0 9.09495e-13 -2.72848e-12
77 0 -5229.17 0 0 13729.2 0 0 9.09495e-13 -2.72848e-12
78 0 -5229.17 0 0 13729.2 0 0 9.09495e-13 -2.72848e-12
79 0 -5229.17 0 0 13729.2 0 0 9.09495e-13 -2.72848e-12
80 0 -5229.17 0 0 13729.2 0 0 9.09495e-13 -2.72848e-12
81 0 -5229.17 0 0 13729.2 0 0 9.09495e-13 -2.72848e-12
82 0 -5229.17 0 0 13729.2 0 0 9.09495e-13 -2.72848e-12
83 0 -5229.17 0 0 13729.2 0 0 9.09495e-13 -2.72848e-12
84 0 -5229.17 0 0 13729.2 0 0 9.09495e-13 -2.72848e-12
85 0 -5229.17 0 0 13729.2 0 0 9.09495e-13 -2.72848e-12
86 0 -5229.17 0 0 13729.2 0 0 9.09495e-13 -2.72848e-12
87 0 -5229.17 0 0 13729.2 0 0 9.09495e-13 -2.72848e-12
88 0 -5229.17 0 0 13729.2 0 0 9.09495e-13 -2.72848e-12
89 0 -5229.17 0 0 13729.2 0 0 9.09495e-13 -2.72848e-12
90 0 -5229.17 0 0 13729.2 0 0 9.09495e-13 -2.72848e-12
91 0 -5229.17 0 0 13729.2 0 0 9.09495e-13 -2.72848e-12
92 0 -5229.17 0 0 13729.2 0 0 9.09495e-13 -2.72848e-12
93 0 -5229.17 0 0 13729.2 0 0 9.09495e-13 -2.72848e-12
94 0 -5229.17 0 0 13729.2 0 0 9.09495e-13 -2.72848e-12
95 0 -5229.17 0 0 13729.2 0 0 9.09495e-13 -2.72848e-12
96 0 -5229.17 0 0 13729.2 0 0 9.09495e-13 -2.72848e-12
97 0 -5229.17 0 0 13729.2 0 0 9.09495e-13 -2.72848e-12
98 0 -5229.17 0 0 13729.2 0 0 9.09495e-13 -2.72848e-12
99 0 -5229.17 0 0 13729.2 0 0 9.09495e-13 -2.72848e-12
100 0 -5229.17 0 0 13729.2 0 0 9.09495e-13 -2.72848e-12
