1 0 0 10000 0 0 0 0 0
2 0 0 -2.82843e+11 0 0 0 1.41421e+11 0
3 0 0 1e+19 -2e+18 0 0 -8.82843e+18 0
4 0 0 -4.07695e+26 1.81421e+26 0 0 4.71127e+26 0
5 0 0 1.81941e+34 -1.17941e+34 0 0 -2.44166e+34 0
6 0 0 -8.59911e+41 6.78891e+41 0 0 1.25773e+42 0
7 0 0 4.2109e+49 -3.6989e+49 0 0 -6.47037e+49 0
8 0 0 -2.10607e+57 1.96125e+57 0 0 3.32774e+57 0
9 0 0 1.0663e+65 -1.02534e+65 0 0 -1.71137e+65 0
10 0 0 -5.43619e+72 5.32034e+72 0 0 8.801e+72 0
11 0 0 2.78223e+80 -2.74947e+80 0 0 -4.52605e+80 0
12 0 0 -1.42702e+88 1.41775e+88 0 0 2.32759e+88 0
13 0 0 7.32792e+95 -7.3017e+95 0 0 -1.197e+96 0
14 0 0 -3.76546e+103 3.75805e+103 0 0 6.15575e+103 0
15 0 0 1.93559e+111 -1.93349e+111 0 0 -3.16569e+111 0
16 0 0 -9.95163e+118 9.9457e+118 0 0 1.628e+119 0
17 0 0 5.11709e+126 -5.11541e+126 0 0 -8.37226e+126 0
18 0 0 -2.63135e+134 2.63087e+134 0 0 4.30556e+134 0
19 0 0 1.35316e+142 -1.35302e+142 0 0 -2.2142e+142 0
20 0 0 -6.95866e+149 6.95828e+149 0 0 1.13869e+150 0
21 0 0 3.57855e+157 -3.57845e+157 0 0 -5.85587e+157 0
22 0 0 -1.84031e+165 1.84028e+165 0 0 3.01147e+165 0
23 0 0 9.46406e+172 -9.46397e+172 0 0 -1.5487e+173 0
24 0 0 -4.86703e+180 4.867e+180 0 0 7.96441e+180 0
25 0 0 2.50294e+188 -2.50293e+188 0 0 -4.09582e+188 0
26 0 0 -1.28717e+196 1.28717e+196 0 0 2.10634e+196 0
27 0 0 6.61949e+203 -6.61948e+203 0 0 -1.08322e+204 0
28 0 0 -3.40417e+211 3.40417e+211 0 0 5.5706e+211 0
29 0 0 1.75065e+219 -1.75065e+219 0 0 -2.86477e+219 0
30 0 0 -9.00297e+226 9.00297e+226 0 0 1.47325e+227 0
31 0 0 4.62992e+234 -4.62992e+234 0 0 -7.57642e+234 0
32 0 0 -2.38101e+242 2.38101e+242 0 0 3.89629e+242 0
33 0 0 1.22447e+250 -1.22447e+250 0 0 -2.00373e+250 0
34 0 0 -6.29702e+257 6.29702e+257 0 0 1.03045e+258 0
35 0 0 3.23834e+265 -3.23834e+265 0 0 -5.29923e+265 0
36 0 0 -1.66536e+273 1.66536e+273 0 0 2.72521e+273 0
37 0 0 8.56439e+280 -8.56439e+280 0 0 -1.40148e+281 0
38 0 0 -4.40437e+288 4.40437e+288 0 0 7.20733e+288 0
39 0 0 2.26501e+296 -2.26501e+296 0 0 -3.70648e+296 0
40 0 0 -1.16482e+304 1.16482e+304 0 0 1.90611e+304 0
41 0 0 inf -inf 0 0 -inf 0
42 0 0 nan nan 0 0 -nan(ind) 0
43 0 0 nan nan 0 0 -nan(ind) 0
44 0 0 nan nan 0 0 -nan(ind) 0
45 0 0 nan nan 0 0 -nan(ind) 0
46 0 0 nan nan 0 0 -nan(ind) 0
47 0 0 nan nan 0 0 -nan(ind) 0
48 0 0 nan nan 0 0 -nan(ind) 0
49 0 0 nan nan 0 0 -nan(ind) 0
50 0 0 nan nan 0 0 -nan(ind) 0
51 0 0 nan nan 0 0 -nan(ind) 0
52 0 0 nan nan 0 0 -nan(ind) 0
53 0 0 nan nan 0 0 -nan(ind) 0
54 0 0 nan nan 0 0 -nan(ind) 0
55 0 0 nan nan 0 0 -nan(ind) 0
56 0 0 nan nan 0 0 -nan(ind) 0
57 0 0 nan nan 0 0 -nan(ind) 0
58 0 0 nan nan 0 0 -nan(ind) 0
59 0 0 nan nan 0 0 -nan(ind) 0
60 0 0 nan nan 0 0 -nan(ind) 0
61 0 0 nan nan 0 0 -nan(ind) 0
62 0 0 nan nan 0 0 -nan(ind) 0
63 0 0 nan nan 0 0 -nan(ind) 0
64 0 0 nan nan 0 0 -nan(ind) 0
65 0 0 nan nan 0 0 -nan(ind) 0
66 0 0 nan nan 0 0 -nan(ind) 0
67 0 0 nan nan 0 0 -nan(ind) 0
68 0 0 nan nan 0 0 -nan(ind) 0
69 0 0 nan nan 0 0 -nan(ind) 0
70 0 0 nan nan 0 0 -nan(ind) 0
71 0 0 nan nan 0 0 -nan(ind) 0
72 0 0 nan nan 0 0 -nan(ind) 0
73 0 0 nan nan 0 0 -nan(ind) 0
74 0 0 nan nan 0 0 -nan(ind) 0
75 0 0 nan nan 0 0 -nan(ind) 0
76 0 0 nan nan 0 0 -nan(ind) 0
77 0 0 nan nan 0 0 -nan(ind) 0
78 0 0 nan nan 0 0 -nan(ind) 0
79 0 0 nan nan 0 0 -nan(ind) 0
80 0 0 nan nan 0 0 -nan(ind) 0
81 0 0 nan nan 0 0 -nan(ind) 0
82 0 0 nan nan 0 0 -nan(ind) 0
83 0 0 nan nan 0 0 -nan(ind) 0
84 0 0 nan nan 0 0 -nan(ind) 0
85 0 0 nan nan 0 0 -nan(ind) 0
86 0 0 nan nan 0 0 -nan(ind) 0
87 0 0 nan nan 0 0 -nan(ind) 0
88 0 0 nan nan 0 0 -nan(ind) 0
89 0 0 nan nan 0 0 -nan(ind) 0
90 0 0 nan nan 0 0 -nan(ind) 0
91 0 0 nan nan 0 0 -nan(ind) 0
92 0 0 nan nan 0 0 -nan(ind) 0
93 0 0 nan nan 0 0 -nan(ind) 0
94 0 0 nan nan 0 0 -nan(ind) 0
95 0 0 nan nan 0 0 -nan(ind) 0
96 0 0 nan nan 0 0 -nan(ind) 0
97 0 0 nan nan 0 0 -nan(ind) 0
98 0 0 nan nan 0 0 -nan(ind) 0
99 0 0 nan nan 0 0 -nan(ind) 0
100 0 0 nan nan 0 0 -nan(ind) 0
