1 5338.99 0 8333.33 2000 -8333.33 0
2 5338.99 0 8333.33 2000 -8333.33 -2.72848e-12
3 5338.99 -9.09495e-13 8333.33 2000 -8333.33 3.63798e-12
4 5338.99 0 8333.33 2000 -8333.33 -9.09495e-13
5 5338.99 0 8333.33 2000 -8333.33 -2.72848e-12
6 5338.99 0 8333.33 2000 -8333.33 -9.09495e-13
7 5338.99 0 8333.33 2000 -8333.33 -2.72848e-12
8 5338.99 0 8333.33 2000 -8333.33 3.63798e-12
9 5338.99 0 8333.33 2000 -8333.33 0
10 5338.99 0 8333.33 2000 -8333.33 -2.72848e-12
11 5338.99 0 8333.33 2000 -8333.33 3.63798e-12
12 5338.99 0 8333.33 2000 -8333.33 0
13 5338.99 0 8333.33 2000 -8333.33 -2.72848e-12
14 5338.99 0 8333.33 2000 -8333.33 3.63798e-12
15 5338.99 0 8333.33 2000 -8333.33 0
16 5338.99 0 8333.33 2000 -8333.33 -2.72848e-12
17 5338.99 0 8333.33 2000 -8333.33 3.63798e-12
18 5338.99 0 8333.33 2000 -8333.33 0
19 5338.99 0 8333.33 2000 -8333.33 -2.72848e-12
20 5338.99 0 8333.33 2000 -8333.33 3.63798e-12
21 5338.99 0 8333.33 2000 -8333.33 0
22 5338.99 0 8333.33 2000 -8333.33 -2.72848e-12
23 5338.99 0 8333.33 2000 -8333.33 3.63798e-12
24 5338.99 0 8333.33 2000 -8333.33 0
25 5338.99 0 8333.33 2000 -8333.33 -2.72848e-12
26 5338.99 0 8333.33 2000 -8333.33 3.63798e-12
27 5338.99 0 8333.33 2000 -8333.33 0
28 5338.99 0 8333.33 2000 -8333.33 -2.72848e-12
29 5338.99 0 8333.33 2000 -8333.33 3.63798e-12
30 5338.99 0 8333.33 2000 -8333.33 0
31 5338.99 0 8333.33 2000 -8333.33 -2.72848e-12
32 5338.99 0 8333.33 2000 -8333.33 3.63798e-12
33 5338.99 0 8333.33 2000 -8333.33 0
34 5338.99 0 8333.33 2000 -8333.33 -2.72848e-12
35 5338.99 0 8333.33 2000 -8333.33 3.63798e-12
36 5338.99 0 8333.33 2000 -8333.33 0
37 5338.99 0 8333.33 2000 -8333.33 -2.72848e-12
38 5338.99 0 8333.33 2000 -8333.33 3.63798e-12
39 5338.99 0 8333.33 2000 -8333.33 0
40 5338.99 0 8333.33 2000 -8333.33 -2.72848e-12
41 5338.99 0 8333.33 2000 -8333.33 3.63798e-12
42 5338.99 0 8333.33 2000 -8333.33 0
43 5338.99 0 8333.33 2000 -8333.33 -2.72848e-12
44 5338.99 0 8333.33 2000 -8333.33 3.63798e-12
45 5338.99 0 8333.33 2000 -8333.33 0
46 5338.99 0 8333.33 2000 -8333.33 -2.72848e-12
47 5338.99 0 8333.33 2000 -8333.33 3.63798e-12
48 5338.99 0 8333.33 2000 -8333.33 0
49 5338.99 0 8333.33 2000 -8333.33 -2.72848e-12
50 5338.99 0 8333.33 2000 -8333.33 3.63798e-12
51 5338.99 0 8333.33 2000 -8333.33 0
52 5338.99 0 8333.33 2000 -8333.33 -2.72848e-12
53 5338.99 0 8333.33 2000 -8333.33 3.63798e-12
54 5338.99 0 8333.33 2000 -8333.33 0
55 5338.99 0 8333.33 2000 -8333.33 -2.72848e-12
56 5338.99 0 8333.33 2000 -8333.33 3.63798e-12
57 5338.99 0 8333.33 2000 -8333.33 0
58 5338.99 0 8333.33 2000 -8333.33 -2.72848e-12
59 5338.99 0 8333.33 2000 -8333.33 3.63798e-12
60 5338.99 0 8333.33 2000 -8333.33 0
61 5338.99 0 8333.33 2000 -8333.33 -2.72848e-12
62 5338.99 0 8333.33 2000 -8333.33 3.63798e-12
63 5338.99 0 8333.33 2000 -8333.33 0
64 5338.99 0 8333.33 2000 -8333.33 -2.72848e-12
65 5338.99 0 8333.33 2000 -8333.33 3.63798e-12
66 5338.99 0 8333.33 2000 -8333.33 0
67 5338.99 0 8333.33 2000 -8333.33 -2.72848e-12
68 5338.99 0 8333.33 2000 -8333.33 3.63798e-12
69 5338.99 0 8333.33 2000 -8333.33 0
70 5338.99 0 8333.33 2000 -8333.33 -2.72848e-12
71 5338.99 0 8333.33 2000 -8333.33 3.63798e-12
72 5338.99 0 8333.33 2000 -8333.33 0
73 5338.99 0 8333.33 2000 -8333.33 -2.72848e-12
74 5338.99 0 8333.33 2000 -8333.33 3.63798e-12
75 5338.99 0 8333.33 2000 -8333.33 0
76 5338.99 0 8333.33 2000 -8333.33 -2.72848e-12
77 5338.99 0 8333.33 2000 -8333.33 3.63798e-12
78 5338.99 0 8333.33 2000 -8333.33 0
79 5338.99 0 8333.33 2000 -8333.33 -2.72848e-12
80 5338.99 0 8333.33 2000 -8333.33 3.63798e-12
81 5338.99 0 8333.33 2000 -8333.33 0
82 5338.99 0 8333.33 2000 -8333.33 -2.72848e-12
83 5338.99 0 8333.33 2000 -8333.33 3.63798e-12
84 5338.99 0 8333.33 2000 -8333.33 0
85 5338.99 0 8333.33 2000 -8333.33 -2.72848e-12
86 5338.99 0 8333.33 2000 -8333.33 3.63798e-12
87 5338.99 0 8333.33 2000 -8333.33 0
88 5338.99 0 8333.33 2000 -8333.33 -2.72848e-12
89 5338.99 0 8333.33 2000 -8333.33 3.63798e-12
90 5338.99 0 8333.33 2000 -8333.33 0
91 5338.99 0 8333.33 2000 -8333.33 -2.72848e-12
92 5338.99 0 8333.33 2000 -8333.33 3.63798e-12
93 5338.99 0 8333.33 2000 -8333.33 0
94 5338.99 0 8333.33 2000 -8333.33 -2.72848e-12
95 5338.99 0 8333.33 2000 -8333.33 3.63798e-12
96 5338.99 0 8333.33 2000 -8333.33 0
97 5338.99 0 8333.33 2000 -8333.33 -2.72848e-12
98 5338.99 0 8333.33 2000 -8333.33 3.63798e-12
99 5338.99 0 8333.33 2000 -8333.33 0
100 5338.99 0 8333.33 2000 -8333.33 -2.72848e-12
