1 9.625e-05 -0.00312982 0.00625964 2.5e-05 0.00130208 -0.00195312
2 9.625e-05 -0.00312982 0.00625964 2.5e-05 0.00130208 -0.00195313
3 9.625e-05 -0.00312982 0.00625964 2.5e-05 0.00130208 -0.00195312
4 9.625e-05 -0.00312982 0.00625964 2.5e-05 0.00130208 -0.00195312
5 9.625e-05 -0.00312982 0.00625964 2.5e-05 0.00130208 -0.00195313
6 9.625e-05 -0.00312982 0.00625964 2.5e-05 0.00130208 -0.00195312
7 9.625e-05 -0.00312982 0.00625964 2.5e-05 0.00130208 -0.00195313
8 9.625e-05 -0.00312982 0.00625964 2.5e-05 0.00130208 -0.00195312
9 9.625e-05 -0.00312982 0.00625964 2.5e-05 0.00130208 -0.00195312
10 9.625e-05 -0.00312982 0.00625964 2.5e-05 0.00130208 -0.00195313
11 9.625e-05 -0.00312982 0.00625964 2.5e-05 0.00130208 -0.00195312
12 9.625e-05 -0.00312982 0.00625964 2.5e-05 0.00130208 -0.00195312
13 9.625e-05 -0.00312982 0.00625964 2.5e-05 0.00130208 -0.00195313
14 9.625e-05 -0.00312982 0.00625964 2.5e-05 0.00130208 -0.00195312
15 9.625e-05 -0.00312982 0.00625964 2.5e-05 0.00130208 -0.00195312
16 9.625e-05 -0.00312982 0.00625964 2.5e-05 0.00130208 -0.00195313
17 9.625e-05 -0.00312982 0.00625964 2.5e-05 0.00130208 -0.00195312
18 9.625e-05 -0.00312982 0.00625964 2.5e-05 0.00130208 -0.00195312
19 9.625e-05 -0.00312982 0.00625964 2.5e-05 0.00130208 -0.00195313
20 9.625e-05 -0.00312982 0.00625964 2.5e-05 0.00130208 -0.00195312
21 9.625e-05 -0.00312982 0.00625964 2.5e-05 0.00130208 -0.00195312
22 9.625e-05 -0.00312982 0.00625964 2.5e-05 0.00130208 -0.00195313
23 9.625e-05 -0.00312982 0.00625964 2.5e-05 0.00130208 -0.00195312
24 9.625e-05 -0.00312982 0.00625964 2.5e-05 0.00130208 -0.00195312
25 9.625e-05 -0.00312982 0.00625964 2.5e-05 0.00130208 -0.00195313
26 9.625e-05 -0.00312982 0.00625964 2.5e-05 0.00130208 -0.00195312
27 9.625e-05 -0.00312982 0.00625964 2.5e-05 0.00130208 -0.00195312
28 9.625e-05 -0.00312982 0.00625964 2.5e-05 0.00130208 -0.00195313
29 9.625e-05 -0.00312982 0.00625964 2.5e-05 0.00130208 -0.00195312
30 9.625e-05 -0.00312982 0.00625964 2.5e-05 0.00130208 -0.00195312
31 9.625e-05 -0.00312982 0.00625964 2.5e-05 0.00130208 -0.00195313
32 9.625e-05 -0.00312982 0.00625964 2.5e-05 0.00130208 -0.00195312
33 9.625e-05 -0.00312982 0.00625964 2.5e-05 0.00130208 -0.00195312
34 9.625e-05 -0.00312982 0.00625964 2.5e-05 0.00130208 -0.00195313
35 9.625e-05 -0.00312982 0.00625964 2.5e-05 0.00130208 -0.00195312
36 9.625e-05 -0.00312982 0.00625964 2.5e-05 0.00130208 -0.00195312
37 9.625e-05 -0.00312982 0.00625964 2.5e-05 0.00130208 -0.00195313
38 9.625e-05 -0.00312982 0.00625964 2.5e-05 0.00130208 -0.00195312
39 9.625e-05 -0.00312982 0.00625964 2.5e-05 0.00130208 -0.00195312
40 9.625e-05 -0.00312982 0.00625964 2.5e-05 0.00130208 -0.00195313
41 9.625e-05 -0.00312982 0.00625964 2.5e-05 0.00130208 -0.00195312
42 9.625e-05 -0.00312982 0.00625964 2.5e-05 0.00130208 -0.00195312
43 9.625e-05 -0.00312982 0.00625964 2.5e-05 0.00130208 -0.00195313
44 9.625e-05 -0.00312982 0.00625964 2.5e-05 0.00130208 -0.00195312
45 9.625e-05 -0.00312982 0.00625964 2.5e-05 0.00130208 -0.00195312
46 9.625e-05 -0.00312982 0.00625964 2.5e-05 0.00130208 -0.00195313
47 9.625e-05 -0.00312982 0.00625964 2.5e-05 0.00130208 -0.00195312
48 9.625e-05 -0.00312982 0.00625964 2.5e-05 0.00130208 -0.00195312
49 9.625e-05 -0.00312982 0.00625964 2.5e-05 0.00130208 -0.00195313
50 9.625e-05 -0.00312982 0.00625964 2.5e-05 0.00130208 -0.00195312
51 9.625e-05 -0.00312982 0.00625964 2.5e-05 0.00130208 -0.00195312
52 9.625e-05 -0.00312982 0.00625964 2.5e-05 0.00130208 -0.00195313
53 9.625e-05 -0.00312982 0.00625964 2.5e-05 0.00130208 -0.00195312
54 9.625e-05 -0.00312982 0.00625964 2.5e-05 0.00130208 -0.00195312
55 9.625e-05 -0.00312982 0.00625964 2.5e-05 0.00130208 -0.00195313
56 9.625e-05 -0.00312982 0.00625964 2.5e-05 0.00130208 -0.00195312
57 9.625e-05 -0.00312982 0.00625964 2.5e-05 0.00130208 -0.00195312
58 9.625e-05 -0.00312982 0.00625964 2.5e-05 0.00130208 -0.00195313
59 9.625e-05 -0.00312982 0.00625964 2.5e-05 0.00130208 -0.00195312
60 9.625e-05 -0.00312982 0.00625964 2.5e-05 0.00130208 -0.00195312
61 9.625e-05 -0.00312982 0.00625964 2.5e-05 0.00130208 -0.00195313
62 9.625e-05 -0.00312982 0.00625964 2.5e-05 0.00130208 -0.00195312
63 9.625e-05 -0.00312982 0.00625964 2.5e-05 0.00130208 -0.00195312
64 9.625e-05 -0.00312982 0.00625964 2.5e-05 0.00130208 -0.00195313
65 9.625e-05 -0.00312982 0.00625964 2.5e-05 0.00130208 -0.00195312
66 9.625e-05 -0.00312982 0.00625964 2.5e-05 0.00130208 -0.00195312
67 9.625e-05 -0.00312982 0.00625964 2.5e-05 0.00130208 -0.00195313
68 9.625e-05 -0.00312982 0.00625964 2.5e-05 0.00130208 -0.00195312
69 9.625e-05 -0.00312982 0.00625964 2.5e-05 0.00130208 -0.00195312
70 9.625e-05 -0.00312982 0.00625964 2.5e-05 0.00130208 -0.00195313
71 9.625e-05 -0.00312982 0.00625964 2.5e-05 0.00130208 -0.00195312
72 9.625e-05 -0.00312982 0.00625964 2.5e-05 0.00130208 -0.00195312
73 9.625e-05 -0.00312982 0.00625964 2.5e-05 0.00130208 -0.00195313
74 9.625e-05 -0.00312982 0.00625964 2.5e-05 0.00130208 -0.00195312
75 9.625e-05 -0.00312982 0.00625964 2.5e-05 0.00130208 -0.00195312
76 9.625e-05 -0.00312982 0.00625964 2.5e-05 0.00130208 -0.00195313
77 9.625e-05 -0.00312982 0.00625964 2.5e-05 0.00130208 -0.00195312
78 9.625e-05 -0.00312982 0.00625964 2.5e-05 0.00130208 -0.00195312
79 9.625e-05 -0.00312982 0.00625964 2.5e-05 0.00130208 -0.00195313
80 9.625e-05 -0.00312982 0.00625964 2.5e-05 0.00130208 -0.00195312
81 9.625e-05 -0.00312982 0.00625964 2.5e-05 0.00130208 -0.00195312
82 9.625e-05 -0.00312982 0.00625964 2.5e-05 0.00130208 -0.00195313
83 9.625e-05 -0.00312982 0.00625964 2.5e-05 0.00130208 -0.00195312
84 9.625e-05 -0.00312982 0.00625964 2.5e-05 0.00130208 -0.00195312
85 9.625e-05 -0.00312982 0.00625964 2.5e-05 0.00130208 -0.00195313
86 9.625e-05 -0.00312982 0.00625964 2.5e-05 0.00130208 -0.00195312
87 9.625e-05 -0.00312982 0.00625964 2.5e-05 0.00130208 -0.00195312
88 9.625e-05 -0.00312982 0.00625964 2.5e-05 0.00130208 -0.00195313
89 9.625e-05 -0.00312982 0.00625964 2.5e-05 0.00130208 -0.00195312
90 9.625e-05 -0.00312982 0.00625964 2.5e-05 0.00130208 -0.00195312
91 9.625e-05 -0.00312982 0.00625964 2.5e-05 0.00130208 -0.00195313
92 9.625e-05 -0.00312982 0.00625964 2.5e-05 0.00130208 -0.00195312
93 9.625e-05 -0.00312982 0.00625964 2.5e-05 0.00130208 -0.00195312
94 9.625e-05 -0.00312982 0.00625964 2.5e-05 0.00130208 -0.00195313
95 9.625e-05 -0.00312982 0.00625964 2.5e-05 0.00130208 -0.00195312
96 9.625e-05 -0.00312982 0.00625964 2.5e-05 0.00130208 -0.00195312
97 9.625e-05 -0.00312982 0.00625964 2.5e-05 0.00130208 -0.00195313
98 9.625e-05 -0.00312982 0.00625964 2.5e-05 0.00130208 -0.00195312
99 9.625e-05 -0.00312982 0.00625964 2.5e-05 0.00130208 -0.00195312
100 9.625e-05 -0.00312982 0.00625964 2.5e-05 0.00130208 -0.00195313
