1 0 0 -0.0031098 0.000173517 0 0.00627966 0.000198517 0.0248879 0.00302445
2 0 0 -0.0031098 0.000173517 0 0.00627966 0.000198517 0.0248879 0.00302445
3 0 0 -0.0031098 0.000173517 0 0.00627966 0.000198517 0.0248879 0.00302445
4 0 0 -0.0031098 0.000173517 0 0.00627966 0.000198517 0.0248879 0.00302445
5 0 0 -0.0031098 0.000173517 0 0.00627966 0.000198517 0.0248879 0.00302445
6 0 0 -0.0031098 0.000173517 0 0.00627966 0.000198517 0.0248879 0.00302445
7 0 0 -0.0031098 0.000173517 0 0.00627966 0.000198517 0.0248879 0.00302445
8 0 0 -0.0031098 0.000173517 0 0.00627966 0.000198517 0.0248879 0.00302445
9 0 0 -0.0031098 0.000173517 0 0.00627966 0.000198517 0.0248879 0.00302445
10 0 0 -0.0031098 0.000173517 0 0.00627966 0.000198517 0.0248879 0.00302445
11 0 0 -0.0031098 0.000173517 0 0.00627966 0.000198517 0.0248879 0.00302445
12 0 0 -0.0031098 0.000173517 0 0.00627966 0.000198517 0.0248879 0.00302445
13 0 0 -0.0031098 0.000173517 0 0.00627966 0.000198517 0.0248879 0.00302445
14 0 0 -0.0031098 0.000173517 0 0.00627966 0.000198517 0.0248879 0.00302445
15 0 0 -0.0031098 0.000173517 0 0.00627966 0.000198517 0.0248879 0.00302445
16 0 0 -0.0031098 0.000173517 0 0.00627966 0.000198517 0.0248879 0.00302445
17 0 0 -0.0031098 0.000173517 0 0.00627966 0.000198517 0.0248879 0.00302445
18 0 0 -0.0031098 0.000173517 0 0.00627966 0.000198517 0.0248879 0.00302445
19 0 0 -0.0031098 0.000173517 0 0.00627966 0.000198517 0.0248879 0.00302445
20 0 0 -0.0031098 0.000173517 0 0.00627966 0.000198517 0.0248879 0.00302445
21 0 0 -0.0031098 0.000173517 0 0.00627966 0.000198517 0.0248879 0.00302445
22 0 0 -0.0031098 0.000173517 0 0.00627966 0.000198517 0.0248879 0.00302445
23 0 0 -0.0031098 0.000173517 0 0.00627966 0.000198517 0.0248879 0.00302445
24 0 0 -0.0031098 0.000173517 0 0.00627966 0.000198517 0.0248879 0.00302445
25 0 0 -0.0031098 0.000173517 0 0.00627966 0.000198517 0.0248879 0.00302445
26 0 0 -0.0031098 0.000173517 0 0.00627966 0.000198517 0.0248879 0.00302445
27 0 0 -0.0031098 0.000173517 0 0.00627966 0.000198517 0.0248879 0.00302445
28 0 0 -0.0031098 0.000173517 0 0.00627966 0.000198517 0.0248879 0.00302445
29 0 0 -0.0031098 0.000173517 0 0.00627966 0.000198517 0.0248879 0.00302445
30 0 0 -0.0031098 0.000173517 0 0.00627966 0.000198517 0.0248879 0.00302445
31 0 0 -0.0031098 0.000173517 0 0.00627966 0.000198517 0.0248879 0.00302445
32 0 0 -0.0031098 0.000173517 0 0.00627966 0.000198517 0.0248879 0.00302445
33 0 0 -0.0031098 0.000173517 0 0.00627966 0.000198517 0.0248879 0.00302445
34 0 0 -0.0031098 0.000173517 0 0.00627966 0.000198517 0.0248879 0.00302445
35 0 0 -0.0031098 0.000173517 0 0.00627966 0.000198517 0.0248879 0.00302445
36 0 0 -0.0031098 0.000173517 0 0.00627966 0.000198517 0.0248879 0.00302445
37 0 0 -0.0031098 0.000173517 0 0.00627966 0.000198517 0.0248879 0.00302445
38 0 0 -0.0031098 0.000173517 0 0.00627966 0.000198517 0.0248879 0.00302445
39 0 0 -0.0031098 0.000173517 0 0.00627966 0.000198517 0.0248879 0.00302445
40 0 0 -0.0031098 0.000173517 0 0.00627966 0.000198517 0.0248879 0.00302445
41 0 0 -0.0031098 0.000173517 0 0.00627966 0.000198517 0.0248879 0.00302445
42 0 0 -0.0031098 0.000173517 0 0.00627966 0.000198517 0.0248879 0.00302445
43 0 0 -0.0031098 0.000173517 0 0.00627966 0.000198517 0.0248879 0.00302445
44 0 0 -0.0031098 0.000173517 0 0.00627966 0.000198517 0.0248879 0.00302445
45 0 0 -0.0031098 0.000173517 0 0.00627966 0.000198517 0.0248879 0.00302445
46 0 0 -0.0031098 0.000173517 0 0.00627966 0.000198517 0.0248879 0.00302445
47 0 0 -0.0031098 0.000173517 0 0.00627966 0.000198517 0.0248879 0.00302445
48 0 0 -0.0031098 0.000173517 0 0.00627966 0.000198517 0.0248879 0.00302445
49 0 0 -0.0031098 0.000173517 0 0.00627966 0.000198517 0.0248879 0.00302445
50 0 0 -0.0031098 0.000173517 0 0.00627966 0.000198517 0.0248879 0.00302445
51 0 0 -0.0031098 0.000173517 0 0.00627966 0.000198517 0.0248879 0.00302445
52 0 0 -0.0031098 0.000173517 0 0.00627966 0.000198517 0.0248879 0.00302445
53 0 0 -0.0031098 0.000173517 0 0.00627966 0.000198517 0.0248879 0.00302445
54 0 0 -0.0031098 0.000173517 0 0.00627966 0.000198517 0.0248879 0.00302445
55 0 0 -0.0031098 0.000173517 0 0.00627966 0.000198517 0.0248879 0.00302445
56 0 0 -0.0031098 0.000173517 0 0.00627966 0.000198517 0.0248879 0.00302445
57 0 0 -0.0031098 0.000173517 0 0.00627966 0.000198517 0.0248879 0.00302445
58 0 0 -0.0031098 0.000173517 0 0.00627966 0.000198517 0.0248879 0.00302445
59 0 0 -0.0031098 0.000173517 0 0.00627966 0.000198517 0.0248879 0.00302445
60 0 0 -0.0031098 0.000173517 0 0.00627966 0.000198517 0.0248879 0.00302445
61 0 0 -0.0031098 0.000173517 0 0.00627966 0.000198517 0.0248879 0.00302445
62 0 0 -0.0031098 0.000173517 0 0.00627966 0.000198517 0.0248879 0.00302445
63 0 0 -0.0031098 0.000173517 0 0.00627966 0.000198517 0.0248879 0.00302445
64 0 0 -0.0031098 0.000173517 0 0.00627966 0.000198517 0.0248879 0.00302445
65 0 0 -0.0031098 0.000173517 0 0.00627966 0.000198517 0.0248879 0.00302445
66 0 0 -0.0031098 0.000173517 0 0.00627966 0.000198517 0.0248879 0.00302445
67 0 0 -0.0031098 0.000173517 0 0.00627966 0.000198517 0.0248879 0.00302445
68 0 0 -0.0031098 0.000173517 0 0.00627966 0.000198517 0.0248879 0.00302445
69 0 0 -0.0031098 0.000173517 0 0.00627966 0.000198517 0.0248879 0.00302445
70 0 0 -0.0031098 0.000173517 0 0.00627966 0.000198517 0.0248879 0.00302445
71 0 0 -0.0031098 0.000173517 0 0.00627966 0.000198517 0.0248879 0.00302445
72 0 0 -0.0031098 0.000173517 0 0.00627966 0.000198517 0.0248879 0.00302445
73 0 0 -0.0031098 0.000173517 0 0.00627966 0.000198517 0.0248879 0.00302445
74 0 0 -0.0031098 0.000173517 0 0.00627966 0.000198517 0.0248879 0.00302445
75 0 0 -0.0031098 0.000173517 0 0.00627966 0.000198517 0.0248879 0.00302445
76 0 0 -0.0031098 0.000173517 0 0.00627966 0.000198517 0.0248879 0.00302445
77 0 0 -0.0031098 0.000173517 0 0.00627966 0.000198517 0.0248879 0.00302445
78 0 0 -0.0031098 0.000173517 0 0.00627966 0.000198517 0.0248879 0.00302445
79 0 0 -0.0031098 0.000173517 0 0.00627966 0.000198517 0.0248879 0.00302445
80 0 0 -0.0031098 0.000173517 0 0.00627966 0.000198517 0.0248879 0.00302445
81 0 0 -0.0031098 0.000173517 0 0.00627966 0.000198517 0.0248879 0.00302445
82 0 0 -0.0031098 0.000173517 0 0.00627966 0.000198517 0.0248879 0.00302445
83 0 0 -0.0031098 0.000173517 0 0.00627966 0.000198517 0.0248879 0.00302445
84 0 0 -0.0031098 0.000173517 0 0.00627966 0.000198517 0.0248879 0.00302445
85 0 0 -0.0031098 0.000173517 0 0.00627966 0.000198517 0.0248879 0.00302445
86 0 0 -0.0031098 0.000173517 0 0.00627966 0.000198517 0.0248879 0.00302445
87 0 0 -0.0031098 0.000173517 0 0.00627966 0.000198517 0.0248879 0.00302445
88 0 0 -0.0031098 0.000173517 0 0.00627966 0.000198517 0.0248879 0.00302445
89 0 0 -0.0031098 0.000173517 0 0.00627966 0.000198517 0.0248879 0.00302445
90 0 0 -0.0031098 0.000173517 0 0.00627966 0.000198517 0.0248879 0.00302445
91 0 0 -0.0031098 0.000173517 0 0.00627966 0.000198517 0.0248879 0.00302445
92 0 0 -0.0031098 0.000173517 0 0.00627966 0.000198517 0.0248879 0.00302445
93 0 0 -0.0031098 0.000173517 0 0.00627966 0.000198517 0.0248879 0.00302445
94 0 0 -0.0031098 0.000173517 0 0.00627966 0.000198517 0.0248879 0.00302445
95 0 0 -0.0031098 0.000173517 0 0.00627966 0.000198517 0.0248879 0.00302445
96 0 0 -0.0031098 0.000173517 0 0.00627966 0.000198517 0.0248879 0.00302445
97 0 0 -0.0031098 0.000173517 0 0.00627966 0.000198517 0.0248879 0.00302445
98 0 0 -0.0031098 0.000173517 0 0.00627966 0.000198517 0.0248879 0.00302445
99 0 0 -0.0031098 0.000173517 0 0.00627966 0.000198517 0.0248879 0.00302445
100 0 0 -0.0031098 0.000173517 0 0.00627966 0.000198517 0.0248879 0.00302445
