1 -2000 5083.33 0 2.72848e-12 -20083.3 1.81899e-12 -1.36424e-12 6.82121e-13 0
2 -2000 5083.33 0 1.36424e-12 -20083.3 -1.81899e-12 -1.36424e-12 6.82121e-13 -2.72848e-12
3 -2000 5083.33 -9.09495e-13 -9.09495e-13 -20083.3 0 9.09495e-13 -9.09495e-13 3.63798e-12
4 -2000 5083.33 0 -9.09495e-13 -20083.3 -1.81899e-12 9.09495e-13 6.82121e-13 -9.09495e-13
5 -2000 5083.33 0 1.36424e-12 -20083.3 -1.81899e-12 -1.36424e-12 6.82121e-13 -2.72848e-12
6 -2000 5083.33 0 -9.09495e-13 -20083.3 -1.81899e-12 9.09495e-13 6.82121e-13 -9.09495e-13
7 -2000 5083.33 0 1.36424e-12 -20083.3 -1.81899e-12 -1.36424e-12 6.82121e-13 -2.72848e-12
8 -2000 5083.33 0 -9.09495e-13 -20083.3 0 9.09495e-13 -9.09495e-13 3.63798e-12
9 -2000 5083.33 0 -9.09495e-13 -20083.3 1.81899e-12 9.09495e-13 0 0
10 -2000 5083.33 0 1.36424e-12 -20083.3 -1.81899e-12 -1.36424e-12 6.82121e-13 -2.72848e-12
11 -2000 5083.33 0 -9.09495e-13 -20083.3 0 9.09495e-13 -9.09495e-13 3.63798e-12
12 -2000 5083.33 0 -9.09495e-13 -20083.3 1.81899e-12 9.09495e-13 0 0
13 -2000 5083.33 0 1.36424e-12 -20083.3 -1.81899e-12 -1.36424e-12 6.82121e-13 -2.72848e-12
14 -2000 5083.33 0 -9.09495e-13 -20083.3 0 9.09495e-13 -9.09495e-13 3.63798e-12
15 -2000 5083.33 0 -9.09495e-13 -20083.3 1.81899e-12 9.09495e-13 0 0
16 -2000 5083.33 0 1.36424e-12 -20083.3 -1.81899e-12 -1.36424e-12 6.82121e-13 -2.72848e-12
17 -2000 5083.33 0 -9.09495e-13 -20083.3 0 9.09495e-13 -9.09495e-13 3.63798e-12
18 -2000 5083.33 0 -9.09495e-13 -20083.3 1.81899e-12 9.09495e-13 0 0
19 -2000 5083.33 0 1.36424e-12 -20083.3 -1.81899e-12 -1.36424e-12 6.82121e-13 -2.72848e-12
20 -2000 5083.33 0 -9.09495e-13 -20083.3 0 9.09495e-13 -9.09495e-13 3.63798e-12
21 -2000 5083.33 0 -9.09495e-13 -20083.3 1.81899e-12 9.09495e-13 0 0
22 -2000 5083.33 0 1.36424e-12 -20083.3 -1.81899e-12 -1.36424e-12 6.82121e-13 -2.72848e-12
23 -2000 5083.33 0 -9.09495e-13 -20083.3 0 9.09495e-13 -9.09495e-13 3.63798e-12
24 -2000 5083.33 0 -9.09495e-13 -20083.3 1.81899e-12 9.09495e-13 0 0
25 -2000 5083.33 0 1.36424e-12 -20083.3 -1.81899e-12 -1.36424e-12 6.82121e-13 -2.72848e-12
26 -2000 5083.33 0 -9.09495e-13 -20083.3 0 9.09495e-13 -9.09495e-13 3.63798e-12
27 -2000 5083.33 0 -9.09495e-13 -20083.3 1.81899e-12 9.09495e-13 0 0
28 -2000 5083.33 0 1.36424e-12 -20083.3 -1.81899e-12 -1.36424e-12 6.82121e-13 -2.72848e-12
29 -2000 5083.33 0 -9.09495e-13 -20083.3 0 9.09495e-13 -9.09495e-13 3.63798e-12
30 -2000 5083.33 0 -9.09495e-13 -20083.3 1.81899e-12 9.09495e-13 0 0
31 -2000 5083.33 0 1.36424e-12 -20083.3 -1.81899e-12 -1.36424e-12 6.82121e-13 -2.72848e-12
32 -2000 5083.33 0 -9.09495e-13 -20083.3 0 9.09495e-13 -9.09495e-13 3.63798e-12
33 -2000 5083.33 0 -9.09495e-13 -20083.3 1.81899e-12 9.09495e-13 0 0
34 -2000 5083.33 0 1.36424e-12 -20083.3 -1.81899e-12 -1.36424e-12 6.82121e-13 -2.72848e-12
35 -2000 5083.33 0 -9.09495e-13 -20083.3 0 9.09495e-13 -9.09495e-13 3.63798e-12
36 -2000 5083.33 0 -9.09495e-13 -20083.3 1.81899e-12 9.09495e-13 0 0
37 -2000 5083.33 0 1.36424e-12 -20083.3 -1.81899e-12 -1.36424e-12 6.82121e-13 -2.72848e-12
38 -2000 5083.33 0 -9.09495e-13 -20083.3 0 9.09495e-13 -9.09495e-13 3.63798e-12
39 -2000 5083.33 0 -9.09495e-13 -20083.3 1.81899e-12 9.09495e-13 0 0
40 -2000 5083.33 0 1.36424e-12 -20083.3 -1.81899e-12 -1.36424e-12 6.82121e-13 -2.72848e-12
41 -2000 5083.33 0 -9.09495e-13 -20083.3 0 9.09495e-13 -9.09495e-13 3.63798e-12
42 -2000 5083.33 0 -9.09495e-13 -20083.3 1.81899e-12 9.09495e-13 0 0
43 -2000 5083.33 0 1.36424e-12 -20083.3 -1.81899e-12 -1.36424e-12 6.82121e-13 -2.72848e-12
44 -2000 5083.33 0 -9.09495e-13 -20083.3 0 9.09495e-13 -9.09495e-13 3.63798e-12
45 -2000 5083.33 0 -9.09495e-13 -20083.3 1.81899e-12 9.09495e-13 0 0
46 -2000 5083.33 0 1.36424e-12 -20083.3 -1.81899e-12 -1.36424e-12 6.82121e-13 -2.72848e-12
47 -2000 5083.33 0 -9.09495e-13 -20083.3 0 9.09495e-13 -9.09495e-13 3.63798e-12
48 -2000 5083.33 0 -9.09495e-13 -20083.3 1.81899e-12 9.09495e-13 0 0
49 -2000 5083.33 0 1.36424e-12 -20083.3 -1.81899e-12 -1.36424e-12 6.82121e-13 -2.72848e-12
50 -2000 5083.33 0 -9.09495e-13 -20083.3 0 9.09495e-13 -9.09495e-13 3.63798e-12
51 -2000 5083.33 0 -9.09495e-13 -20083.3 1.81899e-12 9.09495e-13 0 0
52 -2000 5083.33 0 1.36424e-12 -20083.3 -1.81899e-12 -1.36424e-12 6.82121e-13 -2.72848e-12
53 -2000 5083.33 0 -9.09495e-13 -20083.3 0 9.09495e-13 -9.09495e-13 3.63798e-12
54 -2000 5083.33 0 -9.09495e-13 -20083.3 1.81899e-12 9.09495e-13 0 0
55 -2000 5083.33 0 1.36424e-12 -20083.3 -1.81899e-12 -1.36424e-12 6.82121e-13 -2.72848e-12
56 -2000 5083.33 0 -9.09495e-13 -20083.3 0 9.09495e-13 -9.09495e-13 3.63798e-12
57 -2000 5083.33 0 -9.09495e-13 -20083.3 1.81899e-12 9.09495e-13 0 0
58 -2000 5083.33 0 1.36424e-12 -20083.3 -1.81899e-12 -1.36424e-12 6.82121e-13 -2.72848e-12
59 -2000 5083.33 0 -9.09495e-13 -20083.3 0 9.09495e-13 -9.09495e-13 3.63798e-12
60 -2000 5083.33 0 -9.09495e-13 -20083.3 1.81899e-12 9.09495e-13 0 0
61 -2000 5083.33 0 1.36424e-12 -20083.3 -1.81899e-12 -1.36424e-12 6.82121e-13 -2.72848e-12
62 -2000 5083.33 0 -9.09495e-13 -20083.3 0 9.09495e-13 -9.09495e-13 3.63798e-12
63 -2000 5083.33 0 -9.09495e-13 -20083.3 1.81899e-12 9.09495e-13 0 0
64 -2000 5083.33 0 1.36424e-12 -20083.3 -1.81899e-12 -1.36424e-12 6.82121e-13 -2.72848e-12
65 -2000 5083.33 0 -9.09495e-13 -20083.3 0 9.09495e-13 -9.09495e-13 3.63798e-12
66 -2000 5083.33 0 -9.09495e-13 -20083.3 1.81899e-12 9.09495e-13 0 0
67 -2000 5083.33 0 1.36424e-12 -20083.3 -1.81899e-12 -1.36424e-12 6.82121e-13 -2.72848e-12
68 -2000 5083.33 0 -9.09495e-13 -20083.3 0 9.09495e-13 -9.09495e-13 3.63798e-12
69 -2000 5083.33 0 -9.09495e-13 -20083.3 1.81899e-12 9.09495e-13 0 0
70 -2000 5083.33 0 1.36424e-12 -20083.3 -1.81899e-12 -1.36424e-12 6.82121e-13 -2.72848e-12
71 -2000 5083.33 0 -9.09495e-13 -20083.3 0 9.09495e-13 -9.09495e-13 3.63798e-12
72 -2000 5083.33 0 -9.09495e-13 -20083.3 1.81899e-12 9.09495e-13 0 0
73 -2000 5083.33 0 1.36424e-12 -20083.3 -1.81899e-12 -1.36424e-12 6.82121e-13 -2.72848e-12
74 -2000 5083.33 0 -9.09495e-13 -20083.3 0 9.09495e-13 -9.09495e-13 3.63798e-12
75 -2000 5083.33 0 -9.09495e-13 -20083.3 1.81899e-12 9.09495e-13 0 0
76 -2000 5083.33 0 1.36424e-12 -20083.3 -1.81899e-12 -1.36424e-12 6.82121e-13 -2.72848e-12
77 -2000 5083.33 0 -9.09495e-13 -20083.3 0 9.09495e-13 -9.09495e-13 3.63798e-12
78 -2000 5083.33 0 -9.09495e-13 -20083.3 1.81899e-12 9.09495e-13 0 0
79 -2000 5083.33 0 1.36424e-12 -20083.3 -1.81899e-12 -1.36424e-12 6.82121e-13 -2.72848e-12
80 -2000 5083.33 0 -9.09495e-13 -20083.3 0 9.09495e-13 -9.09495e-13 3.63798e-12
81 -2000 5083.33 0 -9.09495e-13 -20083.3 1.81899e-12 9.09495e-13 0 0
82 -2000 5083.33 0 1.36424e-12 -20083.3 -1.81899e-12 -1.36424e-12 6.82121e-13 -2.72848e-12
83 -2000 5083.33 0 -9.09495e-13 -20083.3 0 9.09495e-13 -9.09495e-13 3.63798e-12
84 -2000 5083.33 0 -9.09495e-13 -20083.3 1.81899e-12 9.09495e-13 0 0
85 -2000 5083.33 0 1.36424e-12 -20083.3 -1.81899e-12 -1.36424e-12 6.82121e-13 -2.72848e-12
86 -2000 5083.33 0 -9.09495e-13 -20083.3 0 9.09495e-13 -9.09495e-13 3.63798e-12
87 -2000 5083.33 0 -9.09495e-13 -20083.3 1.81899e-12 9.09495e-13 0 0
88 -2000 5083.33 0 1.36424e-12 -20083.3 -1.81899e-12 -1.36424e-12 6.82121e-13 -2.72848e-12
89 -2000 5083.33 0 -9.09495e-13 -20083.3 0 9.09495e-13 -9.09495e-13 3.63798e-12
90 -2000 5083.33 0 -9.09495e-13 -20083.3 1.81899e-12 9.09495e-13 0 0
91 -2000 5083.33 0 1.36424e-12 -20083.3 -1.81899e-12 -1.36424e-12 6.82121e-13 -2.72848e-12
92 -2000 5083.33 0 -9.09495e-13 -20083.3 0 9.09495e-13 -9.09495e-13 3.63798e-12
93 -2000 5083.33 0 -9.09495e-13 -20083.3 1.81899e-12 9.09495e-13 0 0
94 -2000 5083.33 0 1.36424e-12 -20083.3 -1.81899e-12 -1.36424e-12 6.82121e-13 -2.72848e-12
95 -2000 5083.33 0 -9.09495e-13 -20083.3 0 9.09495e-13 -9.09495e-13 3.63798e-12
96 -2000 5083.33 0 -9.09495e-13 -20083.3 1.81899e-12 9.09495e-13 0 0
97 -2000 5083.33 0 1.36424e-12 -20083.3 -1.81899e-12 -1.36424e-12 6.82121e-13 -2.72848e-12
98 -2000 5083.33 0 -9.09495e-13 -20083.3 0 9.09495e-13 -9.09495e-13 3.63798e-12
99 -2000 5083.33 0 -9.09495e-13 -20083.3 1.81899e-12 9.09495e-13 0 0
100 -2000 5083.33 0 1.36424e-12 -20083.3 -1.81899e-12 -1.36424e-12 6.82121e-13 -2.72848e-12
