1 0 0 -4.40792e+10 1.76317e+11 -1.76317e+11 -4.40792e+10
2 0 0 -8.81584e+10 3.52634e+11 -3.52634e+11 -8.81584e+10
3 0 0 -1.32238e+11 5.2895e+11 -5.2895e+11 -1.32238e+11
4 0 0 -1.76317e+11 7.05267e+11 -7.05267e+11 -1.76317e+11
5 0 0 -2.20396e+11 8.81584e+11 -8.81584e+11 -2.20396e+11
6 0 0 -2.64475e+11 1.0579e+12 -1.0579e+12 -2.64475e+11
7 0 0 -3.08554e+11 1.23422e+12 -1.23422e+12 -3.08554e+11
8 0 0 -3.52634e+11 1.41053e+12 -1.41053e+12 -3.52634e+11
9 0 0 -3.96713e+11 1.58685e+12 -1.58685e+12 -3.96713e+11
10 0 0 -4.40792e+11 1.76317e+12 -1.76317e+12 -4.40792e+11
11 0 0 -4.84871e+11 1.93948e+12 -1.93948e+12 -4.84871e+11
12 0 0 -5.2895e+11 2.1158e+12 -2.1158e+12 -5.2895e+11
13 0 0 -5.7303e+11 2.29212e+12 -2.29212e+12 -5.7303e+11
14 0 0 -6.17109e+11 2.46844e+12 -2.46844e+12 -6.17109e+11
15 0 0 -6.61188e+11 2.64475e+12 -2.64475e+12 -6.61188e+11
16 0 0 -7.05267e+11 2.82107e+12 -2.82107e+12 -7.05267e+11
17 0 0 -7.49346e+11 2.99739e+12 -2.99739e+12 -7.49346e+11
18 0 0 -7.93426e+11 3.1737e+12 -3.1737e+12 -7.93426e+11
19 0 0 -8.37505e+11 3.35002e+12 -3.35002e+12 -8.37505e+11
20 0 0 -8.81584e+11 3.52634e+12 -3.52634e+12 -8.81584e+11
21 0 0 -9.25663e+11 3.70265e+12 -3.70265e+12 -9.25663e+11
22 0 0 -9.69742e+11 3.87897e+12 -3.87897e+12 -9.69742e+11
23 0 0 -1.01382e+12 4.05529e+12 -4.05529e+12 -1.01382e+12
24 0 0 -1.0579e+12 4.2316e+12 -4.2316e+12 -1.0579e+12
25 0 0 -1.10198e+12 4.40792e+12 -4.40792e+12 -1.10198e+12
26 0 0 -1.14606e+12 4.58424e+12 -4.58424e+12 -1.14606e+12
27 0 0 -1.19014e+12 4.76055e+12 -4.76055e+12 -1.19014e+12
28 0 0 -1.23422e+12 4.93687e+12 -4.93687e+12 -1.23422e+12
29 0 0 -1.2783e+12 5.11319e+12 -5.11319e+12 -1.2783e+12
30 0 0 -1.32238e+12 5.2895e+12 -5.2895e+12 -1.32238e+12
31 0 0 -1.36646e+12 5.46582e+12 -5.46582e+12 -1.36646e+12
32 0 0 -1.41053e+12 5.64214e+12 -5.64214e+12 -1.41053e+12
33 0 0 -1.45461e+12 5.81845e+12 -5.81845e+12 -1.45461e+12
34 0 0 -1.49869e+12 5.99477e+12 -5.99477e+12 -1.49869e+12
35 0 0 -1.54277e+12 6.17109e+12 -6.17109e+12 -1.54277e+12
36 0 0 -1.58685e+12 6.34741e+12 -6.34741e+12 -1.58685e+12
37 0 0 -1.63093e+12 6.52372e+12 -6.52372e+12 -1.63093e+12
38 0 0 -1.67501e+12 6.70004e+12 -6.70004e+12 -1.67501e+12
39 0 0 -1.71909e+12 6.87636e+12 -6.87636e+12 -1.71909e+12
40 0 0 -1.76317e+12 7.05267e+12 -7.05267e+12 -1.76317e+12
41 0 0 -1.80725e+12 7.22899e+12 -7.22899e+12 -1.80725e+12
42 0 0 -1.85133e+12 7.40531e+12 -7.40531e+12 -1.85133e+12
43 0 0 -1.89541e+12 7.58162e+12 -7.58162e+12 -1.89541e+12
44 0 0 -1.93948e+12 7.75794e+12 -7.75794e+12 -1.93948e+12
45 0 0 -1.98356e+12 7.93426e+12 -7.93426e+12 -1.98356e+12
46 0 0 -2.02764e+12 8.11057e+12 -8.11057e+12 -2.02764e+12
47 0 0 -2.07172e+12 8.28689e+12 -8.28689e+12 -2.07172e+12
48 0 0 -2.1158e+12 8.46321e+12 -8.46321e+12 -2.1158e+12
49 0 0 -2.15988e+12 8.63952e+12 -8.63952e+12 -2.15988e+12
50 0 0 -2.20396e+12 8.81584e+12 -8.81584e+12 -2.20396e+12
51 0 0 -2.24804e+12 8.99216e+12 -8.99216e+12 -2.24804e+12
52 0 0 -2.29212e+12 9.16847e+12 -9.16847e+12 -2.29212e+12
53 0 0 -2.3362e+12 9.34479e+12 -9.34479e+12 -2.3362e+12
54 0 0 -2.38028e+12 9.52111e+12 -9.52111e+12 -2.38028e+12
55 0 0 -2.42436e+12 9.69742e+12 -9.69742e+12 -2.42436e+12
56 0 0 -2.46844e+12 9.87374e+12 -9.87374e+12 -2.46844e+12
57 0 0 -2.51251e+12 1.00501e+13 -1.00501e+13 -2.51251e+12
58 0 0 -2.55659e+12 1.02264e+13 -1.02264e+13 -2.55659e+12
59 0 0 -2.60067e+12 1.04027e+13 -1.04027e+13 -2.60067e+12
60 0 0 -2.64475e+12 1.0579e+13 -1.0579e+13 -2.64475e+12
61 0 0 -2.68883e+12 1.07553e+13 -1.07553e+13 -2.68883e+12
62 0 0 -2.73291e+12 1.09316e+13 -1.09316e+13 -2.73291e+12
63 0 0 -2.77699e+12 1.1108e+13 -1.1108e+13 -2.77699e+12
64 0 0 -2.82107e+12 1.12843e+13 -1.12843e+13 -2.82107e+12
65 0 0 -2.86515e+12 1.14606e+13 -1.14606e+13 -2.86515e+12
66 0 0 -2.90923e+12 1.16369e+13 -1.16369e+13 -2.90923e+12
67 0 0 -2.95331e+12 1.18132e+13 -1.18132e+13 -2.95331e+12
68 0 0 -2.99739e+12 1.19895e+13 -1.19895e+13 -2.99739e+12
69 0 0 -3.04146e+12 1.21659e+13 -1.21659e+13 -3.04146e+12
70 0 0 -3.08554e+12 1.23422e+13 -1.23422e+13 -3.08554e+12
71 0 0 -3.12962e+12 1.25185e+13 -1.25185e+13 -3.12962e+12
72 0 0 -3.1737e+12 1.26948e+13 -1.26948e+13 -3.1737e+12
73 0 0 -3.21778e+12 1.28711e+13 -1.28711e+13 -3.21778e+12
74 0 0 -3.26186e+12 1.30474e+13 -1.30474e+13 -3.26186e+12
75 0 0 -3.30594e+12 1.32238e+13 -1.32238e+13 -3.30594e+12
76 0 0 -3.35002e+12 1.34001e+13 -1.34001e+13 -3.35002e+12
77 0 0 -3.3941e+12 1.35764e+13 -1.35764e+13 -3.3941e+12
78 0 0 -3.43818e+12 1.37527e+13 -1.37527e+13 -3.43818e+12
79 0 0 -3.48226e+12 1.3929e+13 -1.3929e+13 -3.48226e+12
80 0 0 -3.52634e+12 1.41053e+13 -1.41053e+13 -3.52634e+12
81 0 0 -3.57042e+12 1.42817e+13 -1.42817e+13 -3.57042e+12
82 0 0 -3.61449e+12 1.4458e+13 -1.4458e+13 -3.61449e+12
83 0 0 -3.65857e+12 1.46343e+13 -1.46343e+13 -3.65857e+12
84 0 0 -3.70265e+12 1.48106e+13 -1.48106e+13 -3.70265e+12
85 0 0 -3.74673e+12 1.49869e+13 -1.49869e+13 -3.74673e+12
86 0 0 -3.79081e+12 1.51632e+13 -1.51632e+13 -3.79081e+12
87 0 0 -3.83489e+12 1.53396e+13 -1.53396e+13 -3.83489e+12
88 0 0 -3.87897e+12 1.55159e+13 -1.55159e+13 -3.87897e+12
89 0 0 -3.92305e+12 1.56922e+13 -1.56922e+13 -3.92305e+12
90 0 0 -3.96713e+12 1.58685e+13 -1.58685e+13 -3.96713e+12
91 0 0 -4.01121e+12 1.60448e+13 -1.60448e+13 -4.01121e+12
92 0 0 -4.05529e+12 1.62211e+13 -1.62211e+13 -4.05529e+12
93 0 0 -4.09937e+12 1.63975e+13 -1.63975e+13 -4.09937e+12
94 0 0 -4.14345e+12 1.65738e+13 -1.65738e+13 -4.14345e+12
95 0 0 -4.18752e+12 1.67501e+13 -1.67501e+13 -4.18752e+12
96 0 0 -4.2316e+12 1.69264e+13 -1.69264e+13 -4.2316e+12
97 0 0 -4.27568e+12 1.71027e+13 -1.71027e+13 -4.27568e+12
98 0 0 -4.31976e+12 1.7279e+13 -1.7279e+13 -4.31976e+12
99 0 0 -4.36384e+12 1.74554e+13 -1.74554e+13 -4.36384e+12
100 0 0 -4.40792e+12 1.76317e+13 -1.76317e+13 -4.40792e+12
