6.74e+06 -3.37e+06 -5.83684e+06 3.37e+06 5.83684e+06 -3.37e+06 5.83684e+06 3.37e+06 -5.83684e+06 -3.37e+06 -0 3.37e+06 0
7.54e+06 -3.77e+06 -6.52964e+06 3.77e+06 6.52964e+06 -3.77e+06 6.52964e+06 3.77e+06 -6.52964e+06 -3.77e+06 -0 3.77e+06 0
8.34e+06 -4.17e+06 -7.22244e+06 4.17e+06 7.22244e+06 -4.17e+06 7.22244e+06 4.17e+06 -7.22244e+06 -4.17e+06 -0 4.17e+06 0
9.14e+06 -4.57e+06 -7.91524e+06 4.57e+06 7.91524e+06 -4.57e+06 7.91524e+06 4.57e+06 -7.91524e+06 -4.57e+06 -0 4.57e+06 0
9.94e+06 -4.97e+06 -8.60804e+06 4.97e+06 8.60804e+06 -4.97e+06 8.60804e+06 4.97e+06 -8.60804e+06 -4.97e+06 -0 4.97e+06 0
1.074e+07 -5.37e+06 -9.30084e+06 5.37e+06 9.30084e+06 -5.37e+06 9.30084e+06 5.37e+06 -9.30084e+06 -5.37e+06 -0 5.37e+06 0
1.154e+07 -5.77e+06 -9.99364e+06 5.77e+06 9.99364e+06 -5.77e+06 9.99364e+06 5.77e+06 -9.99364e+06 -5.77e+06 -0 5.77e+06 0
1.234e+07 -6.17e+06 -1.06864e+07 6.17e+06 1.06864e+07 -6.17e+06 1.06864e+07 6.17e+06 -1.06864e+07 -6.17e+06 -0 6.17e+06 0
1.314e+07 -6.57e+06 -1.13792e+07 6.57e+06 1.13792e+07 -6.57e+06 1.13792e+07 6.57e+06 -1.13792e+07 -6.57e+06 -0 6.57e+06 0
1.394e+07 -6.97e+06 -1.2072e+07 6.97e+06 1.2072e+07 -6.97e+06 1.2072e+07 6.97e+06 -1.2072e+07 -6.97e+06 -0 6.97e+06 0
