6.74e+06 -6.73985e+06 0 6.73985e+06 0 6.73985e+06 0 -6.73985e+06 0 -3.37e+06 0 3.37e+06 0
7.54e+06 -7.53983e+06 0 7.53983e+06 0 7.53983e+06 0 -7.53983e+06 0 -3.77e+06 0 3.77e+06 0
8.34e+06 -8.33982e+06 0 8.33982e+06 0 8.33982e+06 0 -8.33982e+06 0 -4.17e+06 0 4.17e+06 0
9.14e+06 -9.1398e+06 0 9.1398e+06 0 9.1398e+06 0 -9.1398e+06 0 -4.57e+06 0 4.57e+06 0
9.94e+06 -9.93978e+06 0 9.93978e+06 0 9.93978e+06 0 -9.93978e+06 0 -4.97e+06 0 4.97e+06 0
1.074e+07 -1.07398e+07 0 1.07398e+07 0 1.07398e+07 0 -1.07398e+07 0 -5.37e+06 0 5.37e+06 0
1.154e+07 -1.15397e+07 0 1.15397e+07 0 1.15397e+07 0 -1.15397e+07 0 -5.77e+06 0 5.77e+06 0
1.234e+07 -1.23397e+07 0 1.23397e+07 0 1.23397e+07 0 -1.23397e+07 0 -6.17e+06 0 6.17e+06 0
1.314e+07 -1.31397e+07 0 1.31397e+07 0 1.31397e+07 0 -1.31397e+07 0 -6.57e+06 0 6.57e+06 0
1.394e+07 -1.39397e+07 0 1.39397e+07 0 1.39397e+07 0 -1.39397e+07 0 -6.97e+06 0 6.97e+06 0
