6.74e+06 -6.74e+06 -5.83684e+06 0 5.83684e+06 -9.31323e-10 0
7.54e+06 -7.54e+06 -6.52964e+06 4.65661e-10 6.52964e+06 -1.39698e-09 0
8.34e+06 -8.34e+06 -7.22244e+06 4.65661e-10 7.22244e+06 -9.31323e-10 0
9.14e+06 -9.14e+06 -7.91524e+06 9.31323e-10 7.91524e+06 -1.86265e-09 0
9.94e+06 -9.94e+06 -8.60804e+06 0 8.60804e+06 0 0
1.074e+07 -1.074e+07 -9.30084e+06 0 9.30084e+06 0 0
1.154e+07 -1.154e+07 -9.99364e+06 0 9.99364e+06 0 0
1.234e+07 -1.234e+07 -1.06864e+07 9.31323e-10 1.06864e+07 0 1.86265e-09
1.314e+07 -1.314e+07 -1.13792e+07 9.31323e-10 1.13792e+07 0 3.72529e-09
1.394e+07 -1.394e+07 -1.2072e+07 0 1.2072e+07 0 0
