1 0.00025 -0.00025 0.00025
2 0.00025 -0.00025 0.00025
3 0.00025 -0.00025 0.00025
4 0.00025 -0.00025 0.00025
5 0.00025 -0.00025 0.00025
6 0.00025 -0.00025 0.00025
7 0.00025 -0.00025 0.00025
8 0.00025 -0.00025 0.00025
9 0.00025 -0.00025 0.00025
10 0.00025 -0.00025 0.00025
11 0.00025 -0.00025 0.00025
12 0.00025 -0.00025 0.00025
13 0.00025 -0.00025 0.00025
14 0.00025 -0.00025 0.00025
15 0.00025 -0.00025 0.00025
16 0.00025 -0.00025 0.00025
17 0.00025 -0.00025 0.00025
18 0.00025 -0.00025 0.00025
19 0.00025 -0.00025 0.00025
20 0.00025 -0.00025 0.00025
21 0.00025 -0.00025 0.00025
22 0.00025 -0.00025 0.00025
23 0.00025 -0.00025 0.00025
24 0.00025 -0.00025 0.00025
25 0.00025 -0.00025 0.00025
26 0.00025 -0.00025 0.00025
27 0.00025 -0.00025 0.00025
28 0.00025 -0.00025 0.00025
29 0.00025 -0.00025 0.00025
30 0.00025 -0.00025 0.00025
31 0.00025 -0.00025 0.00025
32 0.00025 -0.00025 0.00025
33 0.00025 -0.00025 0.00025
34 0.00025 -0.00025 0.00025
35 0.00025 -0.00025 0.00025
36 0.00025 -0.00025 0.00025
37 0.00025 -0.00025 0.00025
38 0.00025 -0.00025 0.00025
39 0.00025 -0.00025 0.00025
40 0.00025 -0.00025 0.00025
41 0.00025 -0.00025 0.00025
42 0.00025 -0.00025 0.00025
43 0.00025 -0.00025 0.00025
44 0.00025 -0.00025 0.00025
45 0.00025 -0.00025 0.00025
46 0.00025 -0.00025 0.00025
47 0.00025 -0.00025 0.00025
48 0.00025 -0.00025 0.00025
49 0.00025 -0.00025 0.00025
50 0.00025 -0.00025 0.00025
51 0.00025 -0.00025 0.00025
52 0.00025 -0.00025 0.00025
53 0.00025 -0.00025 0.00025
54 0.00025 -0.00025 0.00025
55 0.00025 -0.00025 0.00025
56 0.00025 -0.00025 0.00025
57 0.00025 -0.00025 0.00025
58 0.00025 -0.00025 0.00025
59 0.00025 -0.00025 0.00025
60 0.00025 -0.00025 0.00025
61 0.00025 -0.00025 0.00025
62 0.00025 -0.00025 0.00025
63 0.00025 -0.00025 0.00025
64 0.00025 -0.00025 0.00025
65 0.00025 -0.00025 0.00025
66 0.00025 -0.00025 0.00025
67 0.00025 -0.00025 0.00025
68 0.00025 -0.00025 0.00025
69 0.00025 -0.00025 0.00025
70 0.00025 -0.00025 0.00025
71 0.00025 -0.00025 0.00025
72 0.00025 -0.00025 0.00025
73 0.00025 -0.00025 0.00025
74 0.00025 -0.00025 0.00025
75 0.00025 -0.00025 0.00025
76 0.00025 -0.00025 0.00025
77 0.00025 -0.00025 0.00025
78 0.00025 -0.00025 0.00025
79 0.00025 -0.00025 0.00025
80 0.00025 -0.00025 0.00025
81 0.00025 -0.00025 0.00025
82 0.00025 -0.00025 0.00025
83 0.00025 -0.00025 0.00025
84 0.00025 -0.00025 0.00025
85 0.00025 -0.00025 0.00025
86 0.00025 -0.00025 0.00025
87 0.00025 -0.00025 0.00025
88 0.00025 -0.00025 0.00025
89 0.00025 -0.00025 0.00025
90 0.00025 -0.00025 0.00025
91 0.00025 -0.00025 0.00025
92 0.00025 -0.00025 0.00025
93 0.00025 -0.00025 0.00025
94 0.00025 -0.00025 0.00025
95 0.00025 -0.00025 0.00025
96 0.00025 -0.00025 0.00025
97 0.00025 -0.00025 0.00025
98 0.00025 -0.00025 0.00025
99 0.00025 -0.00025 0.00025
100 0.00025 -0.00025 0.00025
