1 -7071.07 0 7071.07 0 7071.07 0 -7071.07 0 -5000 0 5000 0
2 -7071.07 0 7071.07 0 7071.07 0 -7071.07 0 -5000 0 5000 0
3 -7071.07 0 7071.07 0 7071.07 0 -7071.07 0 -5000 0 5000 0
4 -7071.07 0 7071.07 0 7071.07 0 -7071.07 0 -5000 0 5000 0
5 -7071.07 0 7071.07 0 7071.07 0 -7071.07 0 -5000 0 5000 0
6 -7071.07 0 7071.07 0 7071.07 0 -7071.07 0 -5000 0 5000 0
7 -7071.07 0 7071.07 0 7071.07 0 -7071.07 0 -5000 0 5000 0
8 -7071.07 0 7071.07 0 7071.07 0 -7071.07 0 -5000 0 5000 0
9 -7071.07 0 7071.07 0 7071.07 0 -7071.07 0 -5000 0 5000 0
10 -7071.07 0 7071.07 0 7071.07 0 -7071.07 0 -5000 0 5000 0
11 -7071.07 0 7071.07 0 7071.07 0 -7071.07 0 -5000 0 5000 0
12 -7071.07 0 7071.07 0 7071.07 0 -7071.07 0 -5000 0 5000 0
13 -7071.07 0 7071.07 0 7071.07 0 -7071.07 0 -5000 0 5000 0
14 -7071.07 0 7071.07 0 7071.07 0 -7071.07 0 -5000 0 5000 0
15 -7071.07 0 7071.07 0 7071.07 0 -7071.07 0 -5000 0 5000 0
16 -7071.07 0 7071.07 0 7071.07 0 -7071.07 0 -5000 0 5000 0
17 -7071.07 0 7071.07 0 7071.07 0 -7071.07 0 -5000 0 5000 0
18 -7071.07 0 7071.07 0 7071.07 0 -7071.07 0 -5000 0 5000 0
19 -7071.07 0 7071.07 0 7071.07 0 -7071.07 0 -5000 0 5000 0
20 -7071.07 0 7071.07 0 7071.07 0 -7071.07 0 -5000 0 5000 0
21 -7071.07 0 7071.07 0 7071.07 0 -7071.07 0 -5000 0 5000 0
22 -7071.07 0 7071.07 0 7071.07 0 -7071.07 0 -5000 0 5000 0
23 -7071.07 0 7071.07 0 7071.07 0 -7071.07 0 -5000 0 5000 0
24 -7071.07 0 7071.07 0 7071.07 0 -7071.07 0 -5000 0 5000 0
25 -7071.07 0 7071.07 0 7071.07 0 -7071.07 0 -5000 0 5000 0
26 -7071.07 0 7071.07 0 7071.07 0 -7071.07 0 -5000 0 5000 0
27 -7071.07 0 7071.07 0 7071.07 0 -7071.07 0 -5000 0 5000 0
28 -7071.07 0 7071.07 0 7071.07 0 -7071.07 0 -5000 0 5000 0
29 -7071.07 0 7071.07 0 7071.07 0 -7071.07 0 -5000 0 5000 0
30 -7071.07 0 7071.07 0 7071.07 0 -7071.07 0 -5000 0 5000 0
31 -7071.07 0 7071.07 0 7071.07 0 -7071.07 0 -5000 0 5000 0
32 -7071.07 0 7071.07 0 7071.07 0 -7071.07 0 -5000 0 5000 0
33 -7071.07 0 7071.07 0 7071.07 0 -7071.07 0 -5000 0 5000 0
34 -7071.07 0 7071.07 0 7071.07 0 -7071.07 0 -5000 0 5000 0
35 -7071.07 0 7071.07 0 7071.07 0 -7071.07 0 -5000 0 5000 0
36 -7071.07 0 7071.07 0 7071.07 0 -7071.07 0 -5000 0 5000 0
37 -7071.07 0 7071.07 0 7071.07 0 -7071.07 0 -5000 0 5000 0
38 -7071.07 0 7071.07 0 7071.07 0 -7071.07 0 -5000 0 5000 0
39 -7071.07 0 7071.07 0 7071.07 0 -7071.07 0 -5000 0 5000 0
40 -7071.07 0 7071.07 0 7071.07 0 -7071.07 0 -5000 0 5000 0
41 -7071.07 0 7071.07 0 7071.07 0 -7071.07 0 -5000 0 5000 0
42 -7071.07 0 7071.07 0 7071.07 0 -7071.07 0 -5000 0 5000 0
43 -7071.07 0 7071.07 0 7071.07 0 -7071.07 0 -5000 0 5000 0
44 -7071.07 0 7071.07 0 7071.07 0 -7071.07 0 -5000 0 5000 0
45 -7071.07 0 7071.07 0 7071.07 0 -7071.07 0 -5000 0 5000 0
46 -7071.07 0 7071.07 0 7071.07 0 -7071.07 0 -5000 0 5000 0
47 -7071.07 0 7071.07 0 7071.07 0 -7071.07 0 -5000 0 5000 0
48 -7071.07 0 7071.07 0 7071.07 0 -7071.07 0 -5000 0 5000 0
49 -7071.07 0 7071.07 0 7071.07 0 -7071.07 0 -5000 0 5000 0
50 -7071.07 0 7071.07 0 7071.07 0 -7071.07 0 -5000 0 5000 0
51 -7071.07 0 7071.07 0 7071.07 0 -7071.07 0 -5000 0 5000 0
52 -7071.07 0 7071.07 0 7071.07 0 -7071.07 0 -5000 0 5000 0
53 -7071.07 0 7071.07 0 7071.07 0 -7071.07 0 -5000 0 5000 0
54 -7071.07 0 7071.07 0 7071.07 0 -7071.07 0 -5000 0 5000 0
55 -7071.07 0 7071.07 0 7071.07 0 -7071.07 0 -5000 0 5000 0
56 -7071.07 0 7071.07 0 7071.07 0 -7071.07 0 -5000 0 5000 0
57 -7071.07 0 7071.07 0 7071.07 0 -7071.07 0 -5000 0 5000 0
58 -7071.07 0 7071.07 0 7071.07 0 -7071.07 0 -5000 0 5000 0
59 -7071.07 0 7071.07 0 7071.07 0 -7071.07 0 -5000 0 5000 0
60 -7071.07 0 7071.07 0 7071.07 0 -7071.07 0 -5000 0 5000 0
61 -7071.07 0 7071.07 0 7071.07 0 -7071.07 0 -5000 0 5000 0
62 -7071.07 0 7071.07 0 7071.07 0 -7071.07 0 -5000 0 5000 0
63 -7071.07 0 7071.07 0 7071.07 0 -7071.07 0 -5000 0 5000 0
64 -7071.07 0 7071.07 0 7071.07 0 -7071.07 0 -5000 0 5000 0
65 -7071.07 0 7071.07 0 7071.07 0 -7071.07 0 -5000 0 5000 0
66 -7071.07 0 7071.07 0 7071.07 0 -7071.07 0 -5000 0 5000 0
67 -7071.07 0 7071.07 0 7071.07 0 -7071.07 0 -5000 0 5000 0
68 -7071.07 0 7071.07 0 7071.07 0 -7071.07 0 -5000 0 5000 0
69 -7071.07 0 7071.07 0 7071.07 0 -7071.07 0 -5000 0 5000 0
70 -7071.07 0 7071.07 0 7071.07 0 -7071.07 0 -5000 0 5000 0
71 -7071.07 0 7071.07 0 7071.07 0 -7071.07 0 -5000 0 5000 0
72 -7071.07 0 7071.07 0 7071.07 0 -7071.07 0 -5000 0 5000 0
73 -7071.07 0 7071.07 0 7071.07 0 -7071.07 0 -5000 0 5000 0
74 -7071.07 0 7071.07 0 7071.07 0 -7071.07 0 -5000 0 5000 0
75 -7071.07 0 7071.07 0 7071.07 0 -7071.07 0 -5000 0 5000 0
76 -7071.07 0 7071.07 0 7071.07 0 -7071.07 0 -5000 0 5000 0
77 -7071.07 0 7071.07 0 7071.07 0 -7071.07 0 -5000 0 5000 0
78 -7071.07 0 7071.07 0 7071.07 0 -7071.07 0 -5000 0 5000 0
79 -7071.07 0 7071.07 0 7071.07 0 -7071.07 0 -5000 0 5000 0
80 -7071.07 0 7071.07 0 7071.07 0 -7071.07 0 -5000 0 5000 0
81 -7071.07 0 7071.07 0 7071.07 0 -7071.07 0 -5000 0 5000 0
82 -7071.07 0 7071.07 0 7071.07 0 -7071.07 0 -5000 0 5000 0
83 -7071.07 0 7071.07 0 7071.07 0 -7071.07 0 -5000 0 5000 0
84 -7071.07 0 7071.07 0 7071.07 0 -7071.07 0 -5000 0 5000 0
85 -7071.07 0 7071.07 0 7071.07 0 -7071.07 0 -5000 0 5000 0
86 -7071.07 0 7071.07 0 7071.07 0 -7071.07 0 -5000 0 5000 0
87 -7071.07 0 7071.07 0 7071.07 0 -7071.07 0 -5000 0 5000 0
88 -7071.07 0 7071.07 0 7071.07 0 -7071.07 0 -5000 0 5000 0
89 -7071.07 0 7071.07 0 7071.07 0 -7071.07 0 -5000 0 5000 0
90 -7071.07 0 7071.07 0 7071.07 0 -7071.07 0 -5000 0 5000 0
91 -7071.07 0 7071.07 0 7071.07 0 -7071.07 0 -5000 0 5000 0
92 -7071.07 0 7071.07 0 7071.07 0 -7071.07 0 -5000 0 5000 0
93 -7071.07 0 7071.07 0 7071.07 0 -7071.07 0 -5000 0 5000 0
94 -7071.07 0 7071.07 0 7071.07 0 -7071.07 0 -5000 0 5000 0
95 -7071.07 0 7071.07 0 7071.07 0 -7071.07 0 -5000 0 5000 0
96 -7071.07 0 7071.07 0 7071.07 0 -7071.07 0 -5000 0 5000 0
97 -7071.07 0 7071.07 0 7071.07 0 -7071.07 0 -5000 0 5000 0
98 -7071.07 0 7071.07 0 7071.07 0 -7071.07 0 -5000 0 5000 0
99 -7071.07 0 7071.07 0 7071.07 0 -7071.07 0 -5000 0 5000 0
100 -7071.07 0 7071.07 0 7071.07 0 -7071.07 0 -5000 0 5000 0
