1 7071.07 -7071.07 5000
2 7071.07 -7071.07 5000
3 7071.07 -7071.07 5000
4 7071.07 -7071.07 5000
5 7071.07 -7071.07 5000
6 7071.07 -7071.07 5000
7 7071.07 -7071.07 5000
8 7071.07 -7071.07 5000
9 7071.07 -7071.07 5000
10 7071.07 -7071.07 5000
11 7071.07 -7071.07 5000
12 7071.07 -7071.07 5000
13 7071.07 -7071.07 5000
14 7071.07 -7071.07 5000
15 7071.07 -7071.07 5000
16 7071.07 -7071.07 5000
17 7071.07 -7071.07 5000
18 7071.07 -7071.07 5000
19 7071.07 -7071.07 5000
20 7071.07 -7071.07 5000
21 7071.07 -7071.07 5000
22 7071.07 -7071.07 5000
23 7071.07 -7071.07 5000
24 7071.07 -7071.07 5000
25 7071.07 -7071.07 5000
26 7071.07 -7071.07 5000
27 7071.07 -7071.07 5000
28 7071.07 -7071.07 5000
29 7071.07 -7071.07 5000
30 7071.07 -7071.07 5000
31 7071.07 -7071.07 5000
32 7071.07 -7071.07 5000
33 7071.07 -7071.07 5000
34 7071.07 -7071.07 5000
35 7071.07 -7071.07 5000
36 7071.07 -7071.07 5000
37 7071.07 -7071.07 5000
38 7071.07 -7071.07 5000
39 7071.07 -7071.07 5000
40 7071.07 -7071.07 5000
41 7071.07 -7071.07 5000
42 7071.07 -7071.07 5000
43 7071.07 -7071.07 5000
44 7071.07 -7071.07 5000
45 7071.07 -7071.07 5000
46 7071.07 -7071.07 5000
47 7071.07 -7071.07 5000
48 7071.07 -7071.07 5000
49 7071.07 -7071.07 5000
50 7071.07 -7071.07 5000
51 7071.07 -7071.07 5000
52 7071.07 -7071.07 5000
53 7071.07 -7071.07 5000
54 7071.07 -7071.07 5000
55 7071.07 -7071.07 5000
56 7071.07 -7071.07 5000
57 7071.07 -7071.07 5000
58 7071.07 -7071.07 5000
59 7071.07 -7071.07 5000
60 7071.07 -7071.07 5000
61 7071.07 -7071.07 5000
62 7071.07 -7071.07 5000
63 7071.07 -7071.07 5000
64 7071.07 -7071.07 5000
65 7071.07 -7071.07 5000
66 7071.07 -7071.07 5000
67 7071.07 -7071.07 5000
68 7071.07 -7071.07 5000
69 7071.07 -7071.07 5000
70 7071.07 -7071.07 5000
71 7071.07 -7071.07 5000
72 7071.07 -7071.07 5000
73 7071.07 -7071.07 5000
74 7071.07 -7071.07 5000
75 7071.07 -7071.07 5000
76 7071.07 -7071.07 5000
77 7071.07 -7071.07 5000
78 7071.07 -7071.07 5000
79 7071.07 -7071.07 5000
80 7071.07 -7071.07 5000
81 7071.07 -7071.07 5000
82 7071.07 -7071.07 5000
83 7071.07 -7071.07 5000
84 7071.07 -7071.07 5000
85 7071.07 -7071.07 5000
86 7071.07 -7071.07 5000
87 7071.07 -7071.07 5000
88 7071.07 -7071.07 5000
89 7071.07 -7071.07 5000
90 7071.07 -7071.07 5000
91 7071.07 -7071.07 5000
92 7071.07 -7071.07 5000
93 7071.07 -7071.07 5000
94 7071.07 -7071.07 5000
95 7071.07 -7071.07 5000
96 7071.07 -7071.07 5000
97 7071.07 -7071.07 5000
98 7071.07 -7071.07 5000
99 7071.07 -7071.07 5000
100 7071.07 -7071.07 5000
