1 -10000 -5000 1.81899e-12 0 -9.09495e-13 5000
2 -10000 -5000 -1.81899e-12 0 9.09495e-13 5000
3 -10000 -5000 1.81899e-12 0 -9.09495e-13 5000
4 -10000 -5000 -1.81899e-12 0 9.09495e-13 5000
5 -10000 -5000 1.81899e-12 0 -9.09495e-13 5000
6 -10000 -5000 -1.81899e-12 0 9.09495e-13 5000
7 -10000 -5000 1.81899e-12 0 -9.09495e-13 5000
8 -10000 -5000 -1.81899e-12 0 9.09495e-13 5000
9 -10000 -5000 1.81899e-12 0 -9.09495e-13 5000
10 -10000 -5000 -1.81899e-12 0 9.09495e-13 5000
11 -10000 -5000 1.81899e-12 0 -9.09495e-13 5000
12 -10000 -5000 -1.81899e-12 0 9.09495e-13 5000
13 -10000 -5000 1.81899e-12 0 -9.09495e-13 5000
14 -10000 -5000 -1.81899e-12 0 9.09495e-13 5000
15 -10000 -5000 1.81899e-12 0 -9.09495e-13 5000
16 -10000 -5000 -1.81899e-12 0 9.09495e-13 5000
17 -10000 -5000 1.81899e-12 0 -9.09495e-13 5000
18 -10000 -5000 -1.81899e-12 0 9.09495e-13 5000
19 -10000 -5000 1.81899e-12 0 -9.09495e-13 5000
20 -10000 -5000 -1.81899e-12 0 9.09495e-13 5000
21 -10000 -5000 1.81899e-12 0 -9.09495e-13 5000
22 -10000 -5000 -1.81899e-12 0 9.09495e-13 5000
23 -10000 -5000 1.81899e-12 0 -9.09495e-13 5000
24 -10000 -5000 -1.81899e-12 0 9.09495e-13 5000
25 -10000 -5000 1.81899e-12 0 -9.09495e-13 5000
26 -10000 -5000 -1.81899e-12 0 9.09495e-13 5000
27 -10000 -5000 1.81899e-12 0 -9.09495e-13 5000
28 -10000 -5000 -1.81899e-12 0 9.09495e-13 5000
29 -10000 -5000 1.81899e-12 0 -9.09495e-13 5000
30 -10000 -5000 -1.81899e-12 0 9.09495e-13 5000
31 -10000 -5000 1.81899e-12 0 -9.09495e-13 5000
32 -10000 -5000 -1.81899e-12 0 9.09495e-13 5000
33 -10000 -5000 1.81899e-12 0 -9.09495e-13 5000
34 -10000 -5000 -1.81899e-12 0 9.09495e-13 5000
35 -10000 -5000 1.81899e-12 0 -9.09495e-13 5000
36 -10000 -5000 -1.81899e-12 0 9.09495e-13 5000
37 -10000 -5000 1.81899e-12 0 -9.09495e-13 5000
38 -10000 -5000 -1.81899e-12 0 9.09495e-13 5000
39 -10000 -5000 1.81899e-12 0 -9.09495e-13 5000
40 -10000 -5000 -1.81899e-12 0 9.09495e-13 5000
41 -10000 -5000 1.81899e-12 0 -9.09495e-13 5000
42 -10000 -5000 -1.81899e-12 0 9.09495e-13 5000
43 -10000 -5000 1.81899e-12 0 -9.09495e-13 5000
44 -10000 -5000 -1.81899e-12 0 9.09495e-13 5000
45 -10000 -5000 1.81899e-12 0 -9.09495e-13 5000
46 -10000 -5000 -1.81899e-12 0 9.09495e-13 5000
47 -10000 -5000 1.81899e-12 0 -9.09495e-13 5000
48 -10000 -5000 -1.81899e-12 0 9.09495e-13 5000
49 -10000 -5000 1.81899e-12 0 -9.09495e-13 5000
50 -10000 -5000 -1.81899e-12 0 9.09495e-13 5000
51 -10000 -5000 1.81899e-12 0 -9.09495e-13 5000
52 -10000 -5000 -1.81899e-12 0 9.09495e-13 5000
53 -10000 -5000 1.81899e-12 0 -9.09495e-13 5000
54 -10000 -5000 -1.81899e-12 0 9.09495e-13 5000
55 -10000 -5000 1.81899e-12 0 -9.09495e-13 5000
56 -10000 -5000 -1.81899e-12 0 9.09495e-13 5000
57 -10000 -5000 1.81899e-12 0 -9.09495e-13 5000
58 -10000 -5000 -1.81899e-12 0 9.09495e-13 5000
59 -10000 -5000 1.81899e-12 0 -9.09495e-13 5000
60 -10000 -5000 -1.81899e-12 0 9.09495e-13 5000
61 -10000 -5000 1.81899e-12 0 -9.09495e-13 5000
62 -10000 -5000 -1.81899e-12 0 9.09495e-13 5000
63 -10000 -5000 1.81899e-12 0 -9.09495e-13 5000
64 -10000 -5000 -1.81899e-12 0 9.09495e-13 5000
65 -10000 -5000 1.81899e-12 0 -9.09495e-13 5000
66 -10000 -5000 -1.81899e-12 0 9.09495e-13 5000
67 -10000 -5000 1.81899e-12 0 -9.09495e-13 5000
68 -10000 -5000 -1.81899e-12 0 9.09495e-13 5000
69 -10000 -5000 1.81899e-12 0 -9.09495e-13 5000
70 -10000 -5000 -1.81899e-12 0 9.09495e-13 5000
71 -10000 -5000 1.81899e-12 0 -9.09495e-13 5000
72 -10000 -5000 -1.81899e-12 0 9.09495e-13 5000
73 -10000 -5000 1.81899e-12 0 -9.09495e-13 5000
74 -10000 -5000 -1.81899e-12 0 9.09495e-13 5000
75 -10000 -5000 1.81899e-12 0 -9.09495e-13 5000
76 -10000 -5000 -1.81899e-12 0 9.09495e-13 5000
77 -10000 -5000 1.81899e-12 0 -9.09495e-13 5000
78 -10000 -5000 -1.81899e-12 0 9.09495e-13 5000
79 -10000 -5000 1.81899e-12 0 -9.09495e-13 5000
80 -10000 -5000 -1.81899e-12 0 9.09495e-13 5000
81 -10000 -5000 1.81899e-12 0 -9.09495e-13 5000
82 -10000 -5000 -1.81899e-12 0 9.09495e-13 5000
83 -10000 -5000 1.81899e-12 0 -9.09495e-13 5000
84 -10000 -5000 -1.81899e-12 0 9.09495e-13 5000
85 -10000 -5000 1.81899e-12 0 -9.09495e-13 5000
86 -10000 -5000 -1.81899e-12 0 9.09495e-13 5000
87 -10000 -5000 1.81899e-12 0 -9.09495e-13 5000
88 -10000 -5000 -1.81899e-12 0 9.09495e-13 5000
89 -10000 -5000 1.81899e-12 0 -9.09495e-13 5000
90 -10000 -5000 -1.81899e-12 0 9.09495e-13 5000
91 -10000 -5000 1.81899e-12 0 -9.09495e-13 5000
92 -10000 -5000 -1.81899e-12 0 9.09495e-13 5000
93 -10000 -5000 1.81899e-12 0 -9.09495e-13 5000
94 -10000 -5000 -1.81899e-12 0 9.09495e-13 5000
95 -10000 -5000 1.81899e-12 0 -9.09495e-13 5000
96 -10000 -5000 -1.81899e-12 0 9.09495e-13 5000
97 -10000 -5000 1.81899e-12 0 -9.09495e-13 5000
98 -10000 -5000 -1.81899e-12 0 9.09495e-13 5000
99 -10000 -5000 1.81899e-12 0 -9.09495e-13 5000
100 -10000 -5000 -1.81899e-12 0 9.09495e-13 5000
