1 0 0 0
2 0 0 0
3 0 -3.05176e-05 -3.05176e-05
4 0 0 0
5 0 0 0
6 0 0 0
7 0 0 0
8 0 0 0
9 0 0 0
10 0 0 0
11 0 0 0
12 0 -0.00012207 -0.00012207
13 0 -0.000244141 -0.000244141
14 0 0 0
15 0 0 0
16 0 -0.000244141 -0.000244141
17 0 0 0
18 0 -0.000244141 -0.000244141
19 0 0 0
20 0 -0.000244141 -0.000244141
21 0 0.000244141 0.000244141
22 0 -0.000244141 -0.000244141
23 0 0 0
24 0 0 0
25 0 -0.000244141 -0.000244141
26 0 0 0
27 0 0 0
28 0 -0.000488281 -0.000488281
29 0 0 0
30 0 0 0
31 0 0 0
32 0 0 0
33 0 -0.000488281 -0.000488281
34 0 0 0
35 0 0 0
36 0 0 0
37 0 -0.000488281 -0.000488281
38 0 0 0
39 0 0 0
40 0 0 0
41 0 0 0
42 0 0 0
43 0 0.000488281 0.000488281
44 0 0 0
45 0 0.000488281 0.000488281
46 0 0.000488281 0.000488281
47 0 0 0
48 0 0.000488281 0.000488281
49 0 0 0
50 0 0.000488281 0.000488281
51 0 0 0
52 0 0.000976562 0.000976562
53 0 0.000976562 0.000976562
54 0 0.000976562 0.000976562
55 0 0 0
56 0 0.000976562 0.000976562
57 0 0.000976562 0.000976562
58 0 0.000976562 0.000976562
59 0 0.000976562 0.000976562
60 0 0 0
61 0 0.000976562 0.000976562
62 0 0.000976562 0.000976562
63 0 0.000976562 0.000976562
64 0 0.000976562 0.000976562
65 0 0 0
66 0 0.000976562 0.000976562
67 0 0.000976562 0.000976562
68 0 0.000976562 0.000976562
69 0 0 0
70 0 0.000976562 0.000976562
71 0 0.000976562 0.000976562
72 0 0.000976562 0.000976562
73 0 0.000976562 0.000976562
74 0 0 0
75 0 0.000976562 0.000976562
76 0 0.000976562 0.000976562
77 0 0.000976562 0.000976562
78 0 0.000976562 0.000976562
79 0 0 0
80 0 0.000976562 0.000976562
81 0 0.000976562 0.000976562
82 0 0.000976562 0.000976562
83 0 0 0
84 0 0.000976562 0.000976562
85 0 0 0
86 0 0.000976562 0.000976562
87 0 0.000976562 0.000976562
88 0 0.000976562 0.000976562
89 0 0.000976562 0.000976562
90 0 0 0
91 0 0.000976562 0.000976562
92 0 0.000976562 0.000976562
93 0 0.000976562 0.000976562
94 0 0.000976562 0.000976562
95 0 0 0
96 0 0.000976562 0.000976562
97 0 0.000976562 0.000976562
98 0 0.000976562 0.000976562
99 0 0 0
100 0 0.000976562 0.000976562
