1 0 0 0 0 0 0
2 0 0 0 0 0 0
3 0 -1.46484 -5.179 0 1.46484 -5.179
4 0 0 0 0 0 0
5 0 0 0 0 0 0
6 0 0 0 0 0 0
7 0 0 0 0 0 0
8 0 0 0 0 0 0
9 0 0 0 0 0 0
10 0 0 0 0 0 0
11 0 0 0 0 0 0
12 0 -5.85937 -20.716 0 5.85937 -20.716
13 0 -11.7187 -41.432 0 11.7187 -41.432
14 0 0 0 0 0 0
15 0 0 0 0 0 0
16 0 -11.7187 -41.432 0 11.7187 -41.432
17 0 0 0 0 0 0
18 0 -11.7187 -41.432 0 11.7187 -41.432
19 0 0 0 0 0 0
20 0 -11.7187 -41.432 0 11.7187 -41.432
21 0 11.7187 41.432 0 -11.7187 41.432
22 0 -11.7187 -41.432 0 11.7187 -41.432
23 0 0 0 0 0 0
24 0 0 0 0 0 0
25 0 -11.7187 -41.432 0 11.7187 -41.432
26 0 0 0 0 0 0
27 0 0 0 0 0 0
28 0 -23.4375 -82.8641 0 23.4375 -82.8641
29 0 0 0 0 0 0
30 0 0 0 0 0 0
31 0 0 0 0 0 0
32 0 0 0 0 0 0
33 0 -23.4375 -82.8641 0 23.4375 -82.8641
34 0 0 0 0 0 0
35 0 0 0 0 0 0
36 0 0 0 0 0 0
37 0 -23.4375 -82.8641 0 23.4375 -82.8641
38 0 0 0 0 0 0
39 0 0 0 0 0 0
40 0 0 0 0 0 0
41 0 0 0 0 0 0
42 0 0 0 0 0 0
43 0 23.4375 82.8641 0 -23.4375 82.8641
44 0 0 0 0 0 0
45 0 23.4375 82.8641 0 -23.4375 82.8641
46 0 23.4375 82.8641 0 -23.4375 82.8641
47 0 0 0 0 0 0
48 0 23.4375 82.8641 0 -23.4375 82.8641
49 0 0 0 0 0 0
50 0 23.4375 82.8641 0 -23.4375 82.8641
51 0 0 0 0 0 0
52 0 46.875 165.728 0 -46.875 165.728
53 0 46.875 165.728 0 -46.875 165.728
54 0 46.875 165.728 0 -46.875 165.728
55 0 0 0 0 0 0
56 0 46.875 165.728 0 -46.875 165.728
57 0 46.875 165.728 0 -46.875 165.728
58 0 46.875 165.728 0 -46.875 165.728
59 0 46.875 165.728 0 -46.875 165.728
60 0 0 0 0 0 0
61 0 46.875 165.728 0 -46.875 165.728
62 0 46.875 165.728 0 -46.875 165.728
63 0 46.875 165.728 0 -46.875 165.728
64 0 46.875 165.728 0 -46.875 165.728
65 0 0 0 0 0 0
66 0 46.875 165.728 0 -46.875 165.728
67 0 46.875 165.728 0 -46.875 165.728
68 0 46.875 165.728 0 -46.875 165.728
69 0 0 0 0 0 0
70 0 46.875 165.728 0 -46.875 165.728
71 0 46.875 165.728 0 -46.875 165.728
72 0 46.875 165.728 0 -46.875 165.728
73 0 46.875 165.728 0 -46.875 165.728
74 0 0 0 0 0 0
75 0 46.875 165.728 0 -46.875 165.728
76 0 46.875 165.728 0 -46.875 165.728
77 0 46.875 165.728 0 -46.875 165.728
78 0 46.875 165.728 0 -46.875 165.728
79 0 0 0 0 0 0
80 0 46.875 165.728 0 -46.875 165.728
81 0 46.875 165.728 0 -46.875 165.728
82 0 46.875 165.728 0 -46.875 165.728
83 0 0 0 0 0 0
84 0 46.875 165.728 0 -46.875 165.728
85 0 0 0 0 0 0
86 0 46.875 165.728 0 -46.875 165.728
87 0 46.875 165.728 0 -46.875 165.728
88 0 46.875 165.728 0 -46.875 165.728
89 0 46.875 165.728 0 -46.875 165.728
90 0 0 0 0 0 0
91 0 46.875 165.728 0 -46.875 165.728
92 0 46.875 165.728 0 -46.875 165.728
93 0 46.875 165.728 0 -46.875 165.728
94 0 46.875 165.728 0 -46.875 165.728
95 0 0 0 0 0 0
96 0 46.875 165.728 0 -46.875 165.728
97 0 46.875 165.728 0 -46.875 165.728
98 0 46.875 165.728 0 -46.875 165.728
99 0 0 0 0 0 0
100 0 46.875 165.728 0 -46.875 165.728
