1 0 0 0 -1000 0 0
2 0 0 0 -1000 0 0
3 1.0358 -1.0358 -5.179 -1001.04 1.0358 -5.179
4 0 0 0 -1000 0 0
5 0 0 0 -1000 0 0
6 0 0 0 -1000 0 0
7 0 0 0 -1000 0 0
8 0 0 0 -1000 0 0
9 0 0 0 -1000 0 0
10 0 0 0 -1000 0 0
11 0 0 0 -1000 0 0
12 4.1432 -4.1432 -20.716 -1004.14 4.1432 -20.716
13 8.28641 -8.28641 -41.432 -1008.29 8.28641 -41.432
14 0 0 0 -1000 0 0
15 0 0 0 -1000 0 0
16 8.28641 -8.28641 -41.432 -1008.29 8.28641 -41.432
17 0 0 0 -1000 0 0
18 8.28641 -8.28641 -41.432 -1008.29 8.28641 -41.432
19 0 0 0 -1000 0 0
20 8.28641 -8.28641 -41.432 -1008.29 8.28641 -41.432
21 -8.28641 8.28641 41.432 -991.714 -8.28641 41.432
22 8.28641 -8.28641 -41.432 -1008.29 8.28641 -41.432
23 0 0 0 -1000 0 0
24 0 0 0 -1000 0 0
25 8.28641 -8.28641 -41.432 -1008.29 8.28641 -41.432
26 0 0 0 -1000 0 0
27 0 0 0 -1000 0 0
28 16.5728 -16.5728 -82.8641 -1016.57 16.5728 -82.8641
29 0 0 0 -1000 0 0
30 0 0 0 -1000 0 0
31 0 0 0 -1000 0 0
32 0 0 0 -1000 0 0
33 16.5728 -16.5728 -82.8641 -1016.57 16.5728 -82.8641
34 0 0 0 -1000 0 0
35 0 0 0 -1000 0 0
36 0 0 0 -1000 0 0
37 16.5728 -16.5728 -82.8641 -1016.57 16.5728 -82.8641
38 0 0 0 -1000 0 0
39 0 0 0 -1000 0 0
40 0 0 0 -1000 0 0
41 0 0 0 -1000 0 0
42 0 0 0 -1000 0 0
43 -16.5728 16.5728 82.8641 -983.427 -16.5728 82.8641
44 0 0 0 -1000 0 0
45 -16.5728 16.5728 82.8641 -983.427 -16.5728 82.8641
46 -16.5728 16.5728 82.8641 -983.427 -16.5728 82.8641
47 0 0 0 -1000 0 0
48 -16.5728 16.5728 82.8641 -983.427 -16.5728 82.8641
49 0 0 0 -1000 0 0
50 -16.5728 16.5728 82.8641 -983.427 -16.5728 82.8641
51 0 0 0 -1000 0 0
52 -33.1456 33.1456 165.728 -966.854 -33.1456 165.728
53 -33.1456 33.1456 165.728 -966.854 -33.1456 165.728
54 -33.1456 33.1456 165.728 -966.854 -33.1456 165.728
55 0 0 0 -1000 0 0
56 -33.1456 33.1456 165.728 -966.854 -33.1456 165.728
57 -33.1456 33.1456 165.728 -966.854 -33.1456 165.728
58 -33.1456 33.1456 165.728 -966.854 -33.1456 165.728
59 -33.1456 33.1456 165.728 -966.854 -33.1456 165.728
60 0 0 0 -1000 0 0
61 -33.1456 33.1456 165.728 -966.854 -33.1456 165.728
62 -33.1456 33.1456 165.728 -966.854 -33.1456 165.728
63 -33.1456 33.1456 165.728 -966.854 -33.1456 165.728
64 -33.1456 33.1456 165.728 -966.854 -33.1456 165.728
65 0 0 0 -1000 0 0
66 -33.1456 33.1456 165.728 -966.854 -33.1456 165.728
67 -33.1456 33.1456 165.728 -966.854 -33.1456 165.728
68 -33.1456 33.1456 165.728 -966.854 -33.1456 165.728
69 0 0 0 -1000 0 0
70 -33.1456 33.1456 165.728 -966.854 -33.1456 165.728
71 -33.1456 33.1456 165.728 -966.854 -33.1456 165.728
72 -33.1456 33.1456 165.728 -966.854 -33.1456 165.728
73 -33.1456 33.1456 165.728 -966.854 -33.1456 165.728
74 0 0 0 -1000 0 0
75 -33.1456 33.1456 165.728 -966.854 -33.1456 165.728
76 -33.1456 33.1456 165.728 -966.854 -33.1456 165.728
77 -33.1456 33.1456 165.728 -966.854 -33.1456 165.728
78 -33.1456 33.1456 165.728 -966.854 -33.1456 165.728
79 0 0 0 -1000 0 0
80 -33.1456 33.1456 165.728 -966.854 -33.1456 165.728
81 -33.1456 33.1456 165.728 -966.854 -33.1456 165.728
82 -33.1456 33.1456 165.728 -966.854 -33.1456 165.728
83 0 0 0 -1000 0 0
84 -33.1456 33.1456 165.728 -966.854 -33.1456 165.728
85 0 0 0 -1000 0 0
86 -33.1456 33.1456 165.728 -966.854 -33.1456 165.728
87 -33.1456 33.1456 165.728 -966.854 -33.1456 165.728
88 -33.1456 33.1456 165.728 -966.854 -33.1456 165.728
89 -33.1456 33.1456 165.728 -966.854 -33.1456 165.728
90 0 0 0 -1000 0 0
91 -33.1456 33.1456 165.728 -966.854 -33.1456 165.728
92 -33.1456 33.1456 165.728 -966.854 -33.1456 165.728
93 -33.1456 33.1456 165.728 -966.854 -33.1456 165.728
94 -33.1456 33.1456 165.728 -966.854 -33.1456 165.728
95 0 0 0 -1000 0 0
96 -33.1456 33.1456 165.728 -966.854 -33.1456 165.728
97 -33.1456 33.1456 165.728 -966.854 -33.1456 165.728
98 -33.1456 33.1456 165.728 -966.854 -33.1456 165.728
99 0 0 0 -1000 0 0
100 -33.1456 33.1456 165.728 -966.854 -33.1456 165.728
