1 0 0 -8.54056e+10 4.27028e+11 -4.27028e+11 -8.54056e+10
2 0 0 -1.70811e+11 8.54056e+11 -8.54056e+11 -1.70811e+11
3 0 0 -2.56217e+11 1.28108e+12 -1.28108e+12 -2.56217e+11
4 0 0 -3.41622e+11 1.70811e+12 -1.70811e+12 -3.41622e+11
5 0 0 -4.27028e+11 2.13514e+12 -2.13514e+12 -4.27028e+11
6 0 0 -5.12434e+11 2.56217e+12 -2.56217e+12 -5.12434e+11
7 0 0 -5.97839e+11 2.9892e+12 -2.9892e+12 -5.97839e+11
8 0 0 -6.83245e+11 3.41622e+12 -3.41622e+12 -6.83245e+11
9 0 0 -7.6865e+11 3.84325e+12 -3.84325e+12 -7.6865e+11
10 0 0 -8.54056e+11 4.27028e+12 -4.27028e+12 -8.54056e+11
11 0 0 -9.39462e+11 4.69731e+12 -4.69731e+12 -9.39462e+11
12 0 0 -1.02487e+12 5.12434e+12 -5.12434e+12 -1.02487e+12
13 0 0 -1.11027e+12 5.55136e+12 -5.55136e+12 -1.11027e+12
14 0 0 -1.19568e+12 5.97839e+12 -5.97839e+12 -1.19568e+12
15 0 0 -1.28108e+12 6.40542e+12 -6.40542e+12 -1.28108e+12
16 0 0 -1.36649e+12 6.83245e+12 -6.83245e+12 -1.36649e+12
17 0 0 -1.4519e+12 7.25948e+12 -7.25948e+12 -1.4519e+12
18 0 0 -1.5373e+12 7.6865e+12 -7.6865e+12 -1.5373e+12
19 0 0 -1.62271e+12 8.11353e+12 -8.11353e+12 -1.62271e+12
20 0 0 -1.70811e+12 8.54056e+12 -8.54056e+12 -1.70811e+12
21 0 0 -1.79352e+12 8.96759e+12 -8.96759e+12 -1.79352e+12
22 0 0 -1.87892e+12 9.39462e+12 -9.39462e+12 -1.87892e+12
23 0 0 -1.96433e+12 9.82164e+12 -9.82164e+12 -1.96433e+12
24 0 0 -2.04973e+12 1.02487e+13 -1.02487e+13 -2.04973e+12
25 0 0 -2.13514e+12 1.06757e+13 -1.06757e+13 -2.13514e+12
26 0 0 -2.22055e+12 1.11027e+13 -1.11027e+13 -2.22055e+12
27 0 0 -2.30595e+12 1.15298e+13 -1.15298e+13 -2.30595e+12
28 0 0 -2.39136e+12 1.19568e+13 -1.19568e+13 -2.39136e+12
29 0 0 -2.47676e+12 1.23838e+13 -1.23838e+13 -2.47676e+12
30 0 0 -2.56217e+12 1.28108e+13 -1.28108e+13 -2.56217e+12
31 0 0 -2.64757e+12 1.32379e+13 -1.32379e+13 -2.64757e+12
32 0 0 -2.73298e+12 1.36649e+13 -1.36649e+13 -2.73298e+12
33 0 0 -2.81838e+12 1.40919e+13 -1.40919e+13 -2.81838e+12
34 0 0 -2.90379e+12 1.4519e+13 -1.4519e+13 -2.90379e+12
35 0 0 -2.9892e+12 1.4946e+13 -1.4946e+13 -2.9892e+12
36 0 0 -3.0746e+12 1.5373e+13 -1.5373e+13 -3.0746e+12
37 0 0 -3.16001e+12 1.58e+13 -1.58e+13 -3.16001e+12
38 0 0 -3.24541e+12 1.62271e+13 -1.62271e+13 -3.24541e+12
39 0 0 -3.33082e+12 1.66541e+13 -1.66541e+13 -3.33082e+12
40 0 0 -3.41622e+12 1.70811e+13 -1.70811e+13 -3.41622e+12
41 0 0 -3.50163e+12 1.75081e+13 -1.75081e+13 -3.50163e+12
42 0 0 -3.58703e+12 1.79352e+13 -1.79352e+13 -3.58703e+12
43 0 0 -3.67244e+12 1.83622e+13 -1.83622e+13 -3.67244e+12
44 0 0 -3.75785e+12 1.87892e+13 -1.87892e+13 -3.75785e+12
45 0 0 -3.84325e+12 1.92163e+13 -1.92163e+13 -3.84325e+12
46 0 0 -3.92866e+12 1.96433e+13 -1.96433e+13 -3.92866e+12
47 0 0 -4.01406e+12 2.00703e+13 -2.00703e+13 -4.01406e+12
48 0 0 -4.09947e+12 2.04973e+13 -2.04973e+13 -4.09947e+12
49 0 0 -4.18487e+12 2.09244e+13 -2.09244e+13 -4.18487e+12
50 0 0 -4.27028e+12 2.13514e+13 -2.13514e+13 -4.27028e+12
51 0 0 -4.35569e+12 2.17784e+13 -2.17784e+13 -4.35569e+12
52 0 0 -4.44109e+12 2.22055e+13 -2.22055e+13 -4.44109e+12
53 0 0 -4.5265e+12 2.26325e+13 -2.26325e+13 -4.5265e+12
54 0 0 -4.6119e+12 2.30595e+13 -2.30595e+13 -4.6119e+12
55 0 0 -4.69731e+12 2.34865e+13 -2.34865e+13 -4.69731e+12
56 0 0 -4.78271e+12 2.39136e+13 -2.39136e+13 -4.78271e+12
57 0 0 -4.86812e+12 2.43406e+13 -2.43406e+13 -4.86812e+12
58 0 0 -4.95352e+12 2.47676e+13 -2.47676e+13 -4.95352e+12
59 0 0 -5.03893e+12 2.51947e+13 -2.51947e+13 -5.03893e+12
60 0 0 -5.12434e+12 2.56217e+13 -2.56217e+13 -5.12434e+12
61 0 0 -5.20974e+12 2.60487e+13 -2.60487e+13 -5.20974e+12
62 0 0 -5.29515e+12 2.64757e+13 -2.64757e+13 -5.29515e+12
63 0 0 -5.38055e+12 2.69028e+13 -2.69028e+13 -5.38055e+12
64 0 0 -5.46596e+12 2.73298e+13 -2.73298e+13 -5.46596e+12
65 0 0 -5.55136e+12 2.77568e+13 -2.77568e+13 -5.55136e+12
66 0 0 -5.63677e+12 2.81838e+13 -2.81838e+13 -5.63677e+12
67 0 0 -5.72217e+12 2.86109e+13 -2.86109e+13 -5.72217e+12
68 0 0 -5.80758e+12 2.90379e+13 -2.90379e+13 -5.80758e+12
69 0 0 -5.89299e+12 2.94649e+13 -2.94649e+13 -5.89299e+12
70 0 0 -5.97839e+12 2.9892e+13 -2.9892e+13 -5.97839e+12
71 0 0 -6.0638e+12 3.0319e+13 -3.0319e+13 -6.0638e+12
72 0 0 -6.1492e+12 3.0746e+13 -3.0746e+13 -6.1492e+12
73 0 0 -6.23461e+12 3.1173e+13 -3.1173e+13 -6.23461e+12
74 0 0 -6.32001e+12 3.16001e+13 -3.16001e+13 -6.32001e+12
75 0 0 -6.40542e+12 3.20271e+13 -3.20271e+13 -6.40542e+12
76 0 0 -6.49083e+12 3.24541e+13 -3.24541e+13 -6.49083e+12
77 0 0 -6.57623e+12 3.28812e+13 -3.28812e+13 -6.57623e+12
78 0 0 -6.66164e+12 3.33082e+13 -3.33082e+13 -6.66164e+12
79 0 0 -6.74704e+12 3.37352e+13 -3.37352e+13 -6.74704e+12
80 0 0 -6.83245e+12 3.41622e+13 -3.41622e+13 -6.83245e+12
81 0 0 -6.91785e+12 3.45893e+13 -3.45893e+13 -6.91785e+12
82 0 0 -7.00326e+12 3.50163e+13 -3.50163e+13 -7.00326e+12
83 0 0 -7.08866e+12 3.54433e+13 -3.54433e+13 -7.08866e+12
84 0 0 -7.17407e+12 3.58703e+13 -3.58703e+13 -7.17407e+12
85 0 0 -7.25948e+12 3.62974e+13 -3.62974e+13 -7.25948e+12
86 0 0 -7.34488e+12 3.67244e+13 -3.67244e+13 -7.34488e+12
87 0 0 -7.43029e+12 3.71514e+13 -3.71514e+13 -7.43029e+12
88 0 0 -7.51569e+12 3.75785e+13 -3.75785e+13 -7.51569e+12
89 0 0 -7.6011e+12 3.80055e+13 -3.80055e+13 -7.6011e+12
90 0 0 -7.6865e+12 3.84325e+13 -3.84325e+13 -7.6865e+12
91 0 0 -7.77191e+12 3.88595e+13 -3.88595e+13 -7.77191e+12
92 0 0 -7.85731e+12 3.92866e+13 -3.92866e+13 -7.85731e+12
93 0 0 -7.94272e+12 3.97136e+13 -3.97136e+13 -7.94272e+12
94 0 0 -8.02813e+12 4.01406e+13 -4.01406e+13 -8.02813e+12
95 0 0 -8.11353e+12 4.05677e+13 -4.05677e+13 -8.11353e+12
96 0 0 -8.19894e+12 4.09947e+13 -4.09947e+13 -8.19894e+12
97 0 0 -8.28434e+12 4.14217e+13 -4.14217e+13 -8.28434e+12
98 0 0 -8.36975e+12 4.18487e+13 -4.18487e+13 -8.36975e+12
99 0 0 -8.45515e+12 4.22758e+13 -4.22758e+13 -8.45515e+12
100 0 0 -8.54056e+12 4.27028e+13 -4.27028e+13 -8.54056e+12
