1 34635.9 -5475.61 -6352.95 -34635.9 5475.61 -15549.5 68666.3 5179.05 7839.57 -68666.3 -5179.05 12876.6 -2002.16 296.562 1329.14 2002.16 -296.562 -142.894 5475.61 34635.9 15549.5 -5475.61 40364.1 -29870.2 296.562 8302.16 16993.6 -296.562 -2002.16 142.894
2 34635.9 -5475.61 -6352.95 -34635.9 5475.61 -15549.5 68666.3 5179.05 7839.57 -68666.3 -5179.05 12876.6 -2002.16 296.562 1329.14 2002.16 -296.562 -142.894 5475.61 34635.9 15549.5 -5475.61 40364.1 -29870.2 296.562 8302.16 16993.6 -296.562 -2002.16 142.894
3 34635.9 -5475.61 -6352.95 -34635.9 5475.61 -15549.5 68666.3 5179.05 7839.57 -68666.3 -5179.05 12876.6 -2002.16 296.562 1329.14 2002.16 -296.562 -142.894 5475.61 34635.9 15549.5 -5475.61 40364.1 -29870.2 296.562 8302.16 16993.6 -296.562 -2002.16 142.894
4 34635.9 -5475.61 -6352.95 -34635.9 5475.61 -15549.5 68666.3 5179.05 7839.57 -68666.3 -5179.05 12876.6 -2002.16 296.562 1329.14 2002.16 -296.562 -142.894 5475.61 34635.9 15549.5 -5475.61 40364.1 -29870.2 296.562 8302.16 16993.6 -296.562 -2002.16 142.894
5 34635.9 -5475.61 -6352.95 -34635.9 5475.61 -15549.5 68666.3 5179.05 7839.57 -68666.3 -5179.05 12876.6 -2002.16 296.562 1329.14 2002.16 -296.562 -142.894 5475.61 34635.9 15549.5 -5475.61 40364.1 -29870.2 296.562 8302.16 16993.6 -296.562 -2002.16 142.894
6 34635.9 -5475.61 -6352.95 -34635.9 5475.61 -15549.5 68666.3 5179.05 7839.57 -68666.3 -5179.05 12876.6 -2002.16 296.562 1329.14 2002.16 -296.562 -142.894 5475.61 34635.9 15549.5 -5475.61 40364.1 -29870.2 296.562 8302.16 16993.6 -296.562 -2002.16 142.894
7 34635.9 -5475.61 -6352.95 -34635.9 5475.61 -15549.5 68666.3 5179.05 7839.57 -68666.3 -5179.05 12876.6 -2002.16 296.562 1329.14 2002.16 -296.562 -142.894 5475.61 34635.9 15549.5 -5475.61 40364.1 -29870.2 296.562 8302.16 16993.6 -296.562 -2002.16 142.894
8 34635.9 -5475.61 -6352.95 -34635.9 5475.61 -15549.5 68666.3 5179.05 7839.57 -68666.3 -5179.05 12876.6 -2002.16 296.562 1329.14 2002.16 -296.562 -142.894 5475.61 34635.9 15549.5 -5475.61 40364.1 -29870.2 296.562 8302.16 16993.6 -296.562 -2002.16 142.894
9 34635.9 -5475.61 -6352.95 -34635.9 5475.61 -15549.5 68666.3 5179.05 7839.57 -68666.3 -5179.05 12876.6 -2002.16 296.562 1329.14 2002.16 -296.562 -142.894 5475.61 34635.9 15549.5 -5475.61 40364.1 -29870.2 296.562 8302.16 16993.6 -296.562 -2002.16 142.894
10 34635.9 -5475.61 -6352.95 -34635.9 5475.61 -15549.5 68666.3 5179.05 7839.57 -68666.3 -5179.05 12876.6 -2002.16 296.562 1329.14 2002.16 -296.562 -142.894 5475.61 34635.9 15549.5 -5475.61 40364.1 -29870.2 296.562 8302.16 16993.6 -296.562 -2002.16 142.894
11 34635.9 -5475.61 -6352.95 -34635.9 5475.61 -15549.5 68666.3 5179.05 7839.57 -68666.3 -5179.05 12876.6 -2002.16 296.562 1329.14 2002.16 -296.562 -142.894 5475.61 34635.9 15549.5 -5475.61 40364.1 -29870.2 296.562 8302.16 16993.6 -296.562 -2002.16 142.894
12 34635.9 -5475.61 -6352.95 -34635.9 5475.61 -15549.5 68666.3 5179.05 7839.57 -68666.3 -5179.05 12876.6 -2002.16 296.562 1329.14 2002.16 -296.562 -142.894 5475.61 34635.9 15549.5 -5475.61 40364.1 -29870.2 296.562 8302.16 16993.6 -296.562 -2002.16 142.894
13 34635.9 -5475.61 -6352.95 -34635.9 5475.61 -15549.5 68666.3 5179.05 7839.57 -68666.3 -5179.05 12876.6 -2002.16 296.562 1329.14 2002.16 -296.562 -142.894 5475.61 34635.9 15549.5 -5475.61 40364.1 -29870.2 296.562 8302.16 16993.6 -296.562 -2002.16 142.894
14 34635.9 -5475.61 -6352.95 -34635.9 5475.61 -15549.5 68666.3 5179.05 7839.57 -68666.3 -5179.05 12876.6 -2002.16 296.562 1329.14 2002.16 -296.562 -142.894 5475.61 34635.9 15549.5 -5475.61 40364.1 -29870.2 296.562 8302.16 16993.6 -296.562 -2002.16 142.894
15 34635.9 -5475.61 -6352.95 -34635.9 5475.61 -15549.5 68666.3 5179.05 7839.57 -68666.3 -5179.05 12876.6 -2002.16 296.562 1329.14 2002.16 -296.562 -142.894 5475.61 34635.9 15549.5 -5475.61 40364.1 -29870.2 296.562 8302.16 16993.6 -296.562 -2002.16 142.894
16 34635.9 -5475.61 -6352.95 -34635.9 5475.61 -15549.5 68666.3 5179.05 7839.57 -68666.3 -5179.05 12876.6 -2002.16 296.562 1329.14 2002.16 -296.562 -142.894 5475.61 34635.9 15549.5 -5475.61 40364.1 -29870.2 296.562 8302.16 16993.6 -296.562 -2002.16 142.894
17 34635.9 -5475.61 -6352.95 -34635.9 5475.61 -15549.5 68666.3 5179.05 7839.57 -68666.3 -5179.05 12876.6 -2002.16 296.562 1329.14 2002.16 -296.562 -142.894 5475.61 34635.9 15549.5 -5475.61 40364.1 -29870.2 296.562 8302.16 16993.6 -296.562 -2002.16 142.894
18 34635.9 -5475.61 -6352.95 -34635.9 5475.61 -15549.5 68666.3 5179.05 7839.57 -68666.3 -5179.05 12876.6 -2002.16 296.562 1329.14 2002.16 -296.562 -142.894 5475.61 34635.9 15549.5 -5475.61 40364.1 -29870.2 296.562 8302.16 16993.6 -296.562 -2002.16 142.894
19 34635.9 -5475.61 -6352.95 -34635.9 5475.61 -15549.5 68666.3 5179.05 7839.57 -68666.3 -5179.05 12876.6 -2002.16 296.562 1329.14 2002.16 -296.562 -142.894 5475.61 34635.9 15549.5 -5475.61 40364.1 -29870.2 296.562 8302.16 16993.6 -296.562 -2002.16 142.894
20 34635.9 -5475.61 -6352.95 -34635.9 5475.61 -15549.5 68666.3 5179.05 7839.57 -68666.3 -5179.05 12876.6 -2002.16 296.562 1329.14 2002.16 -296.562 -142.894 5475.61 34635.9 15549.5 -5475.61 40364.1 -29870.2 296.562 8302.16 16993.6 -296.562 -2002.16 142.894
21 34635.9 -5475.61 -6352.95 -34635.9 5475.61 -15549.5 68666.3 5179.05 7839.57 -68666.3 -5179.05 12876.6 -2002.16 296.562 1329.14 2002.16 -296.562 -142.894 5475.61 34635.9 15549.5 -5475.61 40364.1 -29870.2 296.562 8302.16 16993.6 -296.562 -2002.16 142.894
22 34635.9 -5475.61 -6352.95 -34635.9 5475.61 -15549.5 68666.3 5179.05 7839.57 -68666.3 -5179.05 12876.6 -2002.16 296.562 1329.14 2002.16 -296.562 -142.894 5475.61 34635.9 15549.5 -5475.61 40364.1 -29870.2 296.562 8302.16 16993.6 -296.562 -2002.16 142.894
23 34635.9 -5475.61 -6352.95 -34635.9 5475.61 -15549.5 68666.3 5179.05 7839.57 -68666.3 -5179.05 12876.6 -2002.16 296.562 1329.14 2002.16 -296.562 -142.894 5475.61 34635.9 15549.5 -5475.61 40364.1 -29870.2 296.562 8302.16 16993.6 -296.562 -2002.16 142.894
24 34635.9 -5475.61 -6352.95 -34635.9 5475.61 -15549.5 68666.3 5179.05 7839.57 -68666.3 -5179.05 12876.6 -2002.16 296.562 1329.14 2002.16 -296.562 -142.894 5475.61 34635.9 15549.5 -5475.61 40364.1 -29870.2 296.562 8302.16 16993.6 -296.562 -2002.16 142.894
25 34635.9 -5475.61 -6352.95 -34635.9 5475.61 -15549.5 68666.3 5179.05 7839.57 -68666.3 -5179.05 12876.6 -2002.16 296.562 1329.14 2002.16 -296.562 -142.894 5475.61 34635.9 15549.5 -5475.61 40364.1 -29870.2 296.562 8302.16 16993.6 -296.562 -2002.16 142.894
26 34635.9 -5475.61 -6352.95 -34635.9 5475.61 -15549.5 68666.3 5179.05 7839.57 -68666.3 -5179.05 12876.6 -2002.16 296.562 1329.14 2002.16 -296.562 -142.894 5475.61 34635.9 15549.5 -5475.61 40364.1 -29870.2 296.562 8302.16 16993.6 -296.562 -2002.16 142.894
27 34635.9 -5475.61 -6352.95 -34635.9 5475.61 -15549.5 68666.3 5179.05 7839.57 -68666.3 -5179.05 12876.6 -2002.16 296.562 1329.14 2002.16 -296.562 -142.894 5475.61 34635.9 15549.5 -5475.61 40364.1 -29870.2 296.562 8302.16 16993.6 -296.562 -2002.16 142.894
28 34635.9 -5475.61 -6352.95 -34635.9 5475.61 -15549.5 68666.3 5179.05 7839.57 -68666.3 -5179.05 12876.6 -2002.16 296.562 1329.14 2002.16 -296.562 -142.894 5475.61 34635.9 15549.5 -5475.61 40364.1 -29870.2 296.562 8302.16 16993.6 -296.562 -2002.16 142.894
29 34635.9 -5475.61 -6352.95 -34635.9 5475.61 -15549.5 68666.3 5179.05 7839.57 -68666.3 -5179.05 12876.6 -2002.16 296.562 1329.14 2002.16 -296.562 -142.894 5475.61 34635.9 15549.5 -5475.61 40364.1 -29870.2 296.562 8302.16 16993.6 -296.562 -2002.16 142.894
30 34635.9 -5475.61 -6352.95 -34635.9 5475.61 -15549.5 68666.3 5179.05 7839.57 -68666.3 -5179.05 12876.6 -2002.16 296.562 1329.14 2002.16 -296.562 -142.894 5475.61 34635.9 15549.5 -5475.61 40364.1 -29870.2 296.562 8302.16 16993.6 -296.562 -2002.16 142.894
31 34635.9 -5475.61 -6352.95 -34635.9 5475.61 -15549.5 68666.3 5179.05 7839.57 -68666.3 -5179.05 12876.6 -2002.16 296.562 1329.14 2002.16 -296.562 -142.894 5475.61 34635.9 15549.5 -5475.61 40364.1 -29870.2 296.562 8302.16 16993.6 -296.562 -2002.16 142.894
32 34635.9 -5475.61 -6352.95 -34635.9 5475.61 -15549.5 68666.3 5179.05 7839.57 -68666.3 -5179.05 12876.6 -2002.16 296.562 1329.14 2002.16 -296.562 -142.894 5475.61 34635.9 15549.5 -5475.61 40364.1 -29870.2 296.562 8302.16 16993.6 -296.562 -2002.16 142.894
33 34635.9 -5475.61 -6352.95 -34635.9 5475.61 -15549.5 68666.3 5179.05 7839.57 -68666.3 -5179.05 12876.6 -2002.16 296.562 1329.14 2002.16 -296.562 -142.894 5475.61 34635.9 15549.5 -5475.61 40364.1 -29870.2 296.562 8302.16 16993.6 -296.562 -2002.16 142.894
34 34635.9 -5475.61 -6352.95 -34635.9 5475.61 -15549.5 68666.3 5179.05 7839.57 -68666.3 -5179.05 12876.6 -2002.16 296.562 1329.14 2002.16 -296.562 -142.894 5475.61 34635.9 15549.5 -5475.61 40364.1 -29870.2 296.562 8302.16 16993.6 -296.562 -2002.16 142.894
35 34635.9 -5475.61 -6352.95 -34635.9 5475.61 -15549.5 68666.3 5179.05 7839.57 -68666.3 -5179.05 12876.6 -2002.16 296.562 1329.14 2002.16 -296.562 -142.894 5475.61 34635.9 15549.5 -5475.61 40364.1 -29870.2 296.562 8302.16 16993.6 -296.562 -2002.16 142.894
36 34635.9 -5475.61 -6352.95 -34635.9 5475.61 -15549.5 68666.3 5179.05 7839.57 -68666.3 -5179.05 12876.6 -2002.16 296.562 1329.14 2002.16 -296.562 -142.894 5475.61 34635.9 15549.5 -5475.61 40364.1 -29870.2 296.562 8302.16 16993.6 -296.562 -2002.16 142.894
37 34635.9 -5475.61 -6352.95 -34635.9 5475.61 -15549.5 68666.3 5179.05 7839.57 -68666.3 -5179.05 12876.6 -2002.16 296.562 1329.14 2002.16 -296.562 -142.894 5475.61 34635.9 15549.5 -5475.61 40364.1 -29870.2 296.562 8302.16 16993.6 -296.562 -2002.16 142.894
38 34635.9 -5475.61 -6352.95 -34635.9 5475.61 -15549.5 68666.3 5179.05 7839.57 -68666.3 -5179.05 12876.6 -2002.16 296.562 1329.14 2002.16 -296.562 -142.894 5475.61 34635.9 15549.5 -5475.61 40364.1 -29870.2 296.562 8302.16 16993.6 -296.562 -2002.16 142.894
39 34635.9 -5475.61 -6352.95 -34635.9 5475.61 -15549.5 68666.3 5179.05 7839.57 -68666.3 -5179.05 12876.6 -2002.16 296.562 1329.14 2002.16 -296.562 -142.894 5475.61 34635.9 15549.5 -5475.61 40364.1 -29870.2 296.562 8302.16 16993.6 -296.562 -2002.16 142.894
40 34635.9 -5475.61 -6352.95 -34635.9 5475.61 -15549.5 68666.3 5179.05 7839.57 -68666.3 -5179.05 12876.6 -2002.16 296.562 1329.14 2002.16 -296.562 -142.894 5475.61 34635.9 15549.5 -5475.61 40364.1 -29870.2 296.562 8302.16 16993.6 -296.562 -2002.16 142.894
41 34635.9 -5475.61 -6352.95 -34635.9 5475.61 -15549.5 68666.3 5179.05 7839.57 -68666.3 -5179.05 12876.6 -2002.16 296.562 1329.14 2002.16 -296.562 -142.894 5475.61 34635.9 15549.5 -5475.61 40364.1 -29870.2 296.562 8302.16 16993.6 -296.562 -2002.16 142.894
42 34635.9 -5475.61 -6352.95 -34635.9 5475.61 -15549.5 68666.3 5179.05 7839.57 -68666.3 -5179.05 12876.6 -2002.16 296.562 1329.14 2002.16 -296.562 -142.894 5475.61 34635.9 15549.5 -5475.61 40364.1 -29870.2 296.562 8302.16 16993.6 -296.562 -2002.16 142.894
43 34635.9 -5475.61 -6352.95 -34635.9 5475.61 -15549.5 68666.3 5179.05 7839.57 -68666.3 -5179.05 12876.6 -2002.16 296.562 1329.14 2002.16 -296.562 -142.894 5475.61 34635.9 15549.5 -5475.61 40364.1 -29870.2 296.562 8302.16 16993.6 -296.562 -2002.16 142.894
44 34635.9 -5475.61 -6352.95 -34635.9 5475.61 -15549.5 68666.3 5179.05 7839.57 -68666.3 -5179.05 12876.6 -2002.16 296.562 1329.14 2002.16 -296.562 -142.894 5475.61 34635.9 15549.5 -5475.61 40364.1 -29870.2 296.562 8302.16 16993.6 -296.562 -2002.16 142.894
45 34635.9 -5475.61 -6352.95 -34635.9 5475.61 -15549.5 68666.3 5179.05 7839.57 -68666.3 -5179.05 12876.6 -2002.16 296.562 1329.14 2002.16 -296.562 -142.894 5475.61 34635.9 15549.5 -5475.61 40364.1 -29870.2 296.562 8302.16 16993.6 -296.562 -2002.16 142.894
46 34635.9 -5475.61 -6352.95 -34635.9 5475.61 -15549.5 68666.3 5179.05 7839.57 -68666.3 -5179.05 12876.6 -2002.16 296.562 1329.14 2002.16 -296.562 -142.894 5475.61 34635.9 15549.5 -5475.61 40364.1 -29870.2 296.562 8302.16 16993.6 -296.562 -2002.16 142.894
47 34635.9 -5475.61 -6352.95 -34635.9 5475.61 -15549.5 68666.3 5179.05 7839.57 -68666.3 -5179.05 12876.6 -2002.16 296.562 1329.14 2002.16 -296.562 -142.894 5475.61 34635.9 15549.5 -5475.61 40364.1 -29870.2 296.562 8302.16 16993.6 -296.562 -2002.16 142.894
48 34635.9 -5475.61 -6352.95 -34635.9 5475.61 -15549.5 68666.3 5179.05 7839.57 -68666.3 -5179.05 12876.6 -2002.16 296.562 1329.14 2002.16 -296.562 -142.894 5475.61 34635.9 15549.5 -5475.61 40364.1 -29870.2 296.562 8302.16 16993.6 -296.562 -2002.16 142.894
49 34635.9 -5475.61 -6352.95 -34635.9 5475.61 -15549.5 68666.3 5179.05 7839.57 -68666.3 -5179.05 12876.6 -2002.16 296.562 1329.14 2002.16 -296.562 -142.894 5475.61 34635.9 15549.5 -5475.61 40364.1 -29870.2 296.562 8302.16 16993.6 -296.562 -2002.16 142.894
50 34635.9 -5475.61 -6352.95 -34635.9 5475.61 -15549.5 68666.3 5179.05 7839.57 -68666.3 -5179.05 12876.6 -2002.16 296.562 1329.14 2002.16 -296.562 -142.894 5475.61 34635.9 15549.5 -5475.61 40364.1 -29870.2 296.562 8302.16 16993.6 -296.562 -2002.16 142.894
51 34635.9 -5475.61 -6352.95 -34635.9 5475.61 -15549.5 68666.3 5179.05 7839.57 -68666.3 -5179.05 12876.6 -2002.16 296.562 1329.14 2002.16 -296.562 -142.894 5475.61 34635.9 15549.5 -5475.61 40364.1 -29870.2 296.562 8302.16 16993.6 -296.562 -2002.16 142.894
52 34635.9 -5475.61 -6352.95 -34635.9 5475.61 -15549.5 68666.3 5179.05 7839.57 -68666.3 -5179.05 12876.6 -2002.16 296.562 1329.14 2002.16 -296.562 -142.894 5475.61 34635.9 15549.5 -5475.61 40364.1 -29870.2 296.562 8302.16 16993.6 -296.562 -2002.16 142.894
53 34635.9 -5475.61 -6352.95 -34635.9 5475.61 -15549.5 68666.3 5179.05 7839.57 -68666.3 -5179.05 12876.6 -2002.16 296.562 1329.14 2002.16 -296.562 -142.894 5475.61 34635.9 15549.5 -5475.61 40364.1 -29870.2 296.562 8302.16 16993.6 -296.562 -2002.16 142.894
54 34635.9 -5475.61 -6352.95 -34635.9 5475.61 -15549.5 68666.3 5179.05 7839.57 -68666.3 -5179.05 12876.6 -2002.16 296.562 1329.14 2002.16 -296.562 -142.894 5475.61 34635.9 15549.5 -5475.61 40364.1 -29870.2 296.562 8302.16 16993.6 -296.562 -2002.16 142.894
55 34635.9 -5475.61 -6352.95 -34635.9 5475.61 -15549.5 68666.3 5179.05 7839.57 -68666.3 -5179.05 12876.6 -2002.16 296.562 1329.14 2002.16 -296.562 -142.894 5475.61 34635.9 15549.5 -5475.61 40364.1 -29870.2 296.562 8302.16 16993.6 -296.562 -2002.16 142.894
56 34635.9 -5475.61 -6352.95 -34635.9 5475.61 -15549.5 68666.3 5179.05 7839.57 -68666.3 -5179.05 12876.6 -2002.16 296.562 1329.14 2002.16 -296.562 -142.894 5475.61 34635.9 15549.5 -5475.61 40364.1 -29870.2 296.562 8302.16 16993.6 -296.562 -2002.16 142.894
57 34635.9 -5475.61 -6352.95 -34635.9 5475.61 -15549.5 68666.3 5179.05 7839.57 -68666.3 -5179.05 12876.6 -2002.16 296.562 1329.14 2002.16 -296.562 -142.894 5475.61 34635.9 15549.5 -5475.61 40364.1 -29870.2 296.562 8302.16 16993.6 -296.562 -2002.16 142.894
58 34635.9 -5475.61 -6352.95 -34635.9 5475.61 -15549.5 68666.3 5179.05 7839.57 -68666.3 -5179.05 12876.6 -2002.16 296.562 1329.14 2002.16 -296.562 -142.894 5475.61 34635.9 15549.5 -5475.61 40364.1 -29870.2 296.562 8302.16 16993.6 -296.562 -2002.16 142.894
59 34635.9 -5475.61 -6352.95 -34635.9 5475.61 -15549.5 68666.3 5179.05 7839.57 -68666.3 -5179.05 12876.6 -2002.16 296.562 1329.14 2002.16 -296.562 -142.894 5475.61 34635.9 15549.5 -5475.61 40364.1 -29870.2 296.562 8302.16 16993.6 -296.562 -2002.16 142.894
60 34635.9 -5475.61 -6352.95 -34635.9 5475.61 -15549.5 68666.3 5179.05 7839.57 -68666.3 -5179.05 12876.6 -2002.16 296.562 1329.14 2002.16 -296.562 -142.894 5475.61 34635.9 15549.5 -5475.61 40364.1 -29870.2 296.562 8302.16 16993.6 -296.562 -2002.16 142.894
61 34635.9 -5475.61 -6352.95 -34635.9 5475.61 -15549.5 68666.3 5179.05 7839.57 -68666.3 -5179.05 12876.6 -2002.16 296.562 1329.14 2002.16 -296.562 -142.894 5475.61 34635.9 15549.5 -5475.61 40364.1 -29870.2 296.562 8302.16 16993.6 -296.562 -2002.16 142.894
62 34635.9 -5475.61 -6352.95 -34635.9 5475.61 -15549.5 68666.3 5179.05 7839.57 -68666.3 -5179.05 12876.6 -2002.16 296.562 1329.14 2002.16 -296.562 -142.894 5475.61 34635.9 15549.5 -5475.61 40364.1 -29870.2 296.562 8302.16 16993.6 -296.562 -2002.16 142.894
63 34635.9 -5475.61 -6352.95 -34635.9 5475.61 -15549.5 68666.3 5179.05 7839.57 -68666.3 -5179.05 12876.6 -2002.16 296.562 1329.14 2002.16 -296.562 -142.894 5475.61 34635.9 15549.5 -5475.61 40364.1 -29870.2 296.562 8302.16 16993.6 -296.562 -2002.16 142.894
64 34635.9 -5475.61 -6352.95 -34635.9 5475.61 -15549.5 68666.3 5179.05 7839.57 -68666.3 -5179.05 12876.6 -2002.16 296.562 1329.14 2002.16 -296.562 -142.894 5475.61 34635.9 15549.5 -5475.61 40364.1 -29870.2 296.562 8302.16 16993.6 -296.562 -2002.16 142.894
65 34635.9 -5475.61 -6352.95 -34635.9 5475.61 -15549.5 68666.3 5179.05 7839.57 -68666.3 -5179.05 12876.6 -2002.16 296.562 1329.14 2002.16 -296.562 -142.894 5475.61 34635.9 15549.5 -5475.61 40364.1 -29870.2 296.562 8302.16 16993.6 -296.562 -2002.16 142.894
66 34635.9 -5475.61 -6352.95 -34635.9 5475.61 -15549.5 68666.3 5179.05 7839.57 -68666.3 -5179.05 12876.6 -2002.16 296.562 1329.14 2002.16 -296.562 -142.894 5475.61 34635.9 15549.5 -5475.61 40364.1 -29870.2 296.562 8302.16 16993.6 -296.562 -2002.16 142.894
67 34635.9 -5475.61 -6352.95 -34635.9 5475.61 -15549.5 68666.3 5179.05 7839.57 -68666.3 -5179.05 12876.6 -2002.16 296.562 1329.14 2002.16 -296.562 -142.894 5475.61 34635.9 15549.5 -5475.61 40364.1 -29870.2 296.562 8302.16 16993.6 -296.562 -2002.16 142.894
68 34635.9 -5475.61 -6352.95 -34635.9 5475.61 -15549.5 68666.3 5179.05 7839.57 -68666.3 -5179.05 12876.6 -2002.16 296.562 1329.14 2002.16 -296.562 -142.894 5475.61 34635.9 15549.5 -5475.61 40364.1 -29870.2 296.562 8302.16 16993.6 -296.562 -2002.16 142.894
69 34635.9 -5475.61 -6352.95 -34635.9 5475.61 -15549.5 68666.3 5179.05 7839.57 -68666.3 -5179.05 12876.6 -2002.16 296.562 1329.14 2002.16 -296.562 -142.894 5475.61 34635.9 15549.5 -5475.61 40364.1 -29870.2 296.562 8302.16 16993.6 -296.562 -2002.16 142.894
70 34635.9 -5475.61 -6352.95 -34635.9 5475.61 -15549.5 68666.3 5179.05 7839.57 -68666.3 -5179.05 12876.6 -2002.16 296.562 1329.14 2002.16 -296.562 -142.894 5475.61 34635.9 15549.5 -5475.61 40364.1 -29870.2 296.562 8302.16 16993.6 -296.562 -2002.16 142.894
71 34635.9 -5475.61 -6352.95 -34635.9 5475.61 -15549.5 68666.3 5179.05 7839.57 -68666.3 -5179.05 12876.6 -2002.16 296.562 1329.14 2002.16 -296.562 -142.894 5475.61 34635.9 15549.5 -5475.61 40364.1 -29870.2 296.562 8302.16 16993.6 -296.562 -2002.16 142.894
72 34635.9 -5475.61 -6352.95 -34635.9 5475.61 -15549.5 68666.3 5179.05 7839.57 -68666.3 -5179.05 12876.6 -2002.16 296.562 1329.14 2002.16 -296.562 -142.894 5475.61 34635.9 15549.5 -5475.61 40364.1 -29870.2 296.562 8302.16 16993.6 -296.562 -2002.16 142.894
73 34635.9 -5475.61 -6352.95 -34635.9 5475.61 -15549.5 68666.3 5179.05 7839.57 -68666.3 -5179.05 12876.6 -2002.16 296.562 1329.14 2002.16 -296.562 -142.894 5475.61 34635.9 15549.5 -5475.61 40364.1 -29870.2 296.562 8302.16 16993.6 -296.562 -2002.16 142.894
74 34635.9 -5475.61 -6352.95 -34635.9 5475.61 -15549.5 68666.3 5179.05 7839.57 -68666.3 -5179.05 12876.6 -2002.16 296.562 1329.14 2002.16 -296.562 -142.894 5475.61 34635.9 15549.5 -5475.61 40364.1 -29870.2 296.562 8302.16 16993.6 -296.562 -2002.16 142.894
75 34635.9 -5475.61 -6352.95 -34635.9 5475.61 -15549.5 68666.3 5179.05 7839.57 -68666.3 -5179.05 12876.6 -2002.16 296.562 1329.14 2002.16 -296.562 -142.894 5475.61 34635.9 15549.5 -5475.61 40364.1 -29870.2 296.562 8302.16 16993.6 -296.562 -2002.16 142.894
76 34635.9 -5475.61 -6352.95 -34635.9 5475.61 -15549.5 68666.3 5179.05 7839.57 -68666.3 -5179.05 12876.6 -2002.16 296.562 1329.14 2002.16 -296.562 -142.894 5475.61 34635.9 15549.5 -5475.61 40364.1 -29870.2 296.562 8302.16 16993.6 -296.562 -2002.16 142.894
77 34635.9 -5475.61 -6352.95 -34635.9 5475.61 -15549.5 68666.3 5179.05 7839.57 -68666.3 -5179.05 12876.6 -2002.16 296.562 1329.14 2002.16 -296.562 -142.894 5475.61 34635.9 15549.5 -5475.61 40364.1 -29870.2 296.562 8302.16 16993.6 -296.562 -2002.16 142.894
78 34635.9 -5475.61 -6352.95 -34635.9 5475.61 -15549.5 68666.3 5179.05 7839.57 -68666.3 -5179.05 12876.6 -2002.16 296.562 1329.14 2002.16 -296.562 -142.894 5475.61 34635.9 15549.5 -5475.61 40364.1 -29870.2 296.562 8302.16 16993.6 -296.562 -2002.16 142.894
79 34635.9 -5475.61 -6352.95 -34635.9 5475.61 -15549.5 68666.3 5179.05 7839.57 -68666.3 -5179.05 12876.6 -2002.16 296.562 1329.14 2002.16 -296.562 -142.894 5475.61 34635.9 15549.5 -5475.61 40364.1 -29870.2 296.562 8302.16 16993.6 -296.562 -2002.16 142.894
80 34635.9 -5475.61 -6352.95 -34635.9 5475.61 -15549.5 68666.3 5179.05 7839.57 -68666.3 -5179.05 12876.6 -2002.16 296.562 1329.14 2002.16 -296.562 -142.894 5475.61 34635.9 15549.5 -5475.61 40364.1 -29870.2 296.562 8302.16 16993.6 -296.562 -2002.16 142.894
81 34635.9 -5475.61 -6352.95 -34635.9 5475.61 -15549.5 68666.3 5179.05 7839.57 -68666.3 -5179.05 12876.6 -2002.16 296.562 1329.14 2002.16 -296.562 -142.894 5475.61 34635.9 15549.5 -5475.61 40364.1 -29870.2 296.562 8302.16 16993.6 -296.562 -2002.16 142.894
82 34635.9 -5475.61 -6352.95 -34635.9 5475.61 -15549.5 68666.3 5179.05 7839.57 -68666.3 -5179.05 12876.6 -2002.16 296.562 1329.14 2002.16 -296.562 -142.894 5475.61 34635.9 15549.5 -5475.61 40364.1 -29870.2 296.562 8302.16 16993.6 -296.562 -2002.16 142.894
83 34635.9 -5475.61 -6352.95 -34635.9 5475.61 -15549.5 68666.3 5179.05 7839.57 -68666.3 -5179.05 12876.6 -2002.16 296.562 1329.14 2002.16 -296.562 -142.894 5475.61 34635.9 15549.5 -5475.61 40364.1 -29870.2 296.562 8302.16 16993.6 -296.562 -2002.16 142.894
84 34635.9 -5475.61 -6352.95 -34635.9 5475.61 -15549.5 68666.3 5179.05 7839.57 -68666.3 -5179.05 12876.6 -2002.16 296.562 1329.14 2002.16 -296.562 -142.894 5475.61 34635.9 15549.5 -5475.61 40364.1 -29870.2 296.562 8302.16 16993.6 -296.562 -2002.16 142.894
85 34635.9 -5475.61 -6352.95 -34635.9 5475.61 -15549.5 68666.3 5179.05 7839.57 -68666.3 -5179.05 12876.6 -2002.16 296.562 1329.14 2002.16 -296.562 -142.894 5475.61 34635.9 15549.5 -5475.61 40364.1 -29870.2 296.562 8302.16 16993.6 -296.562 -2002.16 142.894
86 34635.9 -5475.61 -6352.95 -34635.9 5475.61 -15549.5 68666.3 5179.05 7839.57 -68666.3 -5179.05 12876.6 -2002.16 296.562 1329.14 2002.16 -296.562 -142.894 5475.61 34635.9 15549.5 -5475.61 40364.1 -29870.2 296.562 8302.16 16993.6 -296.562 -2002.16 142.894
87 34635.9 -5475.61 -6352.95 -34635.9 5475.61 -15549.5 68666.3 5179.05 7839.57 -68666.3 -5179.05 12876.6 -2002.16 296.562 1329.14 2002.16 -296.562 -142.894 5475.61 34635.9 15549.5 -5475.61 40364.1 -29870.2 296.562 8302.16 16993.6 -296.562 -2002.16 142.894
88 34635.9 -5475.61 -6352.95 -34635.9 5475.61 -15549.5 68666.3 5179.05 7839.57 -68666.3 -5179.05 12876.6 -2002.16 296.562 1329.14 2002.16 -296.562 -142.894 5475.61 34635.9 15549.5 -5475.61 40364.1 -29870.2 296.562 8302.16 16993.6 -296.562 -2002.16 142.894
89 34635.9 -5475.61 -6352.95 -34635.9 5475.61 -15549.5 68666.3 5179.05 7839.57 -68666.3 -5179.05 12876.6 -2002.16 296.562 1329.14 2002.16 -296.562 -142.894 5475.61 34635.9 15549.5 -5475.61 40364.1 -29870.2 296.562 8302.16 16993.6 -296.562 -2002.16 142.894
90 34635.9 -5475.61 -6352.95 -34635.9 5475.61 -15549.5 68666.3 5179.05 7839.57 -68666.3 -5179.05 12876.6 -2002.16 296.562 1329.14 2002.16 -296.562 -142.894 5475.61 34635.9 15549.5 -5475.61 40364.1 -29870.2 296.562 8302.16 16993.6 -296.562 -2002.16 142.894
91 34635.9 -5475.61 -6352.95 -34635.9 5475.61 -15549.5 68666.3 5179.05 7839.57 -68666.3 -5179.05 12876.6 -2002.16 296.562 1329.14 2002.16 -296.562 -142.894 5475.61 34635.9 15549.5 -5475.61 40364.1 -29870.2 296.562 8302.16 16993.6 -296.562 -2002.16 142.894
92 34635.9 -5475.61 -6352.95 -34635.9 5475.61 -15549.5 68666.3 5179.05 7839.57 -68666.3 -5179.05 12876.6 -2002.16 296.562 1329.14 2002.16 -296.562 -142.894 5475.61 34635.9 15549.5 -5475.61 40364.1 -29870.2 296.562 8302.16 16993.6 -296.562 -2002.16 142.894
93 34635.9 -5475.61 -6352.95 -34635.9 5475.61 -15549.5 68666.3 5179.05 7839.57 -68666.3 -5179.05 12876.6 -2002.16 296.562 1329.14 2002.16 -296.562 -142.894 5475.61 34635.9 15549.5 -5475.61 40364.1 -29870.2 296.562 8302.16 16993.6 -296.562 -2002.16 142.894
94 34635.9 -5475.61 -6352.95 -34635.9 5475.61 -15549.5 68666.3 5179.05 7839.57 -68666.3 -5179.05 12876.6 -2002.16 296.562 1329.14 2002.16 -296.562 -142.894 5475.61 34635.9 15549.5 -5475.61 40364.1 -29870.2 296.562 8302.16 16993.6 -296.562 -2002.16 142.894
95 34635.9 -5475.61 -6352.95 -34635.9 5475.61 -15549.5 68666.3 5179.05 7839.57 -68666.3 -5179.05 12876.6 -2002.16 296.562 1329.14 2002.16 -296.562 -142.894 5475.61 34635.9 15549.5 -5475.61 40364.1 -29870.2 296.562 8302.16 16993.6 -296.562 -2002.16 142.894
96 34635.9 -5475.61 -6352.95 -34635.9 5475.61 -15549.5 68666.3 5179.05 7839.57 -68666.3 -5179.05 12876.6 -2002.16 296.562 1329.14 2002.16 -296.562 -142.894 5475.61 34635.9 15549.5 -5475.61 40364.1 -29870.2 296.562 8302.16 16993.6 -296.562 -2002.16 142.894
97 34635.9 -5475.61 -6352.95 -34635.9 5475.61 -15549.5 68666.3 5179.05 7839.57 -68666.3 -5179.05 12876.6 -2002.16 296.562 1329.14 2002.16 -296.562 -142.894 5475.61 34635.9 15549.5 -5475.61 40364.1 -29870.2 296.562 8302.16 16993.6 -296.562 -2002.16 142.894
98 34635.9 -5475.61 -6352.95 -34635.9 5475.61 -15549.5 68666.3 5179.05 7839.57 -68666.3 -5179.05 12876.6 -2002.16 296.562 1329.14 2002.16 -296.562 -142.894 5475.61 34635.9 15549.5 -5475.61 40364.1 -29870.2 296.562 8302.16 16993.6 -296.562 -2002.16 142.894
99 34635.9 -5475.61 -6352.95 -34635.9 5475.61 -15549.5 68666.3 5179.05 7839.57 -68666.3 -5179.05 12876.6 -2002.16 296.562 1329.14 2002.16 -296.562 -142.894 5475.61 34635.9 15549.5 -5475.61 40364.1 -29870.2 296.562 8302.16 16993.6 -296.562 -2002.16 142.894
100 34635.9 -5475.61 -6352.95 -34635.9 5475.61 -15549.5 68666.3 5179.05 7839.57 -68666.3 -5179.05 12876.6 -2002.16 296.562 1329.14 2002.16 -296.562 -142.894 5475.61 34635.9 15549.5 -5475.61 40364.1 -29870.2 296.562 8302.16 16993.6 -296.562 -2002.16 142.894
