1 5475.61 34635.9 -6352.95 -5179.05 68666.3 7839.57 -296.562 -2002.16 1329.14 -2.09184e-11 -7.27596e-12 -1.27329e-11 -1.08002e-12 -2.36469e-11 -7.27596e-12 -3.75167e-11 2.50111e-12 -1.81899e-12
2 5475.61 34635.9 -6352.95 -5179.05 68666.3 7839.57 -296.562 -2002.16 1329.14 -9.09495e-13 0 3.63798e-12 2.07478e-11 -3.63798e-12 0 -1.87583e-11 -1.36424e-12 2.04636e-12
3 5475.61 34635.9 -6352.95 -5179.05 68666.3 7839.57 -296.562 -2002.16 1329.14 -9.09495e-13 0 3.63798e-12 2.07478e-11 -3.63798e-12 0 -1.92699e-11 -4.54747e-13 7.95808e-13
4 5475.61 34635.9 -6352.95 -5179.05 68666.3 7839.57 -296.562 -2002.16 1329.14 -3.63798e-12 0 -7.27596e-12 2.07478e-11 -5.45697e-12 0 -1.93836e-11 2.04636e-12 -1.47793e-12
5 5475.61 34635.9 -6352.95 -5179.05 68666.3 7839.57 -296.562 -2002.16 1329.14 -9.09495e-13 0 3.63798e-12 -5.1557e-11 1.09139e-11 0 5.34897e-11 -2.04636e-12 1.7053e-12
6 5475.61 34635.9 -6352.95 -5179.05 68666.3 7839.57 -296.562 -2002.16 1329.14 4.09273e-11 0 -3.63798e-12 -9.52127e-11 -5.45697e-12 0 5.31486e-11 1.36424e-12 -9.09495e-13
7 5475.61 34635.9 -6352.95 -5179.05 68666.3 7839.57 -296.562 -2002.16 1329.14 -2.72848e-12 0 -3.63798e-12 2.07478e-11 1.09139e-11 0 -1.88152e-11 -1.81899e-12 1.7053e-12
8 5475.61 34635.9 -6352.95 -5179.05 68666.3 7839.57 -296.562 -2002.16 1329.14 -2.72848e-12 0 -3.63798e-12 2.07478e-11 -5.45697e-12 0 -1.8872e-11 9.09495e-13 -2.27374e-13
9 5475.61 34635.9 -6352.95 -5179.05 68666.3 7839.57 -296.562 -2002.16 1329.14 -2.72848e-12 0 -3.63798e-12 2.16573e-11 9.09495e-12 3.63798e-12 -1.87015e-11 0 1.13687e-13
10 5475.61 34635.9 -6352.95 -5179.05 68666.3 7839.57 -296.562 -2002.16 1329.14 -9.09495e-13 0 3.63798e-12 2.07478e-11 -9.09495e-12 -7.27596e-12 -1.88152e-11 2.72848e-12 -5.57066e-12
11 5475.61 34635.9 -6352.95 -5179.05 68666.3 7839.57 -296.562 -2002.16 1329.14 -2.72848e-12 0 0 -5.24665e-11 -1.81899e-12 3.63798e-12 5.3717e-11 -3.63798e-12 6.25278e-12
12 5475.61 34635.9 -6352.95 -5179.05 68666.3 7839.57 -296.562 -2002.16 1329.14 -9.09495e-13 0 3.63798e-12 -5.06475e-11 -5.45697e-12 3.63798e-12 5.36033e-11 4.54747e-13 -1.81899e-12
13 5475.61 34635.9 -6352.95 -5179.05 68666.3 7839.57 -296.562 -2002.16 1329.14 -9.09495e-13 0 3.63798e-12 -5.1557e-11 1.09139e-11 0 5.34897e-11 -1.13687e-12 1.81899e-12
14 5475.61 34635.9 -6352.95 -5179.05 68666.3 7839.57 -296.562 -2002.16 1329.14 -2.72848e-12 0 -3.63798e-12 2.07478e-11 -3.63798e-12 0 -1.90994e-11 -4.54747e-13 1.13687e-12
15 5475.61 34635.9 -6352.95 -5179.05 68666.3 7839.57 -296.562 -2002.16 1329.14 -2.72848e-12 0 -3.63798e-12 2.07478e-11 9.09495e-12 0 -1.90425e-11 1.13687e-12 -5.68434e-13
16 5475.61 34635.9 -6352.95 -5179.05 68666.3 7839.57 -296.562 -2002.16 1329.14 -2.72848e-12 0 -3.63798e-12 2.07478e-11 -3.63798e-12 0 -1.86446e-11 -1.81899e-12 2.04636e-12
17 5475.61 34635.9 -6352.95 -5179.05 68666.3 7839.57 -296.562 -2002.16 1329.14 -2.72848e-12 0 -3.63798e-12 2.16573e-11 9.09495e-12 3.63798e-12 -1.88152e-11 9.09495e-13 -2.16005e-12
18 5475.61 34635.9 -6352.95 -5179.05 68666.3 7839.57 -296.562 -2002.16 1329.14 -9.09495e-13 0 3.63798e-12 2.07478e-11 -9.09495e-12 -7.27596e-12 -1.87015e-11 3.63798e-12 -5.11591e-12
19 5475.61 34635.9 -6352.95 -5179.05 68666.3 7839.57 -296.562 -2002.16 1329.14 -2.72848e-12 0 0 -5.24665e-11 -1.81899e-12 3.63798e-12 5.3717e-11 -3.86535e-12 6.25278e-12
20 5475.61 34635.9 -6352.95 -5179.05 68666.3 7839.57 -296.562 -2002.16 1329.14 -9.09495e-13 0 3.63798e-12 2.16573e-11 -5.45697e-12 3.63798e-12 -1.88152e-11 4.54747e-13 -2.16005e-12
21 5475.61 34635.9 -6352.95 -5179.05 68666.3 7839.57 -296.562 -2002.16 1329.14 -9.09495e-13 0 3.63798e-12 2.07478e-11 1.09139e-11 0 -1.89289e-11 -1.13687e-12 1.59162e-12
22 5475.61 34635.9 -6352.95 -5179.05 68666.3 7839.57 -296.562 -2002.16 1329.14 -3.63798e-12 0 -7.27596e-12 -5.1557e-11 -3.63798e-12 0 5.32054e-11 -4.54747e-13 1.13687e-12
23 5475.61 34635.9 -6352.95 -5179.05 68666.3 7839.57 -296.562 -2002.16 1329.14 -9.09495e-13 0 3.63798e-12 2.07478e-11 9.09495e-12 0 -1.90425e-11 9.09495e-13 -5.68434e-13
24 5475.61 34635.9 -6352.95 -5179.05 68666.3 7839.57 -296.562 -2002.16 1329.14 -9.09495e-13 0 3.63798e-12 2.07478e-11 -3.63798e-12 0 -1.90425e-11 -1.36424e-12 1.36424e-12
25 5475.61 34635.9 -6352.95 -5179.05 68666.3 7839.57 -296.562 -2002.16 1329.14 -9.09495e-13 0 3.63798e-12 2.07478e-11 -5.45697e-12 0 -1.91562e-11 1.81899e-12 -9.09495e-13
26 5475.61 34635.9 -6352.95 -5179.05 68666.3 7839.57 -296.562 -2002.16 1329.14 -9.09495e-13 0 3.63798e-12 -5.1557e-11 9.09495e-12 0 5.31486e-11 4.54747e-13 -9.09495e-13
27 5475.61 34635.9 -6352.95 -5179.05 68666.3 7839.57 -296.562 -2002.16 1329.14 -9.09495e-13 0 3.63798e-12 2.07478e-11 -3.63798e-12 0 -1.90994e-11 -1.36424e-12 1.13687e-12
28 5475.61 34635.9 -6352.95 -5179.05 68666.3 7839.57 -296.562 -2002.16 1329.14 -9.09495e-13 0 3.63798e-12 2.07478e-11 -5.45697e-12 0 -1.92699e-11 1.81899e-12 -1.13687e-12
29 5475.61 34635.9 -6352.95 -5179.05 68666.3 7839.57 -296.562 -2002.16 1329.14 -9.09495e-13 0 3.63798e-12 2.07478e-11 1.09139e-11 0 -1.90994e-11 -1.36424e-12 1.13687e-12
30 5475.61 34635.9 -6352.95 -5179.05 68666.3 7839.57 -296.562 -2002.16 1329.14 -2.72848e-12 0 -3.63798e-12 2.07478e-11 -5.45697e-12 0 -1.92699e-11 1.81899e-12 -1.13687e-12
31 5475.61 34635.9 -6352.95 -5179.05 68666.3 7839.57 -296.562 -2002.16 1329.14 -2.72848e-12 0 -3.63798e-12 -5.1557e-11 1.09139e-11 0 5.34897e-11 -1.81899e-12 1.7053e-12
32 5475.61 34635.9 -6352.95 -5179.05 68666.3 7839.57 -296.562 -2002.16 1329.14 -2.72848e-12 0 -3.63798e-12 2.07478e-11 -5.45697e-12 0 -1.90425e-11 9.09495e-13 -5.68434e-13
33 5475.61 34635.9 -6352.95 -5179.05 68666.3 7839.57 -296.562 -2002.16 1329.14 -2.72848e-12 0 -3.63798e-12 2.07478e-11 9.09495e-12 0 -1.8872e-11 0 -2.27374e-13
34 5475.61 34635.9 -6352.95 -5179.05 68666.3 7839.57 -296.562 -2002.16 1329.14 -2.72848e-12 0 -3.63798e-12 2.16573e-11 -5.45697e-12 3.63798e-12 -1.87015e-11 -2.27374e-13 1.13687e-13
35 5475.61 34635.9 -6352.95 -5179.05 68666.3 7839.57 -296.562 -2002.16 1329.14 -9.09495e-13 0 3.63798e-12 -5.1557e-11 9.09495e-12 0 5.36602e-11 -6.82121e-13 2.27374e-13
36 5475.61 34635.9 -6352.95 -5179.05 68666.3 7839.57 -296.562 -2002.16 1329.14 -9.09495e-13 0 3.63798e-12 1.98384e-11 -9.09495e-12 -7.27596e-12 -1.90425e-11 4.09273e-12 -5.91172e-12
37 5475.61 34635.9 -6352.95 -5179.05 68666.3 7839.57 -296.562 -2002.16 1329.14 -2.72848e-12 0 -3.63798e-12 -5.1557e-11 -3.63798e-12 3.63798e-12 5.38307e-11 -2.95586e-12 4.54747e-12
38 5475.61 34635.9 -6352.95 -5179.05 68666.3 7839.57 -296.562 -2002.16 1329.14 -2.72848e-12 0 -3.63798e-12 2.07478e-11 9.09495e-12 0 -1.88152e-11 4.54747e-13 -1.13687e-13
39 5475.61 34635.9 -6352.95 -5179.05 68666.3 7839.57 -296.562 -2002.16 1329.14 -2.72848e-12 0 -3.63798e-12 -5.1557e-11 -9.09495e-12 -7.27596e-12 5.36602e-11 3.41061e-12 -5.22959e-12
40 5475.61 34635.9 -6352.95 -5179.05 68666.3 7839.57 -296.562 -2002.16 1329.14 -2.72848e-12 0 -3.63798e-12 2.07478e-11 1.27329e-11 3.63798e-12 -1.84173e-11 -4.54747e-12 6.59384e-12
41 5475.61 34635.9 -6352.95 -5179.05 68666.3 7839.57 -296.562 -2002.16 1329.14 -2.72848e-12 0 -3.63798e-12 2.07478e-11 -5.45697e-12 0 -1.90425e-11 6.82121e-13 -5.68434e-13
42 5475.61 34635.9 -6352.95 -5179.05 68666.3 7839.57 -296.562 -2002.16 1329.14 -2.72848e-12 0 -3.63798e-12 2.07478e-11 9.09495e-12 0 -1.8872e-11 0 -2.27374e-13
43 5475.61 34635.9 -6352.95 -5179.05 68666.3 7839.57 -296.562 -2002.16 1329.14 -2.72848e-12 0 -3.63798e-12 2.16573e-11 -5.45697e-12 3.63798e-12 -1.87015e-11 -2.27374e-13 1.13687e-13
44 5475.61 34635.9 -6352.95 -5179.05 68666.3 7839.57 -296.562 -2002.16 1329.14 -9.09495e-13 0 3.63798e-12 -5.1557e-11 9.09495e-12 0 5.36602e-11 -6.82121e-13 2.27374e-13
45 5475.61 34635.9 -6352.95 -5179.05 68666.3 7839.57 -296.562 -2002.16 1329.14 -9.09495e-13 0 3.63798e-12 1.98384e-11 -9.09495e-12 -7.27596e-12 -1.90425e-11 4.09273e-12 -5.91172e-12
46 5475.61 34635.9 -6352.95 -5179.05 68666.3 7839.57 -296.562 -2002.16 1329.14 -2.72848e-12 0 -3.63798e-12 -5.1557e-11 -3.63798e-12 3.63798e-12 5.38307e-11 -2.95586e-12 4.54747e-12
47 5475.61 34635.9 -6352.95 -5179.05 68666.3 7839.57 -296.562 -2002.16 1329.14 -2.72848e-12 0 -3.63798e-12 2.07478e-11 9.09495e-12 0 -1.88152e-11 4.54747e-13 -1.13687e-13
48 5475.61 34635.9 -6352.95 -5179.05 68666.3 7839.57 -296.562 -2002.16 1329.14 -2.72848e-12 0 -3.63798e-12 -5.1557e-11 -9.09495e-12 -7.27596e-12 5.36602e-11 3.41061e-12 -5.22959e-12
49 5475.61 34635.9 -6352.95 -5179.05 68666.3 7839.57 -296.562 -2002.16 1329.14 -2.72848e-12 0 -3.63798e-12 2.07478e-11 1.27329e-11 3.63798e-12 -1.84173e-11 -4.54747e-12 6.59384e-12
50 5475.61 34635.9 -6352.95 -5179.05 68666.3 7839.57 -296.562 -2002.16 1329.14 -2.72848e-12 0 -3.63798e-12 2.07478e-11 -5.45697e-12 0 -1.90425e-11 6.82121e-13 -5.68434e-13
51 5475.61 34635.9 -6352.95 -5179.05 68666.3 7839.57 -296.562 -2002.16 1329.14 -2.72848e-12 0 -3.63798e-12 2.07478e-11 9.09495e-12 0 -1.8872e-11 0 -2.27374e-13
52 5475.61 34635.9 -6352.95 -5179.05 68666.3 7839.57 -296.562 -2002.16 1329.14 -2.72848e-12 0 -3.63798e-12 2.16573e-11 -5.45697e-12 3.63798e-12 -1.87015e-11 -2.27374e-13 1.13687e-13
53 5475.61 34635.9 -6352.95 -5179.05 68666.3 7839.57 -296.562 -2002.16 1329.14 -9.09495e-13 0 3.63798e-12 -5.1557e-11 9.09495e-12 0 5.36602e-11 -6.82121e-13 2.27374e-13
54 5475.61 34635.9 -6352.95 -5179.05 68666.3 7839.57 -296.562 -2002.16 1329.14 -9.09495e-13 0 3.63798e-12 1.98384e-11 -9.09495e-12 -7.27596e-12 -1.90425e-11 4.09273e-12 -5.91172e-12
55 5475.61 34635.9 -6352.95 -5179.05 68666.3 7839.57 -296.562 -2002.16 1329.14 -2.72848e-12 0 -3.63798e-12 -5.1557e-11 -3.63798e-12 3.63798e-12 5.38307e-11 -2.95586e-12 4.54747e-12
56 5475.61 34635.9 -6352.95 -5179.05 68666.3 7839.57 -296.562 -2002.16 1329.14 -2.72848e-12 0 -3.63798e-12 2.07478e-11 9.09495e-12 0 -1.88152e-11 4.54747e-13 -1.13687e-13
57 5475.61 34635.9 -6352.95 -5179.05 68666.3 7839.57 -296.562 -2002.16 1329.14 -2.72848e-12 0 -3.63798e-12 -5.1557e-11 -9.09495e-12 -7.27596e-12 5.36602e-11 3.41061e-12 -5.22959e-12
58 5475.61 34635.9 -6352.95 -5179.05 68666.3 7839.57 -296.562 -2002.16 1329.14 -2.72848e-12 0 -3.63798e-12 2.07478e-11 1.27329e-11 3.63798e-12 -1.84173e-11 -4.54747e-12 6.59384e-12
59 5475.61 34635.9 -6352.95 -5179.05 68666.3 7839.57 -296.562 -2002.16 1329.14 -2.72848e-12 0 -3.63798e-12 2.07478e-11 -5.45697e-12 0 -1.90425e-11 6.82121e-13 -5.68434e-13
60 5475.61 34635.9 -6352.95 -5179.05 68666.3 7839.57 -296.562 -2002.16 1329.14 -2.72848e-12 0 -3.63798e-12 2.07478e-11 9.09495e-12 0 -1.8872e-11 0 -2.27374e-13
61 5475.61 34635.9 -6352.95 -5179.05 68666.3 7839.57 -296.562 -2002.16 1329.14 -2.72848e-12 0 -3.63798e-12 2.16573e-11 -5.45697e-12 3.63798e-12 -1.87015e-11 -2.27374e-13 1.13687e-13
62 5475.61 34635.9 -6352.95 -5179.05 68666.3 7839.57 -296.562 -2002.16 1329.14 -9.09495e-13 0 3.63798e-12 -5.1557e-11 9.09495e-12 0 5.36602e-11 -6.82121e-13 2.27374e-13
63 5475.61 34635.9 -6352.95 -5179.05 68666.3 7839.57 -296.562 -2002.16 1329.14 -9.09495e-13 0 3.63798e-12 1.98384e-11 -9.09495e-12 -7.27596e-12 -1.90425e-11 4.09273e-12 -5.91172e-12
64 5475.61 34635.9 -6352.95 -5179.05 68666.3 7839.57 -296.562 -2002.16 1329.14 -2.72848e-12 0 -3.63798e-12 -5.1557e-11 -3.63798e-12 3.63798e-12 5.38307e-11 -2.95586e-12 4.54747e-12
65 5475.61 34635.9 -6352.95 -5179.05 68666.3 7839.57 -296.562 -2002.16 1329.14 -2.72848e-12 0 -3.63798e-12 2.07478e-11 9.09495e-12 0 -1.88152e-11 4.54747e-13 -1.13687e-13
66 5475.61 34635.9 -6352.95 -5179.05 68666.3 7839.57 -296.562 -2002.16 1329.14 -2.72848e-12 0 -3.63798e-12 -5.1557e-11 -9.09495e-12 -7.27596e-12 5.36602e-11 3.41061e-12 -5.22959e-12
67 5475.61 34635.9 -6352.95 -5179.05 68666.3 7839.57 -296.562 -2002.16 1329.14 -2.72848e-12 0 -3.63798e-12 2.07478e-11 1.27329e-11 3.63798e-12 -1.84173e-11 -4.54747e-12 6.59384e-12
68 5475.61 34635.9 -6352.95 -5179.05 68666.3 7839.57 -296.562 -2002.16 1329.14 -2.72848e-12 0 -3.63798e-12 2.07478e-11 -5.45697e-12 0 -1.90425e-11 6.82121e-13 -5.68434e-13
69 5475.61 34635.9 -6352.95 -5179.05 68666.3 7839.57 -296.562 -2002.16 1329.14 -2.72848e-12 0 -3.63798e-12 2.07478e-11 9.09495e-12 0 -1.8872e-11 0 -2.27374e-13
70 5475.61 34635.9 -6352.95 -5179.05 68666.3 7839.57 -296.562 -2002.16 1329.14 -2.72848e-12 0 -3.63798e-12 2.16573e-11 -5.45697e-12 3.63798e-12 -1.87015e-11 -2.27374e-13 1.13687e-13
71 5475.61 34635.9 -6352.95 -5179.05 68666.3 7839.57 -296.562 -2002.16 1329.14 -9.09495e-13 0 3.63798e-12 -5.1557e-11 9.09495e-12 0 5.36602e-11 -6.82121e-13 2.27374e-13
72 5475.61 34635.9 -6352.95 -5179.05 68666.3 7839.57 -296.562 -2002.16 1329.14 -9.09495e-13 0 3.63798e-12 1.98384e-11 -9.09495e-12 -7.27596e-12 -1.90425e-11 4.09273e-12 -5.91172e-12
73 5475.61 34635.9 -6352.95 -5179.05 68666.3 7839.57 -296.562 -2002.16 1329.14 -2.72848e-12 0 -3.63798e-12 -5.1557e-11 -3.63798e-12 3.63798e-12 5.38307e-11 -2.95586e-12 4.54747e-12
74 5475.61 34635.9 -6352.95 -5179.05 68666.3 7839.57 -296.562 -2002.16 1329.14 -2.72848e-12 0 -3.63798e-12 2.07478e-11 9.09495e-12 0 -1.88152e-11 4.54747e-13 -1.13687e-13
75 5475.61 34635.9 -6352.95 -5179.05 68666.3 7839.57 -296.562 -2002.16 1329.14 -2.72848e-12 0 -3.63798e-12 -5.1557e-11 -9.09495e-12 -7.27596e-12 5.36602e-11 3.41061e-12 -5.22959e-12
76 5475.61 34635.9 -6352.95 -5179.05 68666.3 7839.57 -296.562 -2002.16 1329.14 -2.72848e-12 0 -3.63798e-12 2.07478e-11 1.27329e-11 3.63798e-12 -1.84173e-11 -4.54747e-12 6.59384e-12
77 5475.61 34635.9 -6352.95 -5179.05 68666.3 7839.57 -296.562 -2002.16 1329.14 -2.72848e-12 0 -3.63798e-12 2.07478e-11 -5.45697e-12 0 -1.90425e-11 6.82121e-13 -5.68434e-13
78 5475.61 34635.9 -6352.95 -5179.05 68666.3 7839.57 -296.562 -2002.16 1329.14 -2.72848e-12 0 -3.63798e-12 2.07478e-11 9.09495e-12 0 -1.8872e-11 0 -2.27374e-13
79 5475.61 34635.9 -6352.95 -5179.05 68666.3 7839.57 -296.562 -2002.16 1329.14 -2.72848e-12 0 -3.63798e-12 2.16573e-11 -5.45697e-12 3.63798e-12 -1.87015e-11 -2.27374e-13 1.13687e-13
80 5475.61 34635.9 -6352.95 -5179.05 68666.3 7839.57 -296.562 -2002.16 1329.14 -9.09495e-13 0 3.63798e-12 -5.1557e-11 9.09495e-12 0 5.36602e-11 -6.82121e-13 2.27374e-13
81 5475.61 34635.9 -6352.95 -5179.05 68666.3 7839.57 -296.562 -2002.16 1329.14 -9.09495e-13 0 3.63798e-12 1.98384e-11 -9.09495e-12 -7.27596e-12 -1.90425e-11 4.09273e-12 -5.91172e-12
82 5475.61 34635.9 -6352.95 -5179.05 68666.3 7839.57 -296.562 -2002.16 1329.14 -2.72848e-12 0 -3.63798e-12 -5.1557e-11 -3.63798e-12 3.63798e-12 5.38307e-11 -2.95586e-12 4.54747e-12
83 5475.61 34635.9 -6352.95 -5179.05 68666.3 7839.57 -296.562 -2002.16 1329.14 -2.72848e-12 0 -3.63798e-12 2.07478e-11 9.09495e-12 0 -1.88152e-11 4.54747e-13 -1.13687e-13
84 5475.61 34635.9 -6352.95 -5179.05 68666.3 7839.57 -296.562 -2002.16 1329.14 -2.72848e-12 0 -3.63798e-12 -5.1557e-11 -9.09495e-12 -7.27596e-12 5.36602e-11 3.41061e-12 -5.22959e-12
85 5475.61 34635.9 -6352.95 -5179.05 68666.3 7839.57 -296.562 -2002.16 1329.14 -2.72848e-12 0 -3.63798e-12 2.07478e-11 1.27329e-11 3.63798e-12 -1.84173e-11 -4.54747e-12 6.59384e-12
86 5475.61 34635.9 -6352.95 -5179.05 68666.3 7839.57 -296.562 -2002.16 1329.14 -2.72848e-12 0 -3.63798e-12 2.07478e-11 -5.45697e-12 0 -1.90425e-11 6.82121e-13 -5.68434e-13
87 5475.61 34635.9 -6352.95 -5179.05 68666.3 7839.57 -296.562 -2002.16 1329.14 -2.72848e-12 0 -3.63798e-12 2.07478e-11 9.09495e-12 0 -1.8872e-11 0 -2.27374e-13
88 5475.61 34635.9 -6352.95 -5179.05 68666.3 7839.57 -296.562 -2002.16 1329.14 -2.72848e-12 0 -3.63798e-12 2.16573e-11 -5.45697e-12 3.63798e-12 -1.87015e-11 -2.27374e-13 1.13687e-13
89 5475.61 34635.9 -6352.95 -5179.05 68666.3 7839.57 -296.562 -2002.16 1329.14 -9.09495e-13 0 3.63798e-12 -5.1557e-11 9.09495e-12 0 5.36602e-11 -6.82121e-13 2.27374e-13
90 5475.61 34635.9 -6352.95 -5179.05 68666.3 7839.57 -296.562 -2002.16 1329.14 -9.09495e-13 0 3.63798e-12 1.98384e-11 -9.09495e-12 -7.27596e-12 -1.90425e-11 4.09273e-12 -5.91172e-12
91 5475.61 34635.9 -6352.95 -5179.05 68666.3 7839.57 -296.562 -2002.16 1329.14 -2.72848e-12 0 -3.63798e-12 -5.1557e-11 -3.63798e-12 3.63798e-12 5.38307e-11 -2.95586e-12 4.54747e-12
92 5475.61 34635.9 -6352.95 -5179.05 68666.3 7839.57 -296.562 -2002.16 1329.14 -2.72848e-12 0 -3.63798e-12 2.07478e-11 9.09495e-12 0 -1.88152e-11 4.54747e-13 -1.13687e-13
93 5475.61 34635.9 -6352.95 -5179.05 68666.3 7839.57 -296.562 -2002.16 1329.14 -2.72848e-12 0 -3.63798e-12 -5.1557e-11 -9.09495e-12 -7.27596e-12 5.36602e-11 3.41061e-12 -5.22959e-12
94 5475.61 34635.9 -6352.95 -5179.05 68666.3 7839.57 -296.562 -2002.16 1329.14 -2.72848e-12 0 -3.63798e-12 2.07478e-11 1.27329e-11 3.63798e-12 -1.84173e-11 -4.54747e-12 6.59384e-12
95 5475.61 34635.9 -6352.95 -5179.05 68666.3 7839.57 -296.562 -2002.16 1329.14 -2.72848e-12 0 -3.63798e-12 2.07478e-11 -5.45697e-12 0 -1.90425e-11 6.82121e-13 -5.68434e-13
96 5475.61 34635.9 -6352.95 -5179.05 68666.3 7839.57 -296.562 -2002.16 1329.14 -2.72848e-12 0 -3.63798e-12 2.07478e-11 9.09495e-12 0 -1.8872e-11 0 -2.27374e-13
97 5475.61 34635.9 -6352.95 -5179.05 68666.3 7839.57 -296.562 -2002.16 1329.14 -2.72848e-12 0 -3.63798e-12 2.16573e-11 -5.45697e-12 3.63798e-12 -1.87015e-11 -2.27374e-13 1.13687e-13
98 5475.61 34635.9 -6352.95 -5179.05 68666.3 7839.57 -296.562 -2002.16 1329.14 -9.09495e-13 0 3.63798e-12 -5.1557e-11 9.09495e-12 0 5.36602e-11 -6.82121e-13 2.27374e-13
99 5475.61 34635.9 -6352.95 -5179.05 68666.3 7839.57 -296.562 -2002.16 1329.14 -9.09495e-13 0 3.63798e-12 1.98384e-11 -9.09495e-12 -7.27596e-12 -1.90425e-11 4.09273e-12 -5.91172e-12
100 5475.61 34635.9 -6352.95 -5179.05 68666.3 7839.57 -296.562 -2002.16 1329.14 -2.72848e-12 0 -3.63798e-12 -5.1557e-11 -3.63798e-12 3.63798e-12 5.38307e-11 -2.95586e-12 4.54747e-12
