1 -86760.8 -66195.9 66195.9 1.15602e-12 -66195.9 -66195.9 -13239.2 66195.9 -66195.9
2 -173522 -132392 132392 0 -132392 -132392 -26478.4 132392 -132392
3 -260282 -198588 198588 0 -198588 -198588 -39717.6 198588 -198588
4 -347043 -264784 264784 0 -264784 -264784 -52956.8 264784 -264784
5 -433804 -330980 330980 0 -330980 -330980 -66195.9 330980 -330980
6 -520565 -397176 397176 0 -397176 -397176 -79435.1 397176 -397176
7 -607326 -463372 463372 0 -463372 -463372 -92674.3 463372 -463372
8 -694086 -529568 529568 0 -529568 -529568 -105914 529568 -529568
9 -780847 -595763 595763 0 -595763 -595763 -119153 595763 -595763
10 -867608 -661959 661959 0 -661959 -661959 -132392 661959 -661959
