1 2e-05 -0.00173611 0.00347222 2.5e-05 0.00130208 -0.00195312
2 2e-05 -0.00173611 0.00347222 2.5e-05 0.00130208 -0.00195312
3 2e-05 -0.00173611 0.00347222 2.5e-05 0.00130208 -0.00195312
4 2e-05 -0.00173611 0.00347222 2.5e-05 0.00130208 -0.00195312
5 2e-05 -0.00173611 0.00347222 2.5e-05 0.00130208 -0.00195312
6 2e-05 -0.00173611 0.00347222 2.5e-05 0.00130208 -0.00195312
7 2e-05 -0.00173611 0.00347222 2.5e-05 0.00130208 -0.00195313
8 2e-05 -0.00173611 0.00347222 2.5e-05 0.00130208 -0.00195312
9 2e-05 -0.00173611 0.00347222 2.5e-05 0.00130208 -0.00195312
10 2e-05 -0.00173611 0.00347222 2.5e-05 0.00130208 -0.00195312
11 2e-05 -0.00173611 0.00347222 2.5e-05 0.00130208 -0.00195312
12 2e-05 -0.00173611 0.00347222 2.5e-05 0.00130208 -0.00195312
13 2e-05 -0.00173611 0.00347222 2.5e-05 0.00130208 -0.00195312
14 2e-05 -0.00173611 0.00347222 2.5e-05 0.00130208 -0.00195312
15 2e-05 -0.00173611 0.00347222 2.5e-05 0.00130208 -0.00195312
16 2e-05 -0.00173611 0.00347222 2.5e-05 0.00130208 -0.00195312
17 2e-05 -0.00173611 0.00347222 2.5e-05 0.00130208 -0.00195312
18 2e-05 -0.00173611 0.00347222 2.5e-05 0.00130208 -0.00195312
19 2e-05 -0.00173611 0.00347222 2.5e-05 0.00130208 -0.00195312
20 2e-05 -0.00173611 0.00347222 2.5e-05 0.00130208 -0.00195312
21 2e-05 -0.00173611 0.00347222 2.5e-05 0.00130208 -0.00195312
22 2e-05 -0.00173611 0.00347222 2.5e-05 0.00130208 -0.00195312
23 2e-05 -0.00173611 0.00347222 2.5e-05 0.00130208 -0.00195312
24 2e-05 -0.00173611 0.00347222 2.5e-05 0.00130208 -0.00195312
25 2e-05 -0.00173611 0.00347222 2.5e-05 0.00130208 -0.00195312
26 2e-05 -0.00173611 0.00347222 2.5e-05 0.00130208 -0.00195312
27 2e-05 -0.00173611 0.00347222 2.5e-05 0.00130208 -0.00195312
28 2e-05 -0.00173611 0.00347222 2.5e-05 0.00130208 -0.00195312
29 2e-05 -0.00173611 0.00347222 2.5e-05 0.00130208 -0.00195312
30 2e-05 -0.00173611 0.00347222 2.5e-05 0.00130208 -0.00195312
31 2e-05 -0.00173611 0.00347222 2.5e-05 0.00130208 -0.00195312
32 2e-05 -0.00173611 0.00347222 2.5e-05 0.00130208 -0.00195312
33 2e-05 -0.00173611 0.00347222 2.5e-05 0.00130208 -0.00195312
34 2e-05 -0.00173611 0.00347222 2.5e-05 0.00130208 -0.00195312
35 2e-05 -0.00173611 0.00347222 2.5e-05 0.00130208 -0.00195312
36 2e-05 -0.00173611 0.00347222 2.5e-05 0.00130208 -0.00195312
37 2e-05 -0.00173611 0.00347222 2.5e-05 0.00130208 -0.00195312
38 2e-05 -0.00173611 0.00347222 2.5e-05 0.00130208 -0.00195312
39 2e-05 -0.00173611 0.00347222 2.5e-05 0.00130208 -0.00195312
40 2e-05 -0.00173611 0.00347222 2.5e-05 0.00130208 -0.00195312
41 2e-05 -0.00173611 0.00347222 2.5e-05 0.00130208 -0.00195312
42 2e-05 -0.00173611 0.00347222 2.5e-05 0.00130208 -0.00195312
43 2e-05 -0.00173611 0.00347222 2.5e-05 0.00130208 -0.00195312
44 2e-05 -0.00173611 0.00347222 2.5e-05 0.00130208 -0.00195312
45 2e-05 -0.00173611 0.00347222 2.5e-05 0.00130208 -0.00195312
46 2e-05 -0.00173611 0.00347222 2.5e-05 0.00130208 -0.00195312
47 2e-05 -0.00173611 0.00347222 2.5e-05 0.00130208 -0.00195312
48 2e-05 -0.00173611 0.00347222 2.5e-05 0.00130208 -0.00195312
49 2e-05 -0.00173611 0.00347222 2.5e-05 0.00130208 -0.00195312
50 2e-05 -0.00173611 0.00347222 2.5e-05 0.00130208 -0.00195312
51 2e-05 -0.00173611 0.00347222 2.5e-05 0.00130208 -0.00195312
52 2e-05 -0.00173611 0.00347222 2.5e-05 0.00130208 -0.00195312
53 2e-05 -0.00173611 0.00347222 2.5e-05 0.00130208 -0.00195312
54 2e-05 -0.00173611 0.00347222 2.5e-05 0.00130208 -0.00195312
55 2e-05 -0.00173611 0.00347222 2.5e-05 0.00130208 -0.00195312
56 2e-05 -0.00173611 0.00347222 2.5e-05 0.00130208 -0.00195312
57 2e-05 -0.00173611 0.00347222 2.5e-05 0.00130208 -0.00195312
58 2e-05 -0.00173611 0.00347222 2.5e-05 0.00130208 -0.00195312
59 2e-05 -0.00173611 0.00347222 2.5e-05 0.00130208 -0.00195312
60 2e-05 -0.00173611 0.00347222 2.5e-05 0.00130208 -0.00195312
61 2e-05 -0.00173611 0.00347222 2.5e-05 0.00130208 -0.00195312
62 2e-05 -0.00173611 0.00347222 2.5e-05 0.00130208 -0.00195312
63 2e-05 -0.00173611 0.00347222 2.5e-05 0.00130208 -0.00195312
64 2e-05 -0.00173611 0.00347222 2.5e-05 0.00130208 -0.00195312
65 2e-05 -0.00173611 0.00347222 2.5e-05 0.00130208 -0.00195312
66 2e-05 -0.00173611 0.00347222 2.5e-05 0.00130208 -0.00195312
67 2e-05 -0.00173611 0.00347222 2.5e-05 0.00130208 -0.00195312
68 2e-05 -0.00173611 0.00347222 2.5e-05 0.00130208 -0.00195312
69 2e-05 -0.00173611 0.00347222 2.5e-05 0.00130208 -0.00195312
70 2e-05 -0.00173611 0.00347222 2.5e-05 0.00130208 -0.00195312
71 2e-05 -0.00173611 0.00347222 2.5e-05 0.00130208 -0.00195312
72 2e-05 -0.00173611 0.00347222 2.5e-05 0.00130208 -0.00195312
73 2e-05 -0.00173611 0.00347222 2.5e-05 0.00130208 -0.00195312
74 2e-05 -0.00173611 0.00347222 2.5e-05 0.00130208 -0.00195312
75 2e-05 -0.00173611 0.00347222 2.5e-05 0.00130208 -0.00195312
76 2e-05 -0.00173611 0.00347222 2.5e-05 0.00130208 -0.00195312
77 2e-05 -0.00173611 0.00347222 2.5e-05 0.00130208 -0.00195312
78 2e-05 -0.00173611 0.00347222 2.5e-05 0.00130208 -0.00195312
79 2e-05 -0.00173611 0.00347222 2.5e-05 0.00130208 -0.00195312
80 2e-05 -0.00173611 0.00347222 2.5e-05 0.00130208 -0.00195312
81 2e-05 -0.00173611 0.00347222 2.5e-05 0.00130208 -0.00195312
82 2e-05 -0.00173611 0.00347222 2.5e-05 0.00130208 -0.00195312
83 2e-05 -0.00173611 0.00347222 2.5e-05 0.00130208 -0.00195312
84 2e-05 -0.00173611 0.00347222 2.5e-05 0.00130208 -0.00195312
85 2e-05 -0.00173611 0.00347222 2.5e-05 0.00130208 -0.00195312
86 2e-05 -0.00173611 0.00347222 2.5e-05 0.00130208 -0.00195312
87 2e-05 -0.00173611 0.00347222 2.5e-05 0.00130208 -0.00195312
88 2e-05 -0.00173611 0.00347222 2.5e-05 0.00130208 -0.00195312
89 2e-05 -0.00173611 0.00347222 2.5e-05 0.00130208 -0.00195312
90 2e-05 -0.00173611 0.00347222 2.5e-05 0.00130208 -0.00195312
91 2e-05 -0.00173611 0.00347222 2.5e-05 0.00130208 -0.00195312
92 2e-05 -0.00173611 0.00347222 2.5e-05 0.00130208 -0.00195312
93 2e-05 -0.00173611 0.00347222 2.5e-05 0.00130208 -0.00195312
94 2e-05 -0.00173611 0.00347222 2.5e-05 0.00130208 -0.00195312
95 2e-05 -0.00173611 0.00347222 2.5e-05 0.00130208 -0.00195312
96 2e-05 -0.00173611 0.00347222 2.5e-05 0.00130208 -0.00195312
97 2e-05 -0.00173611 0.00347222 2.5e-05 0.00130208 -0.00195312
98 2e-05 -0.00173611 0.00347222 2.5e-05 0.00130208 -0.00195312
99 2e-05 -0.00173611 0.00347222 2.5e-05 0.00130208 -0.00195312
100 2e-05 -0.00173611 0.00347222 2.5e-05 0.00130208 -0.00195312
