1 -2000 2083.33 0 2000 -2083.33 8333.33 -2000 -15000 -8333.33 2000 4.54747e-13 -9.09495e-13
2 -2000 2083.33 -9.09495e-13 2000 -2083.33 8333.33 -2000 -15000 -8333.33 2000 -2.27374e-13 9.09495e-13
3 -2000 2083.33 0 2000 -2083.33 8333.33 -2000 -15000 -8333.33 2000 -2.27374e-13 0
4 -2000 2083.33 9.09495e-13 2000 -2083.33 8333.33 -2000 -15000 -8333.33 2000 -2.27374e-13 0
5 -2000 2083.33 0 2000 -2083.33 8333.33 -2000 -15000 -8333.33 2000 -9.09495e-13 1.81899e-12
6 -2000 2083.33 0 2000 -2083.33 8333.33 -2000 -15000 -8333.33 2000 -2.27374e-13 0
7 -2000 2083.33 0 2000 -2083.33 8333.33 -2000 -15000 -8333.33 2000 4.54747e-13 -1.81899e-12
8 -2000 2083.33 0 2000 -2083.33 8333.33 -2000 -15000 -8333.33 2000 -9.09495e-13 1.81899e-12
9 -2000 2083.33 0 2000 -2083.33 8333.33 -2000 -15000 -8333.33 2000 2.27374e-13 -4.54747e-13
10 -2000 2083.33 0 2000 -2083.33 8333.33 -2000 -15000 -8333.33 2000 9.09495e-13 -1.36424e-12
11 -2000 2083.33 0 2000 -2083.33 8333.33 -2000 -15000 -8333.33 2000 -2.27374e-13 0
12 -2000 2083.33 0 2000 -2083.33 8333.33 -2000 -15000 -8333.33 2000 -2.27374e-13 0
13 -2000 2083.33 0 2000 -2083.33 8333.33 -2000 -15000 -8333.33 2000 -2.27374e-13 0
14 -2000 2083.33 0 2000 -2083.33 8333.33 -2000 -15000 -8333.33 2000 -2.27374e-13 0
15 -2000 2083.33 0 2000 -2083.33 8333.33 -2000 -15000 -8333.33 2000 -2.27374e-13 0
16 -2000 2083.33 0 2000 -2083.33 8333.33 -2000 -15000 -8333.33 2000 -2.27374e-13 0
17 -2000 2083.33 0 2000 -2083.33 8333.33 -2000 -15000 -8333.33 2000 -2.27374e-13 0
18 -2000 2083.33 0 2000 -2083.33 8333.33 -2000 -15000 -8333.33 2000 -2.27374e-13 0
19 -2000 2083.33 0 2000 -2083.33 8333.33 -2000 -15000 -8333.33 2000 -2.27374e-13 0
20 -2000 2083.33 0 2000 -2083.33 8333.33 -2000 -15000 -8333.33 2000 -2.27374e-13 0
21 -2000 2083.33 0 2000 -2083.33 8333.33 -2000 -15000 -8333.33 2000 -2.27374e-13 0
22 -2000 2083.33 0 2000 -2083.33 8333.33 -2000 -15000 -8333.33 2000 -2.27374e-13 0
23 -2000 2083.33 0 2000 -2083.33 8333.33 -2000 -15000 -8333.33 2000 -2.27374e-13 0
24 -2000 2083.33 0 2000 -2083.33 8333.33 -2000 -15000 -8333.33 2000 -2.27374e-13 0
25 -2000 2083.33 0 2000 -2083.33 8333.33 -2000 -15000 -8333.33 2000 -2.27374e-13 0
26 -2000 2083.33 0 2000 -2083.33 8333.33 -2000 -15000 -8333.33 2000 -2.27374e-13 0
27 -2000 2083.33 0 2000 -2083.33 8333.33 -2000 -15000 -8333.33 2000 -2.27374e-13 0
28 -2000 2083.33 0 2000 -2083.33 8333.33 -2000 -15000 -8333.33 2000 -2.27374e-13 0
29 -2000 2083.33 0 2000 -2083.33 8333.33 -2000 -15000 -8333.33 2000 -2.27374e-13 0
30 -2000 2083.33 0 2000 -2083.33 8333.33 -2000 -15000 -8333.33 2000 -2.27374e-13 0
31 -2000 2083.33 0 2000 -2083.33 8333.33 -2000 -15000 -8333.33 2000 -2.27374e-13 0
32 -2000 2083.33 0 2000 -2083.33 8333.33 -2000 -15000 -8333.33 2000 -2.27374e-13 0
33 -2000 2083.33 0 2000 -2083.33 8333.33 -2000 -15000 -8333.33 2000 -2.27374e-13 0
34 -2000 2083.33 0 2000 -2083.33 8333.33 -2000 -15000 -8333.33 2000 -2.27374e-13 0
35 -2000 2083.33 0 2000 -2083.33 8333.33 -2000 -15000 -8333.33 2000 -2.27374e-13 0
36 -2000 2083.33 0 2000 -2083.33 8333.33 -2000 -15000 -8333.33 2000 -2.27374e-13 0
37 -2000 2083.33 0 2000 -2083.33 8333.33 -2000 -15000 -8333.33 2000 -2.27374e-13 0
38 -2000 2083.33 0 2000 -2083.33 8333.33 -2000 -15000 -8333.33 2000 -2.27374e-13 0
39 -2000 2083.33 0 2000 -2083.33 8333.33 -2000 -15000 -8333.33 2000 -2.27374e-13 0
40 -2000 2083.33 0 2000 -2083.33 8333.33 -2000 -15000 -8333.33 2000 -2.27374e-13 0
41 -2000 2083.33 0 2000 -2083.33 8333.33 -2000 -15000 -8333.33 2000 -2.27374e-13 0
42 -2000 2083.33 0 2000 -2083.33 8333.33 -2000 -15000 -8333.33 2000 -2.27374e-13 0
43 -2000 2083.33 0 2000 -2083.33 8333.33 -2000 -15000 -8333.33 2000 -2.27374e-13 0
44 -2000 2083.33 0 2000 -2083.33 8333.33 -2000 -15000 -8333.33 2000 -2.27374e-13 0
45 -2000 2083.33 0 2000 -2083.33 8333.33 -2000 -15000 -8333.33 2000 -2.27374e-13 0
46 -2000 2083.33 0 2000 -2083.33 8333.33 -2000 -15000 -8333.33 2000 -2.27374e-13 0
47 -2000 2083.33 0 2000 -2083.33 8333.33 -2000 -15000 -8333.33 2000 -2.27374e-13 0
48 -2000 2083.33 0 2000 -2083.33 8333.33 -2000 -15000 -8333.33 2000 -2.27374e-13 0
49 -2000 2083.33 0 2000 -2083.33 8333.33 -2000 -15000 -8333.33 2000 -2.27374e-13 0
50 -2000 2083.33 0 2000 -2083.33 8333.33 -2000 -15000 -8333.33 2000 -2.27374e-13 0
51 -2000 2083.33 0 2000 -2083.33 8333.33 -2000 -15000 -8333.33 2000 -2.27374e-13 0
52 -2000 2083.33 0 2000 -2083.33 8333.33 -2000 -15000 -8333.33 2000 -2.27374e-13 0
53 -2000 2083.33 0 2000 -2083.33 8333.33 -2000 -15000 -8333.33 2000 -2.27374e-13 0
54 -2000 2083.33 0 2000 -2083.33 8333.33 -2000 -15000 -8333.33 2000 -2.27374e-13 0
55 -2000 2083.33 0 2000 -2083.33 8333.33 -2000 -15000 -8333.33 2000 -2.27374e-13 0
56 -2000 2083.33 0 2000 -2083.33 8333.33 -2000 -15000 -8333.33 2000 -2.27374e-13 0
57 -2000 2083.33 0 2000 -2083.33 8333.33 -2000 -15000 -8333.33 2000 -2.27374e-13 0
58 -2000 2083.33 0 2000 -2083.33 8333.33 -2000 -15000 -8333.33 2000 -2.27374e-13 0
59 -2000 2083.33 0 2000 -2083.33 8333.33 -2000 -15000 -8333.33 2000 -2.27374e-13 0
60 -2000 2083.33 0 2000 -2083.33 8333.33 -2000 -15000 -8333.33 2000 -2.27374e-13 0
61 -2000 2083.33 0 2000 -2083.33 8333.33 -2000 -15000 -8333.33 2000 -2.27374e-13 0
62 -2000 2083.33 0 2000 -2083.33 8333.33 -2000 -15000 -8333.33 2000 -2.27374e-13 0
63 -2000 2083.33 0 2000 -2083.33 8333.33 -2000 -15000 -8333.33 2000 -2.27374e-13 0
64 -2000 2083.33 0 2000 -2083.33 8333.33 -2000 -15000 -8333.33 2000 -2.27374e-13 0
65 -2000 2083.33 0 2000 -2083.33 8333.33 -2000 -15000 -8333.33 2000 -2.27374e-13 0
66 -2000 2083.33 0 2000 -2083.33 8333.33 -2000 -15000 -8333.33 2000 -2.27374e-13 0
67 -2000 2083.33 0 2000 -2083.33 8333.33 -2000 -15000 -8333.33 2000 -2.27374e-13 0
68 -2000 2083.33 0 2000 -2083.33 8333.33 -2000 -15000 -8333.33 2000 -2.27374e-13 0
69 -2000 2083.33 0 2000 -2083.33 8333.33 -2000 -15000 -8333.33 2000 -2.27374e-13 0
70 -2000 2083.33 0 2000 -2083.33 8333.33 -2000 -15000 -8333.33 2000 -2.27374e-13 0
71 -2000 2083.33 0 2000 -2083.33 8333.33 -2000 -15000 -8333.33 2000 -2.27374e-13 0
72 -2000 2083.33 0 2000 -2083.33 8333.33 -2000 -15000 -8333.33 2000 -2.27374e-13 0
73 -2000 2083.33 0 2000 -2083.33 8333.33 -2000 -15000 -8333.33 2000 -2.27374e-13 0
74 -2000 2083.33 0 2000 -2083.33 8333.33 -2000 -15000 -8333.33 2000 -2.27374e-13 0
75 -2000 2083.33 0 2000 -2083.33 8333.33 -2000 -15000 -8333.33 2000 -2.27374e-13 0
76 -2000 2083.33 0 2000 -2083.33 8333.33 -2000 -15000 -8333.33 2000 -2.27374e-13 0
77 -2000 2083.33 0 2000 -2083.33 8333.33 -2000 -15000 -8333.33 2000 -2.27374e-13 0
78 -2000 2083.33 0 2000 -2083.33 8333.33 -2000 -15000 -8333.33 2000 -2.27374e-13 0
79 -2000 2083.33 0 2000 -2083.33 8333.33 -2000 -15000 -8333.33 2000 -2.27374e-13 0
80 -2000 2083.33 0 2000 -2083.33 8333.33 -2000 -15000 -8333.33 2000 -2.27374e-13 0
81 -2000 2083.33 0 2000 -2083.33 8333.33 -2000 -15000 -8333.33 2000 -2.27374e-13 0
82 -2000 2083.33 0 2000 -2083.33 8333.33 -2000 -15000 -8333.33 2000 -2.27374e-13 0
83 -2000 2083.33 0 2000 -2083.33 8333.33 -2000 -15000 -8333.33 2000 -2.27374e-13 0
84 -2000 2083.33 0 2000 -2083.33 8333.33 -2000 -15000 -8333.33 2000 -2.27374e-13 0
85 -2000 2083.33 0 2000 -2083.33 8333.33 -2000 -15000 -8333.33 2000 -2.27374e-13 0
86 -2000 2083.33 0 2000 -2083.33 8333.33 -2000 -15000 -8333.33 2000 -2.27374e-13 0
87 -2000 2083.33 0 2000 -2083.33 8333.33 -2000 -15000 -8333.33 2000 -2.27374e-13 0
88 -2000 2083.33 0 2000 -2083.33 8333.33 -2000 -15000 -8333.33 2000 -2.27374e-13 0
89 -2000 2083.33 0 2000 -2083.33 8333.33 -2000 -15000 -8333.33 2000 -2.27374e-13 0
90 -2000 2083.33 0 2000 -2083.33 8333.33 -2000 -15000 -8333.33 2000 -2.27374e-13 0
91 -2000 2083.33 0 2000 -2083.33 8333.33 -2000 -15000 -8333.33 2000 -2.27374e-13 0
92 -2000 2083.33 0 2000 -2083.33 8333.33 -2000 -15000 -8333.33 2000 -2.27374e-13 0
93 -2000 2083.33 0 2000 -2083.33 8333.33 -2000 -15000 -8333.33 2000 -2.27374e-13 0
94 -2000 2083.33 0 2000 -2083.33 8333.33 -2000 -15000 -8333.33 2000 -2.27374e-13 0
95 -2000 2083.33 0 2000 -2083.33 8333.33 -2000 -15000 -8333.33 2000 -2.27374e-13 0
96 -2000 2083.33 0 2000 -2083.33 8333.33 -2000 -15000 -8333.33 2000 -2.27374e-13 0
97 -2000 2083.33 0 2000 -2083.33 8333.33 -2000 -15000 -8333.33 2000 -2.27374e-13 0
98 -2000 2083.33 0 2000 -2083.33 8333.33 -2000 -15000 -8333.33 2000 -2.27374e-13 0
99 -2000 2083.33 0 2000 -2083.33 8333.33 -2000 -15000 -8333.33 2000 -2.27374e-13 0
100 -2000 2083.33 0 2000 -2083.33 8333.33 -2000 -15000 -8333.33 2000 -2.27374e-13 0
