1 0 0 -0.00173611 2e-05 0 0.00347222 4.5e-05 0.0108507 0.000217014
2 0 0 -0.00173611 2e-05 0 0.00347222 4.5e-05 0.0108507 0.000217014
3 0 0 -0.00173611 2e-05 0 0.00347222 4.5e-05 0.0108507 0.000217014
4 0 0 -0.00173611 2e-05 0 0.00347222 4.5e-05 0.0108507 0.000217014
5 0 0 -0.00173611 2e-05 0 0.00347222 4.5e-05 0.0108507 0.000217014
6 0 0 -0.00173611 2e-05 0 0.00347222 4.5e-05 0.0108507 0.000217014
7 0 0 -0.00173611 2e-05 0 0.00347222 4.5e-05 0.0108507 0.000217014
8 0 0 -0.00173611 2e-05 0 0.00347222 4.5e-05 0.0108507 0.000217014
9 0 0 -0.00173611 2e-05 0 0.00347222 4.5e-05 0.0108507 0.000217014
10 0 0 -0.00173611 2e-05 0 0.00347222 4.5e-05 0.0108507 0.000217014
11 0 0 -0.00173611 2e-05 0 0.00347222 4.5e-05 0.0108507 0.000217014
12 0 0 -0.00173611 2e-05 0 0.00347222 4.5e-05 0.0108507 0.000217014
13 0 0 -0.00173611 2e-05 0 0.00347222 4.5e-05 0.0108507 0.000217014
14 0 0 -0.00173611 2e-05 0 0.00347222 4.5e-05 0.0108507 0.000217014
15 0 0 -0.00173611 2e-05 0 0.00347222 4.5e-05 0.0108507 0.000217014
16 0 0 -0.00173611 2e-05 0 0.00347222 4.5e-05 0.0108507 0.000217014
17 0 0 -0.00173611 2e-05 0 0.00347222 4.5e-05 0.0108507 0.000217014
18 0 0 -0.00173611 2e-05 0 0.00347222 4.5e-05 0.0108507 0.000217014
19 0 0 -0.00173611 2e-05 0 0.00347222 4.5e-05 0.0108507 0.000217014
20 0 0 -0.00173611 2e-05 0 0.00347222 4.5e-05 0.0108507 0.000217014
21 0 0 -0.00173611 2e-05 0 0.00347222 4.5e-05 0.0108507 0.000217014
22 0 0 -0.00173611 2e-05 0 0.00347222 4.5e-05 0.0108507 0.000217014
23 0 0 -0.00173611 2e-05 0 0.00347222 4.5e-05 0.0108507 0.000217014
24 0 0 -0.00173611 2e-05 0 0.00347222 4.5e-05 0.0108507 0.000217014
25 0 0 -0.00173611 2e-05 0 0.00347222 4.5e-05 0.0108507 0.000217014
26 0 0 -0.00173611 2e-05 0 0.00347222 4.5e-05 0.0108507 0.000217014
27 0 0 -0.00173611 2e-05 0 0.00347222 4.5e-05 0.0108507 0.000217014
28 0 0 -0.00173611 2e-05 0 0.00347222 4.5e-05 0.0108507 0.000217014
29 0 0 -0.00173611 2e-05 0 0.00347222 4.5e-05 0.0108507 0.000217014
30 0 0 -0.00173611 2e-05 0 0.00347222 4.5e-05 0.0108507 0.000217014
31 0 0 -0.00173611 2e-05 0 0.00347222 4.5e-05 0.0108507 0.000217014
32 0 0 -0.00173611 2e-05 0 0.00347222 4.5e-05 0.0108507 0.000217014
33 0 0 -0.00173611 2e-05 0 0.00347222 4.5e-05 0.0108507 0.000217014
34 0 0 -0.00173611 2e-05 0 0.00347222 4.5e-05 0.0108507 0.000217014
35 0 0 -0.00173611 2e-05 0 0.00347222 4.5e-05 0.0108507 0.000217014
36 0 0 -0.00173611 2e-05 0 0.00347222 4.5e-05 0.0108507 0.000217014
37 0 0 -0.00173611 2e-05 0 0.00347222 4.5e-05 0.0108507 0.000217014
38 0 0 -0.00173611 2e-05 0 0.00347222 4.5e-05 0.0108507 0.000217014
39 0 0 -0.00173611 2e-05 0 0.00347222 4.5e-05 0.0108507 0.000217014
40 0 0 -0.00173611 2e-05 0 0.00347222 4.5e-05 0.0108507 0.000217014
41 0 0 -0.00173611 2e-05 0 0.00347222 4.5e-05 0.0108507 0.000217014
42 0 0 -0.00173611 2e-05 0 0.00347222 4.5e-05 0.0108507 0.000217014
43 0 0 -0.00173611 2e-05 0 0.00347222 4.5e-05 0.0108507 0.000217014
44 0 0 -0.00173611 2e-05 0 0.00347222 4.5e-05 0.0108507 0.000217014
45 0 0 -0.00173611 2e-05 0 0.00347222 4.5e-05 0.0108507 0.000217014
46 0 0 -0.00173611 2e-05 0 0.00347222 4.5e-05 0.0108507 0.000217014
47 0 0 -0.00173611 2e-05 0 0.00347222 4.5e-05 0.0108507 0.000217014
48 0 0 -0.00173611 2e-05 0 0.00347222 4.5e-05 0.0108507 0.000217014
49 0 0 -0.00173611 2e-05 0 0.00347222 4.5e-05 0.0108507 0.000217014
50 0 0 -0.00173611 2e-05 0 0.00347222 4.5e-05 0.0108507 0.000217014
51 0 0 -0.00173611 2e-05 0 0.00347222 4.5e-05 0.0108507 0.000217014
52 0 0 -0.00173611 2e-05 0 0.00347222 4.5e-05 0.0108507 0.000217014
53 0 0 -0.00173611 2e-05 0 0.00347222 4.5e-05 0.0108507 0.000217014
54 0 0 -0.00173611 2e-05 0 0.00347222 4.5e-05 0.0108507 0.000217014
55 0 0 -0.00173611 2e-05 0 0.00347222 4.5e-05 0.0108507 0.000217014
56 0 0 -0.00173611 2e-05 0 0.00347222 4.5e-05 0.0108507 0.000217014
57 0 0 -0.00173611 2e-05 0 0.00347222 4.5e-05 0.0108507 0.000217014
58 0 0 -0.00173611 2e-05 0 0.00347222 4.5e-05 0.0108507 0.000217014
59 0 0 -0.00173611 2e-05 0 0.00347222 4.5e-05 0.0108507 0.000217014
60 0 0 -0.00173611 2e-05 0 0.00347222 4.5e-05 0.0108507 0.000217014
61 0 0 -0.00173611 2e-05 0 0.00347222 4.5e-05 0.0108507 0.000217014
62 0 0 -0.00173611 2e-05 0 0.00347222 4.5e-05 0.0108507 0.000217014
63 0 0 -0.00173611 2e-05 0 0.00347222 4.5e-05 0.0108507 0.000217014
64 0 0 -0.00173611 2e-05 0 0.00347222 4.5e-05 0.0108507 0.000217014
65 0 0 -0.00173611 2e-05 0 0.00347222 4.5e-05 0.0108507 0.000217014
66 0 0 -0.00173611 2e-05 0 0.00347222 4.5e-05 0.0108507 0.000217014
67 0 0 -0.00173611 2e-05 0 0.00347222 4.5e-05 0.0108507 0.000217014
68 0 0 -0.00173611 2e-05 0 0.00347222 4.5e-05 0.0108507 0.000217014
69 0 0 -0.00173611 2e-05 0 0.00347222 4.5e-05 0.0108507 0.000217014
70 0 0 -0.00173611 2e-05 0 0.00347222 4.5e-05 0.0108507 0.000217014
71 0 0 -0.00173611 2e-05 0 0.00347222 4.5e-05 0.0108507 0.000217014
72 0 0 -0.00173611 2e-05 0 0.00347222 4.5e-05 0.0108507 0.000217014
73 0 0 -0.00173611 2e-05 0 0.00347222 4.5e-05 0.0108507 0.000217014
74 0 0 -0.00173611 2e-05 0 0.00347222 4.5e-05 0.0108507 0.000217014
75 0 0 -0.00173611 2e-05 0 0.00347222 4.5e-05 0.0108507 0.000217014
76 0 0 -0.00173611 2e-05 0 0.00347222 4.5e-05 0.0108507 0.000217014
77 0 0 -0.00173611 2e-05 0 0.00347222 4.5e-05 0.0108507 0.000217014
78 0 0 -0.00173611 2e-05 0 0.00347222 4.5e-05 0.0108507 0.000217014
79 0 0 -0.00173611 2e-05 0 0.00347222 4.5e-05 0.0108507 0.000217014
80 0 0 -0.00173611 2e-05 0 0.00347222 4.5e-05 0.0108507 0.000217014
81 0 0 -0.00173611 2e-05 0 0.00347222 4.5e-05 0.0108507 0.000217014
82 0 0 -0.00173611 2e-05 0 0.00347222 4.5e-05 0.0108507 0.000217014
83 0 0 -0.00173611 2e-05 0 0.00347222 4.5e-05 0.0108507 0.000217014
84 0 0 -0.00173611 2e-05 0 0.00347222 4.5e-05 0.0108507 0.000217014
85 0 0 -0.00173611 2e-05 0 0.00347222 4.5e-05 0.0108507 0.000217014
86 0 0 -0.00173611 2e-05 0 0.00347222 4.5e-05 0.0108507 0.000217014
87 0 0 -0.00173611 2e-05 0 0.00347222 4.5e-05 0.0108507 0.000217014
88 0 0 -0.00173611 2e-05 0 0.00347222 4.5e-05 0.0108507 0.000217014
89 0 0 -0.00173611 2e-05 0 0.00347222 4.5e-05 0.0108507 0.000217014
90 0 0 -0.00173611 2e-05 0 0.00347222 4.5e-05 0.0108507 0.000217014
91 0 0 -0.00173611 2e-05 0 0.00347222 4.5e-05 0.0108507 0.000217014
92 0 0 -0.00173611 2e-05 0 0.00347222 4.5e-05 0.0108507 0.000217014
93 0 0 -0.00173611 2e-05 0 0.00347222 4.5e-05 0.0108507 0.000217014
94 0 0 -0.00173611 2e-05 0 0.00347222 4.5e-05 0.0108507 0.000217014
95 0 0 -0.00173611 2e-05 0 0.00347222 4.5e-05 0.0108507 0.000217014
96 0 0 -0.00173611 2e-05 0 0.00347222 4.5e-05 0.0108507 0.000217014
97 0 0 -0.00173611 2e-05 0 0.00347222 4.5e-05 0.0108507 0.000217014
98 0 0 -0.00173611 2e-05 0 0.00347222 4.5e-05 0.0108507 0.000217014
99 0 0 -0.00173611 2e-05 0 0.00347222 4.5e-05 0.0108507 0.000217014
100 0 0 -0.00173611 2e-05 0 0.00347222 4.5e-05 0.0108507 0.000217014
